0 0.1 0.7947916666666667 0.1875 0.19583333333333333
0 0.3645833333333333 0.8708333333333333 0.23333333333333334 0.20625
0 0.7885416666666667 0.8520833333333333 0.26145833333333335 0.18854166666666666
0 0.20833333333333334 0.64375 0.14479166666666668 0.09583333333333334
0 0.29375 0.5791666666666667 0.090625 0.05416666666666667
0 0.3229166666666667 0.5416666666666666 0.07395833333333333 0.0375
0 0.3697916666666667 0.50625 0.06458333333333334 0.03125
0 0.40520833333333334 0.7229166666666667 0.15625 0.11145833333333334
0 0.678125 0.7072916666666667 0.165625 0.10208333333333333
0 0.41458333333333336 0.6354166666666666 0.12916666666666668 0.06875
0 0.43125 0.578125 0.096875 0.058333333333333334
0 0.6541666666666667 0.615625 0.13854166666666667 0.09166666666666666
0 0.4625 0.5489583333333333 0.06666666666666667 0.035416666666666666
0 0.46875 0.525 0.06354166666666666 0.023958333333333335
0 0.603125 0.5479166666666667 0.12395833333333334 0.10104166666666667
0 0.5447916666666667 0.47604166666666664 0.06979166666666667 0.052083333333333336