0 0.31666666666666665 0.8364583333333333 0.18125 0.26458333333333334
0 0.6916666666666667 0.8791666666666667 0.19166666666666668 0.24166666666666667
0 0.3625 0.7114583333333333 0.16979166666666667 0.24270833333333333
0 0.3541666666666667 0.5770833333333333 0.1375 0.175
0 0.3729166666666667 0.5135416666666667 0.09895833333333333 0.12291666666666666
0 0.38958333333333334 0.4395833333333333 0.10833333333333334 0.171875
0 0.6822916666666666 0.6833333333333333 0.16666666666666666 0.23229166666666667
0 0.6208333333333333 0.5958333333333333 0.121875 0.184375
0 0.5708333333333333 0.37604166666666666 0.040625 0.11875
0 0.709375 0.3458333333333333 0.058333333333333334 0.10729166666666666
0 0.4375 0.3375 0.058333333333333334 0.1
0 0.09479166666666666 0.353125 0.08020833333333334 0.11145833333333334
0 0.16145833333333334 0.31875 0.05625 0.084375
0 0.19895833333333332 0.309375 0.05 0.08020833333333334
0 0.65 0.43645833333333334 0.1375 0.2760416666666667
0 0.45625 0.2833333333333333 0.06354166666666666 0.16145833333333334