0 0.153125 0.7083333333333334 0.20625 0.134375
0 0.2625 0.6229166666666667 0.1125 0.06458333333333334
0 0.28958333333333336 0.5770833333333333 0.09270833333333334 0.046875
0 0.3416666666666667 0.53125 0.07083333333333333 0.035416666666666666
0 0.3625 0.890625 0.25104166666666666 0.21875
0 0.4083333333333333 0.7427083333333333 0.16770833333333332 0.11041666666666666
0 0.415625 0.6489583333333333 0.11979166666666667 0.07291666666666667
0 0.43125 0.5854166666666667 0.09791666666666667 0.05416666666666667
0 0.46458333333333335 0.5645833333333333 0.075 0.041666666666666664
0 0.8166666666666667 0.8989583333333333 0.2875 0.19791666666666666
0 0.6927083333333334 0.7364583333333333 0.165625 0.11458333333333333
0 0.65625 0.6260416666666667 0.11979166666666667 0.09166666666666666
0 0.6072916666666667 0.5583333333333333 0.12083333333333333 0.11041666666666666