0 0.3020833333333333 0.81875 0.184375 0.26875
0 0.34375 0.6145833333333334 0.12395833333333334 0.15208333333333332
0 0.38645833333333335 0.525 0.12916666666666668 0.2
0 0.10104166666666667 0.34270833333333334 0.08229166666666667 0.13125
0 0.18854166666666666 0.315625 0.06458333333333334 0.0875
0 0.740625 0.3927083333333333 0.096875 0.13125
0 0.39791666666666664 0.3854166666666667 0.0875 0.0875
0 0.4125 0.36354166666666665 0.08333333333333333 0.10729166666666666
0 0.4354166666666667 0.34479166666666666 0.06145833333333333 0.10833333333333334
0 0.6041666666666666 0.43020833333333336 0.08020833333333334 0.13125
0 0.58125 0.3645833333333333 0.07083333333333333 0.1125
0 0.6645833333333333 0.8260416666666667 0.19270833333333334 0.24583333333333332
0 0.6833333333333333 0.5875 0.15729166666666666 0.4
0 0.45 0.29583333333333334 0.07395833333333333 0.18645833333333334
0 0.5614583333333333 0.31145833333333334 0.058333333333333334 0.121875
0 0.019791666666666666 0.42604166666666665 0.03958333333333333 0.1625