0 0.3541666666666667 0.8989583333333333 0.2708333333333333 0.20208333333333334
0 0.15 0.7104166666666667 0.196875 0.13333333333333333
0 0.259375 0.625 0.115625 0.06875
0 0.290625 0.58125 0.10104166666666667 0.04375
0 0.34375 0.534375 0.07291666666666667 0.03958333333333333
0 0.3645833333333333 0.5177083333333333 0.04479166666666667 0.027083333333333334
0 0.4010416666666667 0.7520833333333333 0.17916666666666667 0.12083333333333333
0 0.41354166666666664 0.6489583333333333 0.12395833333333334 0.07916666666666666
0 0.4322916666666667 0.584375 0.09895833333333333 0.05625
0 0.46458333333333335 0.5635416666666667 0.07604166666666666 0.041666666666666664
0 0.8177083333333334 0.9 0.29583333333333334 0.2
0 0.6916666666666667 0.7354166666666667 0.17083333333333334 0.11875
0 0.6583333333333333 0.63125 0.125 0.10104166666666667
0 0.6052083333333333 0.55625 0.12916666666666668 0.10833333333333334