0 0.2677083333333333 0.8854166666666666 0.20208333333333334 0.228125
0 0.68125 0.8979166666666667 0.209375 0.203125
0 0.33125 0.6614583333333334 0.12708333333333333 0.171875
0 0.38333333333333336 0.55625 0.13958333333333334 0.21875
0 0.035416666666666666 0.3958333333333333 0.06979166666666667 0.14479166666666668
0 0.128125 0.32916666666666666 0.07708333333333334 0.13125
0 0.20729166666666668 0.3104166666666667 0.06041666666666667 0.08645833333333333
0 0.75625 0.409375 0.09895833333333333 0.13541666666666666
0 0.6104166666666667 0.45625 0.08958333333333333 0.15104166666666666
0 0.5895833333333333 0.3770833333333333 0.07604166666666666 0.1125
0 0.3958333333333333 0.42604166666666665 0.09166666666666666 0.13229166666666667
0 0.4083333333333333 0.378125 0.08541666666666667 0.11979166666666667
0 0.434375 0.3541666666666667 0.065625 0.10833333333333334
0 0.69375 0.640625 0.209375 0.43333333333333335
0 0.44375 0.296875 0.07395833333333333 0.184375
0 0.5625 0.315625 0.0625 0.12708333333333333