0 0.3145833333333333 0.7104166666666667 0.1375 0.18333333333333332
0 0.371875 0.5885416666666666 0.14583333333333334 0.225
0 0.05416666666666667 0.37916666666666665 0.07916666666666666 0.13333333333333333
0 0.020833333333333332 0.40208333333333335 0.041666666666666664 0.11666666666666667
0 0.15 0.3177083333333333 0.06770833333333333 0.11770833333333333
0 0.22083333333333333 0.309375 0.05416666666666667 0.07916666666666666
0 0.7729166666666667 0.42604166666666665 0.10416666666666667 0.14479166666666668
0 0.6208333333333333 0.47708333333333336 0.11666666666666667 0.15208333333333332
0 0.5958333333333333 0.38333333333333336 0.075 0.115625
0 0.39375 0.44479166666666664 0.1 0.146875
0 0.40520833333333334 0.38645833333333335 0.0875 0.115625
0 0.7 0.71875 0.18854166666666666 0.47708333333333336
0 0.4395833333333333 0.30520833333333336 0.07604166666666666 0.19479166666666667
0 0.5604166666666667 0.315625 0.06666666666666667 0.13854166666666667