0 0.30625 0.8739583333333333 0.19583333333333333 0.2520833333333333
0 0.35520833333333335 0.7458333333333333 0.175 0.246875
0 0.35 0.5989583333333334 0.14166666666666666 0.17708333333333334
0 0.3729166666666667 0.5270833333333333 0.096875 0.13020833333333334
0 0.39166666666666666 0.45416666666666666 0.11145833333333334 0.16875
0 0.43125 0.3375 0.058333333333333334 0.103125
0 0.029166666666666667 0.4125 0.052083333333333336 0.17291666666666666
0 0.1125 0.3416666666666667 0.07604166666666666 0.10729166666666666
0 0.17083333333333334 0.31666666666666665 0.04791666666666667 0.07916666666666666
0 0.21458333333333332 0.31145833333333334 0.05416666666666667 0.08125
0 0.690625 0.715625 0.17708333333333334 0.24166666666666667
0 0.6333333333333333 0.6208333333333333 0.14791666666666667 0.2
0 0.5677083333333334 0.33958333333333335 0.05416666666666667 0.09479166666666666
0 0.7135416666666666 0.3541666666666667 0.06979166666666667 0.10833333333333334
0 0.7083333333333334 0.9104166666666667 0.20625 0.17708333333333334
0 0.65 0.45 0.134375 0.284375
0 0.45625 0.28541666666666665 0.0625 0.16145833333333334