0 0.625 0.7583333333333333 0.17604166666666668 0.23958333333333334
0 0.6572916666666667 0.6208333333333333 0.13958333333333334 0.19791666666666666
0 0.65 0.50625 0.13333333333333333 0.165625
0 0.590625 0.4822916666666667 0.08958333333333333 0.15
0 0.5625 0.34479166666666666 0.04375 0.1
0 0.703125 0.32916666666666666 0.046875 0.0875
0 0.33541666666666664 0.6916666666666667 0.15833333333333333 0.21770833333333334
0 0.37395833333333334 0.5958333333333333 0.134375 0.19583333333333333
0 0.3802083333333333 0.5083333333333333 0.13125 0.12916666666666668
0 0.3729166666666667 0.45 0.12604166666666666 0.109375
0 0.40520833333333334 0.37083333333333335 0.08958333333333333 0.13854166666666667
0 0.025 0.4083333333333333 0.04791666666666667 0.12916666666666668
0 0.06458333333333334 0.3572916666666667 0.075 0.10729166666666666
0 0.1125 0.33958333333333335 0.06875 0.103125
0 0.15 0.3229166666666667 0.058333333333333334 0.10416666666666667
0 0.19166666666666668 0.309375 0.05 0.08854166666666667
0 0.6302083333333334 0.33541666666666664 0.103125 0.175
0 0.459375 0.2791666666666667 0.057291666666666664 0.14375
0 0.5520833333333334 0.30416666666666664 0.05416666666666667 0.09583333333333334