0 0.7166666666666667 0.8447916666666667 0.20208333333333334 0.2791666666666667
0 0.6479166666666667 0.70625 0.16875 0.21666666666666667
0 0.575 0.35 0.06875 0.103125
0 0.725 0.37083333333333335 0.08125 0.125
0 0.325 0.8677083333333333 0.20833333333333334 0.259375
0 0.3333333333333333 0.690625 0.16145833333333334 0.21458333333333332
0 0.36041666666666666 0.5677083333333334 0.11041666666666666 0.146875
0 0.38958333333333334 0.490625 0.12395833333333334 0.19583333333333333
0 0.4197916666666667 0.34791666666666665 0.06666666666666667 0.10625
0 0.4395833333333333 0.33125 0.05625 0.09895833333333333
0 0.06145833333333333 0.3729166666666667 0.0875 0.15416666666666667
0 0.15208333333333332 0.32708333333333334 0.07083333333333333 0.1
0 0.20208333333333334 0.31145833333333334 0.03958333333333333 0.078125
0 0.23229166666666667 0.30104166666666665 0.04375 0.06770833333333333
0 0.6604166666666667 0.5072916666666667 0.14375 0.31979166666666664
0 0.453125 0.28854166666666664 0.06354166666666666 0.165625