0 0.32708333333333334 0.728125 0.16666666666666666 0.23020833333333332
0 0.63125 0.8072916666666666 0.1875 0.25729166666666664
0 0.6614583333333334 0.6479166666666667 0.14895833333333333 0.20520833333333333
0 0.659375 0.5229166666666667 0.12604166666666666 0.16354166666666667
0 0.6 0.49270833333333336 0.1 0.15104166666666666
0 0.565625 0.3458333333333333 0.041666666666666664 0.103125
0 0.703125 0.33541666666666664 0.04583333333333333 0.0875
0 0.035416666666666666 0.3927083333333333 0.06770833333333333 0.128125
0 0.08229166666666667 0.346875 0.07395833333333333 0.103125
0 0.128125 0.33541666666666664 0.06458333333333334 0.096875
0 0.15833333333333333 0.3177083333333333 0.058333333333333334 0.10520833333333333
0 0.2 0.30833333333333335 0.041666666666666664 0.0875
0 0.365625 0.6166666666666667 0.13958333333333334 0.21145833333333333
0 0.3802083333333333 0.5395833333333333 0.13645833333333332 0.15833333333333333
0 0.3697916666666667 0.459375 0.11145833333333334 0.11354166666666667
0 0.4010416666666667 0.38333333333333336 0.09375 0.14895833333333333
0 0.6333333333333333 0.346875 0.10208333333333333 0.19270833333333334
0 0.45729166666666665 0.275 0.058333333333333334 0.14479166666666668
0 0.5520833333333334 0.30104166666666665 0.04895833333333333 0.11041666666666666