0 0.2916666666666667 0.93125 0.2375 0.13645833333333332
0 0.6947916666666667 0.928125 0.2125 0.14375
0 0.6177083333333333 0.7229166666666667 0.17395833333333333 0.23125
0 0.653125 0.6 0.13333333333333333 0.18645833333333334
0 0.6427083333333333 0.4947916666666667 0.12916666666666668 0.16666666666666666
0 0.5875 0.46770833333333334 0.08958333333333333 0.14583333333333334
0 0.5645833333333333 0.33958333333333335 0.0375 0.09895833333333333
0 0.7 0.32708333333333334 0.04479166666666667 0.08958333333333333
0 0.34270833333333334 0.6604166666666667 0.15104166666666666 0.20520833333333333
0 0.37916666666666665 0.578125 0.13229166666666667 0.19270833333333334
0 0.3802083333333333 0.478125 0.13125 0.0875
0 0.37083333333333335 0.43854166666666666 0.10833333333333334 0.09791666666666667
0 0.40729166666666666 0.36875 0.08958333333333333 0.13541666666666666
0 0.04375 0.36875 0.078125 0.11041666666666666
0 0.09479166666666666 0.346875 0.07083333333333333 0.10833333333333334
0 0.13541666666666666 0.32395833333333335 0.0625 0.109375
0 0.184375 0.31354166666666666 0.058333333333333334 0.09270833333333334
0 0.6291666666666667 0.32708333333333334 0.096875 0.17708333333333334
0 0.459375 0.275 0.05625 0.134375
0 0.5541666666666667 0.3 0.052083333333333336 0.09375