0 0.35833333333333334 0.684375 0.175 0.22395833333333334
0 0.051041666666666666 0.37916666666666665 0.07708333333333334 0.1375
0 0.12083333333333333 0.3416666666666667 0.07708333333333334 0.10729166666666666
0 0.221875 0.30104166666666665 0.041666666666666664 0.071875
0 0.375 0.521875 0.125 0.165625
0 0.41458333333333336 0.48020833333333335 0.09583333333333334 0.159375
0 0.38333333333333336 0.40729166666666666 0.09375 0.06875
0 0.42604166666666665 0.33541666666666664 0.07916666666666666 0.12083333333333333
0 0.6822916666666666 0.8520833333333333 0.21041666666666667 0.2947916666666667
0 0.6520833333333333 0.6864583333333333 0.15729166666666666 0.20104166666666667
0 0.5958333333333333 0.5635416666666667 0.1375 0.18333333333333332
0 0.6333333333333333 0.49583333333333335 0.11145833333333334 0.15416666666666667
0 0.6104166666666667 0.409375 0.1125 0.10625
0 0.578125 0.40208333333333335 0.08229166666666667 0.121875
0 0.609375 0.3 0.08541666666666667 0.16666666666666666
0 0.45625 0.28125 0.052083333333333336 0.125
0 0.15625 0.30416666666666664 0.06979166666666667 0.12604166666666666
0 0.31979166666666664 0.909375 0.18125 0.18125