0 0.2864583333333333 0.859375 0.1875 0.26979166666666665
0 0.3375 0.6375 0.12604166666666666 0.16354166666666667
0 0.38333333333333336 0.540625 0.12916666666666668 0.203125
0 0.39479166666666665 0.4083333333333333 0.09375 0.11041666666666666
0 0.41041666666666665 0.371875 0.08125 0.11041666666666666
0 0.434375 0.35 0.06458333333333334 0.11770833333333333
0 0.027083333333333334 0.4114583333333333 0.051041666666666666 0.14791666666666667
0 0.11458333333333333 0.33541666666666664 0.075 0.13125
0 0.196875 0.3125 0.059375 0.08229166666666667
0 0.6729166666666667 0.871875 0.19791666666666666 0.24479166666666666
0 0.60625 0.44166666666666665 0.084375 0.1375
0 0.5864583333333333 0.3697916666666667 0.07291666666666667 0.1125
0 0.7479166666666667 0.390625 0.096875 0.12916666666666668
0 0.6895833333333333 0.6145833333333334 0.165625 0.41354166666666664
0 0.44375 0.29583333333333334 0.07708333333333334 0.18333333333333332
0 0.5645833333333333 0.3145833333333333 0.0625 0.125