0 0.278125 0.8895833333333333 0.203125 0.22083333333333333
0 0.3375 0.7489583333333333 0.16666666666666666 0.24375
0 0.3729166666666667 0.6489583333333333 0.15416666666666667 0.22395833333333334
0 0.36041666666666666 0.5333333333333333 0.12916666666666668 0.15104166666666666
0 0.3927083333333333 0.4239583333333333 0.10416666666666667 0.16666666666666666
0 0.44375 0.32916666666666666 0.05416666666666667 0.1
0 0.6708333333333333 0.784375 0.171875 0.23125
0 0.671875 0.6177083333333333 0.15520833333333334 0.20833333333333334
0 0.61875 0.5614583333333333 0.11458333333333333 0.178125
0 0.5666666666666667 0.3614583333333333 0.05520833333333333 0.109375
0 0.7125 0.3375 0.04479166666666667 0.11041666666666666
0 0.06041666666666667 0.3697916666666667 0.08541666666666667 0.11875
0 0.08958333333333333 0.346875 0.06458333333333334 0.103125
0 0.14166666666666666 0.325 0.053125 0.09270833333333334
0 0.178125 0.3145833333333333 0.057291666666666664 0.08958333333333333
0 0.228125 0.303125 0.034375 0.065625
0 0.6489583333333333 0.40208333333333335 0.13645833333333332 0.240625
0 0.4583333333333333 0.2833333333333333 0.07083333333333333 0.15625
0 0.55625 0.30416666666666664 0.058333333333333334 0.10625