0 0.30520833333333336 0.7364583333333333 0.14166666666666666 0.17916666666666667
0 0.06979166666666667 0.365625 0.071875 0.12916666666666668
0 0.03125 0.3875 0.059375 0.12291666666666666
0 0.159375 0.31145833333333334 0.06458333333333334 0.11145833333333334
0 0.22604166666666667 0.30625 0.05625 0.075
0 0.7791666666666667 0.43854166666666666 0.10833333333333334 0.16666666666666666
0 0.6239583333333333 0.4895833333333333 0.1125 0.15833333333333333
0 0.6020833333333333 0.39166666666666666 0.075 0.12291666666666666
0 0.5875 0.3572916666666667 0.065625 0.09270833333333334
0 0.36875 0.6052083333333333 0.14895833333333333 0.228125
0 0.38958333333333334 0.4479166666666667 0.103125 0.146875
0 0.40625 0.3927083333333333 0.090625 0.121875
0 0.4354166666666667 0.30833333333333335 0.07083333333333333 0.2
0 0.5645833333333333 0.3145833333333333 0.06458333333333334 0.14166666666666666
0 0.703125 0.7541666666666667 0.240625 0.48541666666666666