0 0.3541666666666667 0.8989583333333333 0.26666666666666666 0.20208333333333334
0 0.15104166666666666 0.7104166666666667 0.203125 0.13541666666666666
0 0.2604166666666667 0.625 0.1125 0.06875
0 0.28958333333333336 0.5802083333333333 0.09270833333333334 0.04791666666666667
0 0.34270833333333334 0.5333333333333333 0.06770833333333333 0.0375
0 0.4083333333333333 0.746875 0.16875 0.11875
0 0.415625 0.65 0.12291666666666666 0.07708333333333334
0 0.434375 0.5864583333333333 0.09583333333333334 0.05625
0 0.46458333333333335 0.565625 0.075 0.03958333333333333
0 0.821875 0.9010416666666666 0.28854166666666664 0.19791666666666666
0 0.6947916666666667 0.7385416666666667 0.17291666666666666 0.11666666666666667
0 0.6552083333333333 0.628125 0.125 0.09166666666666666
0 0.6072916666666667 0.5583333333333333 0.12083333333333333 0.103125