0 0.15520833333333334 0.7052083333333333 0.1875 0.128125
0 0.275 0.6114583333333333 0.11354166666666667 0.06041666666666667
0 0.296875 0.565625 0.10416666666666667 0.0375
0 0.34791666666666665 0.5322916666666667 0.06979166666666667 0.035416666666666666
0 0.36666666666666664 0.8822916666666667 0.23854166666666668 0.209375
0 0.403125 0.7375 0.16979166666666667 0.11666666666666667
0 0.41354166666666664 0.6479166666666667 0.121875 0.07083333333333333
0 0.428125 0.5875 0.09791666666666667 0.05416666666666667
0 0.4666666666666667 0.5666666666666667 0.075 0.041666666666666664
0 0.81875 0.9 0.2875 0.2
0 0.6854166666666667 0.734375 0.15416666666666667 0.11458333333333333
0 0.65 0.625 0.13020833333333334 0.09375
0 0.6083333333333333 0.55625 0.11979166666666667 0.103125