0 0.16041666666666668 0.7052083333333333 0.19583333333333333 0.13229166666666667
0 0.26979166666666665 0.6104166666666667 0.109375 0.06458333333333334
0 0.3 0.5697916666666667 0.0875 0.04375
0 0.34375 0.5333333333333333 0.065625 0.0375
0 0.36041666666666666 0.88125 0.246875 0.2125
0 0.409375 0.7375 0.15416666666666667 0.11145833333333334
0 0.4166666666666667 0.6479166666666667 0.125 0.07395833333333333
0 0.43333333333333335 0.584375 0.09479166666666666 0.05416666666666667
0 0.465625 0.5635416666666667 0.08020833333333334 0.041666666666666664
0 0.8208333333333333 0.8989583333333333 0.2864583333333333 0.20208333333333334
0 0.6875 0.7375 0.15729166666666666 0.11145833333333334
0 0.653125 0.628125 0.125 0.09583333333333334
0 0.60625 0.559375 0.115625 0.10833333333333334