0 0.17083333333333334 0.6875 0.17916666666666667 0.12291666666666666
0 0.275 0.603125 0.10520833333333333 0.06041666666666667
0 0.30520833333333336 0.5645833333333333 0.07291666666666667 0.03958333333333333
0 0.3458333333333333 0.534375 0.07291666666666667 0.0375
0 0.6583333333333333 0.625 0.13125 0.09166666666666666
0 0.678125 0.715625 0.14166666666666666 0.10208333333333333
0 0.8197916666666667 0.896875 0.28958333333333336 0.20416666666666666
0 0.46770833333333334 0.5635416666666667 0.06770833333333333 0.0375
0 0.42916666666666664 0.5875 0.08333333333333333 0.05416666666666667
0 0.41458333333333336 0.6458333333333334 0.11770833333333333 0.06666666666666667
0 0.409375 0.728125 0.16041666666666668 0.10625
0 0.3697916666666667 0.8802083333333334 0.253125 0.21354166666666666
0 0.603125 0.5583333333333333 0.12916666666666668 0.10520833333333333