0 0.70625 0.7979166666666667 0.190625 0.265625
0 0.6416666666666667 0.6729166666666667 0.1625 0.20625
0 0.7208333333333333 0.36354166666666665 0.07395833333333333 0.10729166666666666
0 0.578125 0.39791666666666664 0.051041666666666666 0.12083333333333333
0 0.5729166666666666 0.34791666666666665 0.06354166666666666 0.1
0 0.28020833333333334 0.9322916666666666 0.22291666666666668 0.13541666666666666
0 0.33541666666666664 0.8333333333333334 0.19375 0.2791666666666667
0 0.33958333333333335 0.6458333333333334 0.15416666666666667 0.18020833333333333
0 0.3645833333333333 0.55625 0.1125 0.13645833333333332
0 0.39166666666666666 0.47708333333333336 0.11770833333333333 0.18541666666666667
0 0.4239583333333333 0.34791666666666665 0.06145833333333333 0.10625
0 0.046875 0.38229166666666664 0.090625 0.15
0 0.14166666666666666 0.33229166666666665 0.071875 0.08958333333333333
0 0.1875 0.3104166666666667 0.051041666666666666 0.07604166666666666
0 0.22604166666666667 0.309375 0.0375 0.07083333333333333
0 0.6614583333333334 0.49166666666666664 0.15833333333333333 0.31666666666666665
0 0.45416666666666666 0.28958333333333336 0.06770833333333333 0.17604166666666668