0 0.29583333333333334 0.9 0.209375 0.2
0 0.3458333333333333 0.7885416666666667 0.18541666666666667 0.2635416666666667
0 0.34791666666666665 0.6229166666666667 0.15 0.178125
0 0.03958333333333333 0.396875 0.07708333333333334 0.1625
0 0.128125 0.3385416666666667 0.07708333333333334 0.09791666666666667
0 0.18125 0.315625 0.051041666666666666 0.08333333333333333
0 0.21666666666666667 0.3072916666666667 0.04479166666666667 0.07395833333333333
0 0.36875 0.5395833333333333 0.10416666666666667 0.128125
0 0.39166666666666666 0.465625 0.109375 0.171875
0 0.43020833333333336 0.33958333333333335 0.058333333333333334 0.10416666666666667
0 0.4427083333333333 0.32083333333333336 0.051041666666666666 0.08854166666666667
0 0.7 0.75625 0.18125 0.2635416666666667
0 0.6375 0.6479166666666667 0.15104166666666666 0.20416666666666666
0 0.5697916666666667 0.34270833333333334 0.06145833333333333 0.096875
0 0.7177083333333333 0.359375 0.06875 0.109375
0 0.6520833333333333 0.46770833333333334 0.1375 0.28958333333333336
0 0.4552083333333333 0.28854166666666664 0.059375 0.16666666666666666