0 0.2635416666666667 0.8458333333333333 0.1875 0.30833333333333335
0 0.35 0.78125 0.14166666666666666 0.2375
0 0.38125 0.5979166666666667 0.15 0.20208333333333334
0 0.3802083333333333 0.46458333333333335 0.10520833333333333 0.11875
0 0.42604166666666665 0.44479166666666664 0.08541666666666667 0.14583333333333334
0 0.42916666666666664 0.32395833333333335 0.06770833333333333 0.11041666666666666
0 0.075 0.3697916666666667 0.0875 0.12291666666666666
0 0.19583333333333333 0.30833333333333335 0.052083333333333336 0.08958333333333333
0 0.65625 0.7239583333333334 0.17916666666666667 0.290625
0 0.6447916666666667 0.5989583333333334 0.13958333333333334 0.16354166666666667
0 0.5854166666666667 0.5072916666666667 0.11979166666666667 0.17291666666666666
0 0.6302083333333334 0.45208333333333334 0.08854166666666667 0.13541666666666666
0 0.6020833333333333 0.3729166666666667 0.10104166666666667 0.09270833333333334
0 0.5510416666666667 0.37916666666666665 0.034375 0.1125
0 0.659375 0.32083333333333336 0.05 0.071875
0 0.5958333333333333 0.271875 0.078125 0.12291666666666666
0 0.46041666666666664 0.28125 0.04791666666666667 0.12604166666666666
0 0.13333333333333333 0.3145833333333333 0.08125 0.13645833333333332
0 0.017708333333333333 0.415625 0.035416666666666666 0.16145833333333334