0 0.16770833333333332 0.6927083333333334 0.18645833333333334 0.11875
0 0.28020833333333334 0.60625 0.10833333333333334 0.059375
0 0.303125 0.5645833333333333 0.09270833333333334 0.042708333333333334
0 0.3416666666666667 0.5354166666666667 0.07395833333333333 0.0375
0 0.3697916666666667 0.8822916666666667 0.253125 0.21875
0 0.40625 0.7333333333333333 0.15625 0.109375
0 0.41354166666666664 0.6479166666666667 0.12604166666666666 0.07083333333333333
0 0.42083333333333334 0.584375 0.08020833333333334 0.05625
0 0.4635416666666667 0.5645833333333333 0.05520833333333333 0.03958333333333333
0 0.821875 0.8989583333333333 0.29375 0.20208333333333334
0 0.6760416666666667 0.71875 0.15625 0.10416666666666667
0 0.653125 0.6239583333333333 0.12083333333333333 0.0875
0 0.6041666666666666 0.5604166666666667 0.12708333333333333 0.11041666666666666