0 0.3489583333333333 0.6291666666666667 0.14791666666666667 0.19583333333333333
0 0.6114583333333333 0.690625 0.16666666666666666 0.22604166666666667
0 0.6479166666666667 0.5739583333333333 0.13229166666666667 0.17604166666666668
0 0.6375 0.4791666666666667 0.125 0.16145833333333334
0 0.584375 0.4583333333333333 0.08541666666666667 0.146875
0 0.30833333333333335 0.8989583333333333 0.22083333333333333 0.20208333333333334
0 0.6833333333333333 0.896875 0.20416666666666666 0.20520833333333333
0 0.38333333333333336 0.5583333333333333 0.12604166666666666 0.18229166666666666
0 0.3802083333333333 0.4666666666666667 0.12604166666666666 0.0875
0 0.3770833333333333 0.4197916666666667 0.11458333333333333 0.08958333333333333
0 0.4114583333333333 0.3625 0.090625 0.12916666666666668
0 0.03125 0.378125 0.058333333333333334 0.11875
0 0.08125 0.353125 0.07395833333333333 0.10833333333333334
0 0.12395833333333334 0.3302083333333333 0.06458333333333334 0.115625
0 0.17604166666666668 0.31145833333333334 0.06041666666666667 0.09270833333333334
0 0.6291666666666667 0.32395833333333335 0.096875 0.17708333333333334
0 0.459375 0.27708333333333335 0.05416666666666667 0.13229166666666667
0 0.5541666666666667 0.3 0.05 0.09270833333333334