0 0.153125 0.7020833333333333 0.19583333333333333 0.13020833333333334
0 0.26979166666666665 0.6135416666666667 0.1125 0.0625
0 0.3020833333333333 0.5697916666666667 0.10208333333333333 0.04791666666666667
0 0.34479166666666666 0.534375 0.07604166666666666 0.035416666666666666
0 0.365625 0.8802083333333334 0.24791666666666667 0.21354166666666666
0 0.4083333333333333 0.7385416666666667 0.16354166666666667 0.11875
0 0.4166666666666667 0.65 0.12291666666666666 0.078125
0 0.43125 0.5854166666666667 0.09479166666666666 0.05625
0 0.465625 0.5614583333333333 0.084375 0.041666666666666664
0 0.8229166666666666 0.9 0.290625 0.2
0 0.6947916666666667 0.7385416666666667 0.178125 0.11458333333333333
0 0.6572916666666667 0.628125 0.13229166666666667 0.09791666666666667
0 0.6010416666666667 0.55625 0.125 0.10625