0 0.14895833333333333 0.7083333333333334 0.203125 0.13125
0 0.259375 0.6270833333333333 0.12395833333333334 0.06666666666666667
0 0.2864583333333333 0.5833333333333334 0.10104166666666667 0.04895833333333333
0 0.3416666666666667 0.5322916666666667 0.07083333333333333 0.035416666666666666
0 0.3489583333333333 0.9 0.26875 0.2
0 0.4041666666666667 0.7520833333333333 0.17291666666666666 0.128125
0 0.4125 0.6479166666666667 0.13333333333333333 0.07604166666666666
0 0.43125 0.5854166666666667 0.08854166666666667 0.053125
0 0.46770833333333334 0.5625 0.07291666666666667 0.03333333333333333
0 0.8197916666666667 0.896875 0.2989583333333333 0.19791666666666666
0 0.6958333333333333 0.7375 0.17083333333333334 0.1125
0 0.65625 0.6291666666666667 0.13541666666666666 0.09895833333333333
0 0.609375 0.5552083333333333 0.12083333333333333 0.10208333333333333