0 0.2520833333333333 0.9104166666666667 0.21770833333333334 0.178125
0 0.6979166666666666 0.9260416666666667 0.225 0.14791666666666667
0 0.3229166666666667 0.6822916666666666 0.134375 0.18333333333333332
0 0.3729166666666667 0.5739583333333333 0.1375 0.215625
0 0.390625 0.4375 0.1 0.140625
0 0.4083333333333333 0.3854166666666667 0.084375 0.12604166666666666
0 0.61875 0.46458333333333335 0.11354166666666667 0.15416666666666667
0 0.59375 0.38125 0.07291666666666667 0.121875
0 0.7635416666666667 0.4166666666666667 0.10104166666666667 0.13541666666666666
0 0.042708333333333334 0.3854166666666667 0.08229166666666667 0.13541666666666666
0 0.13958333333333334 0.32083333333333336 0.07395833333333333 0.128125
0 0.21145833333333333 0.309375 0.05625 0.08229166666666667
0 0.4395833333333333 0.3 0.07604166666666666 0.18958333333333333
0 0.5645833333333333 0.3145833333333333 0.06458333333333334 0.12916666666666668
0 0.696875 0.68125 0.21979166666666666 0.4635416666666667