0 0.3625 0.8822916666666667 0.240625 0.21666666666666667
0 0.15104166666666666 0.7083333333333334 0.19270833333333334 0.13541666666666666
0 0.26666666666666666 0.6177083333333333 0.1125 0.06145833333333333
0 0.28958333333333336 0.5708333333333333 0.08125 0.04375
0 0.34270833333333334 0.5322916666666667 0.06770833333333333 0.0375
0 0.40520833333333334 0.7375 0.1625 0.11145833333333334
0 0.415625 0.65 0.12291666666666666 0.07916666666666666
0 0.42916666666666664 0.5864583333333333 0.09479166666666666 0.05625
0 0.4635416666666667 0.5645833333333333 0.065625 0.041666666666666664
0 0.8260416666666667 0.8989583333333333 0.29270833333333335 0.20208333333333334
0 0.6885416666666667 0.7364583333333333 0.1625 0.11666666666666667
0 0.6583333333333333 0.6270833333333333 0.12291666666666666 0.09583333333333334
0 0.609375 0.559375 0.12291666666666666 0.103125