0 0.29583333333333334 0.9208333333333333 0.22916666666666666 0.15833333333333333
0 0.3145833333333333 0.7708333333333334 0.17083333333333334 0.246875
0 0.35104166666666664 0.5989583333333334 0.11354166666666667 0.14895833333333333
0 0.3875 0.5125 0.12916666666666668 0.19791666666666666
0 0.415625 0.359375 0.07291666666666667 0.11666666666666667
0 0.4375 0.3385416666666667 0.057291666666666664 0.10416666666666667
0 0.0875 0.35208333333333336 0.0875 0.14375
0 0.17708333333333334 0.3177083333333333 0.06354166666666666 0.08958333333333333
0 0.21875 0.3104166666666667 0.035416666666666666 0.07708333333333334
0 0.65625 0.7864583333333334 0.18333333333333332 0.23645833333333333
0 0.740625 0.9041666666666667 0.22708333333333333 0.190625
0 0.5979166666666667 0.42291666666666666 0.078125 0.13333333333333333
0 0.578125 0.35625 0.07083333333333333 0.103125
0 0.734375 0.38229166666666664 0.09375 0.11875
0 0.675 0.553125 0.15416666666666667 0.3625
0 0.4510416666666667 0.2916666666666667 0.06770833333333333 0.16979166666666667