0 0.18958333333333333 0.6666666666666666 0.165625 0.109375
0 0.2947916666666667 0.5875 0.10520833333333333 0.05625
0 0.3104166666666667 0.553125 0.084375 0.034375
0 0.3489583333333333 0.5302083333333333 0.075 0.03333333333333333
0 0.359375 0.875 0.25625 0.22083333333333333
0 0.784375 0.8572916666666667 0.24791666666666667 0.18541666666666667
0 0.40520833333333334 0.7270833333333333 0.15833333333333333 0.10625
0 0.415625 0.6416666666666667 0.12291666666666666 0.06979166666666667
0 0.42916666666666664 0.5833333333333334 0.10520833333333333 0.05625
0 0.4625 0.5635416666666667 0.07083333333333333 0.041666666666666664
0 0.675 0.7135416666666666 0.146875 0.10208333333333333
0 0.6458333333333334 0.6197916666666666 0.12083333333333333 0.09166666666666666
0 0.6083333333333333 0.5583333333333333 0.125 0.11666666666666667
0 0.08541666666666667 0.8645833333333334 0.16145833333333334 0.24270833333333333