0 0.1 0.8072916666666666 0.19166666666666668 0.21041666666666667
0 0.20833333333333334 0.6479166666666667 0.13854166666666667 0.10104166666666667
0 0.2989583333333333 0.5833333333333334 0.09583333333333334 0.04791666666666667
0 0.3260416666666667 0.546875 0.084375 0.04375
0 0.36770833333333336 0.5125 0.07083333333333333 0.034375
0 0.36666666666666664 0.871875 0.23125 0.20625
0 0.390625 0.7208333333333333 0.140625 0.096875
0 0.4197916666666667 0.640625 0.12083333333333333 0.07291666666666667
0 0.43333333333333335 0.58125 0.090625 0.05520833333333333
0 0.4666666666666667 0.5572916666666666 0.07291666666666667 0.04375
0 0.7822916666666667 0.8520833333333333 0.24791666666666667 0.18854166666666666
0 0.6802083333333333 0.70625 0.153125 0.10416666666666667
0 0.6510416666666666 0.61875 0.125 0.09375
0 0.6010416666666667 0.55 0.125 0.10833333333333334