0 0.09270833333333334 0.8333333333333334 0.17291666666666666 0.23229166666666667
0 0.20729166666666668 0.6489583333333333 0.15833333333333333 0.10208333333333333
0 0.29583333333333334 0.584375 0.1 0.05416666666666667
0 0.3125 0.5520833333333334 0.08854166666666667 0.035416666666666666
0 0.3625 0.8697916666666666 0.24270833333333333 0.2125
0 0.40625 0.721875 0.171875 0.109375
0 0.415625 0.6364583333333333 0.12916666666666668 0.06666666666666667
0 0.4270833333333333 0.5802083333333333 0.08854166666666667 0.05416666666666667
0 0.4666666666666667 0.5572916666666666 0.075 0.03958333333333333
0 0.7854166666666667 0.8520833333333333 0.25416666666666665 0.18854166666666666
0 0.68125 0.70625 0.15416666666666667 0.09583333333333334
0 0.6572916666666667 0.61875 0.125 0.08854166666666667
0 0.6072916666666667 0.5552083333333333 0.125 0.1125