0 0.18229166666666666 0.6833333333333333 0.17604166666666668 0.11875
0 0.365625 0.8802083333333334 0.24791666666666667 0.225
0 0.8041666666666667 0.8791666666666667 0.26145833333333335 0.20104166666666667
0 0.678125 0.7135416666666666 0.15625 0.10208333333333333
0 0.653125 0.621875 0.125 0.08125
0 0.28541666666666665 0.5989583333333334 0.09479166666666666 0.05416666666666667
0 0.309375 0.5614583333333333 0.07916666666666666 0.0375
0 0.340625 0.5333333333333333 0.07916666666666666 0.035416666666666666
0 0.40625 0.7302083333333333 0.16354166666666667 0.1125
0 0.4166666666666667 0.6458333333333334 0.13125 0.06666666666666667
0 0.42916666666666664 0.5895833333333333 0.09479166666666666 0.05625
0 0.4635416666666667 0.5677083333333334 0.07708333333333334 0.041666666666666664
0 0.6020833333333333 0.5583333333333333 0.11979166666666667 0.103125
0 0.07916666666666666 0.86875 0.15833333333333333 0.2375