0 0.36041666666666666 0.8770833333333333 0.24479166666666666 0.215625
0 0.7885416666666667 0.8625 0.24583333333333332 0.1875
0 0.190625 0.6708333333333333 0.16354166666666667 0.11666666666666667
0 0.40520833333333334 0.7291666666666666 0.15104166666666666 0.11041666666666666
0 0.675 0.7135416666666666 0.15833333333333333 0.10208333333333333
0 0.2833333333333333 0.59375 0.096875 0.05416666666666667
0 0.3125 0.55625 0.08333333333333333 0.0375
0 0.3458333333333333 0.5322916666666667 0.07291666666666667 0.03958333333333333
0 0.4125 0.6427083333333333 0.128125 0.06354166666666666
0 0.65 0.61875 0.125 0.08958333333333333
0 0.4322916666666667 0.5864583333333333 0.09270833333333334 0.05520833333333333
0 0.4625 0.5614583333333333 0.08333333333333333 0.0375
0 0.6083333333333333 0.55625 0.12916666666666668 0.10833333333333334
0 0.08229166666666667 0.8697916666666666 0.16458333333333333 0.253125