0 0.365625 0.878125 0.240625 0.21979166666666666
0 0.796875 0.865625 0.265625 0.19375
0 0.6697916666666667 0.7166666666666667 0.13541666666666666 0.1
0 0.6552083333333333 0.621875 0.12083333333333333 0.08958333333333333
0 0.178125 0.6708333333333333 0.16041666666666668 0.1125
0 0.2833333333333333 0.596875 0.09270833333333334 0.053125
0 0.31145833333333334 0.559375 0.08229166666666667 0.04375
0 0.346875 0.534375 0.07083333333333333 0.03333333333333333
0 0.40625 0.7302083333333333 0.16041666666666668 0.1125
0 0.4083333333333333 0.6458333333333334 0.121875 0.07083333333333333
0 0.43020833333333336 0.5822916666666667 0.09583333333333334 0.052083333333333336
0 0.459375 0.5635416666666667 0.07291666666666667 0.041666666666666664
0 0.6 0.5614583333333333 0.12083333333333333 0.109375