0 0.1 0.8208333333333333 0.1875 0.22083333333333333
0 0.21041666666666667 0.6479166666666667 0.1625 0.10520833333333333
0 0.2989583333333333 0.5822916666666667 0.1 0.058333333333333334
0 0.32083333333333336 0.5479166666666667 0.08125 0.035416666666666666
0 0.35833333333333334 0.5166666666666667 0.05625 0.03958333333333333
0 0.36770833333333336 0.8708333333333333 0.24895833333333334 0.209375
0 0.4041666666666667 0.7229166666666667 0.153125 0.11458333333333333
0 0.41458333333333336 0.640625 0.12395833333333334 0.07083333333333333
0 0.4322916666666667 0.5770833333333333 0.09583333333333334 0.04895833333333333
0 0.46458333333333335 0.55625 0.07083333333333333 0.03958333333333333
0 0.7833333333333333 0.85 0.25416666666666665 0.18541666666666667
0 0.6770833333333334 0.7041666666666667 0.146875 0.10625
0 0.6520833333333333 0.6145833333333334 0.12291666666666666 0.09166666666666666
0 0.6083333333333333 0.5520833333333334 0.12708333333333333 0.10625