0 0.075 0.859375 0.146875 0.23958333333333334
0 0.19479166666666667 0.6625 0.16979166666666667 0.10833333333333334
0 0.29791666666666666 0.5885416666666666 0.10208333333333333 0.053125
0 0.315625 0.55625 0.0875 0.03958333333333333
0 0.34375 0.5302083333333333 0.078125 0.035416666666666666
0 0.359375 0.8739583333333333 0.23854166666666668 0.21458333333333332
0 0.40729166666666666 0.7260416666666667 0.1625 0.11458333333333333
0 0.41875 0.6458333333333334 0.12708333333333333 0.07604166666666666
0 0.43645833333333334 0.584375 0.10416666666666667 0.05416666666666667
0 0.4583333333333333 0.5614583333333333 0.07083333333333333 0.035416666666666666
0 0.65 0.61875 0.12708333333333333 0.09375
0 0.675 0.7125 0.146875 0.09791666666666667
0 0.7885416666666667 0.85625 0.253125 0.18333333333333332
0 0.6083333333333333 0.5520833333333334 0.115625 0.10104166666666667