0 0.790625 0.9114583333333334 0.16354166666666667 0.16666666666666666
0 0.6229166666666667 0.846875 0.134375 0.18333333333333332
0 0.49895833333333334 0.9395833333333333 0.16875 0.11979166666666667
0 0.23958333333333334 0.8197916666666667 0.15208333333333332 0.15416666666666667
0 0.40729166666666666 0.8489583333333334 0.15 0.14479166666666668
0 0.49270833333333336 0.58125 0.09270833333333334 0.1375
0 0.3260416666666667 0.709375 0.12604166666666666 0.14479166666666668
0 0.3614583333333333 0.6239583333333333 0.11458333333333333 0.13958333333333334
0 0.2635416666666667 0.515625 0.08854166666666667 0.11041666666666666
0 0.2833333333333333 0.44166666666666665 0.06979166666666667 0.08854166666666667
0 0.3614583333333333 0.50625 0.06979166666666667 0.1
0 0.5427083333333333 0.5489583333333333 0.08854166666666667 0.12708333333333333
0 0.6614583333333334 0.5416666666666666 0.096875 0.11770833333333333
0 0.65625 0.63125 0.096875 0.13958333333333334
0 0.4583333333333333 0.7666666666666667 0.1125 0.171875
0 0.690625 0.2989583333333333 0.05416666666666667 0.06875
0 0.7666666666666667 0.3416666666666667 0.04583333333333333 0.05625
0 0.8052083333333333 0.39791666666666664 0.06041666666666667 0.08125
0 0.85625 0.44583333333333336 0.075 0.08854166666666667
0 0.9114583333333334 0.48854166666666665 0.075 0.10520833333333333
0 0.9854166666666667 0.3875 0.029166666666666667 0.058333333333333334
0 0.8729166666666667 0.3614583333333333 0.058333333333333334 0.06666666666666667
0 0.9583333333333334 0.5854166666666667 0.08020833333333334 0.11770833333333333
0 0.7583333333333333 0.278125 0.03229166666666667 0.06666666666666667
0 0.9125 0.39375 0.046875 0.08541666666666667
0 0.8104166666666667 0.26979166666666665 0.036458333333333336 0.06875
0 0.5552083333333333 0.2 0.028125 0.051041666666666666
0 0.16666666666666666 0.4114583333333333 0.1375 0.21041666666666667
0 0.30520833333333336 0.34479166666666666 0.08958333333333333 0.16458333333333333
0 0.08541666666666667 0.6604166666666667 0.16666666666666666 0.28229166666666666
0 0.4 0.32708333333333334 0.078125 0.16875