0 0.22916666666666666 0.9416666666666667 0.08645833333333333 0.09270833333333334
0 0.2 0.784375 0.04375 0.06354166666666666
0 0.046875 0.7614583333333333 0.04583333333333333 0.05625
0 0.08854166666666667 0.7145833333333333 0.040625 0.046875
0 0.14895833333333333 0.7375 0.03229166666666667 0.04375
0 0.134375 0.634375 0.029166666666666667 0.034375
0 0.24270833333333333 0.6125 0.028125 0.034375
0 0.46041666666666664 0.659375 0.028125 0.04375
0 0.509375 0.6739583333333333 0.051041666666666666 0.06354166666666666
0 0.4270833333333333 0.6322916666666667 0.03125 0.04895833333333333
0 0.4083333333333333 0.6572916666666667 0.03229166666666667 0.04375
0 0.40208333333333335 0.60625 0.026041666666666668 0.036458333333333336
0 0.35520833333333335 0.94375 0.08020833333333334 0.103125
0 0.3416666666666667 0.9 0.071875 0.103125
0 0.3229166666666667 0.8333333333333334 0.051041666666666666 0.07395833333333333
0 0.07291666666666667 0.85625 0.07708333333333334 0.051041666666666666
0 0.09270833333333334 0.915625 0.06041666666666667 0.06145833333333333
0 0.17083333333333334 0.8864583333333333 0.06979166666666667 0.06666666666666667
0 0.24583333333333332 0.6916666666666667 0.03125 0.04895833333333333
0 0.2125 0.6479166666666667 0.036458333333333336 0.036458333333333336
0 0.0625 0.6260416666666667 0.026041666666666668 0.036458333333333336
0 0.07708333333333334 0.7927083333333333 0.05520833333333333 0.05625
0 0.051041666666666666 0.953125 0.08125 0.058333333333333334
0 0.28229166666666666 0.6364583333333333 0.03229166666666667 0.036458333333333336
0 0.40208333333333335 0.8166666666666667 0.04583333333333333 0.06354166666666666
0 0.434375 0.8791666666666667 0.05520833333333333 0.08541666666666667
0 0.484375 0.85 0.04375 0.07395833333333333
0 0.525 0.7979166666666667 0.04583333333333333 0.06666666666666667
0 0.3260416666666667 0.74375 0.08020833333333334 0.05625
0 0.55 0.7125 0.03125 0.051041666666666666
0 0.209375 0.5572916666666666 0.03958333333333333 0.06145833333333333
0 0.45 0.5875 0.07395833333333333 0.08125
0 0.6239583333333333 0.7270833333333333 0.08854166666666667 0.134375