0 0.3572916666666667 0.9479166666666666 0.16458333333333333 0.10416666666666667
0 0.47604166666666664 0.7291666666666666 0.13541666666666666 0.18854166666666666
0 0.5010416666666667 0.47708333333333336 0.1 0.13020833333333334
0 0.5885416666666666 0.43645833333333334 0.09270833333333334 0.11770833333333333
0 0.58125 0.2625 0.07395833333333333 0.09270833333333334
0 0.615625 0.13645833333333332 0.04895833333333333 0.06666666666666667
0 0.5958333333333333 0.19479166666666667 0.05416666666666667 0.07083333333333333
0 0.21041666666666667 0.6135416666666667 0.1 0.134375
0 0.08541666666666667 0.7447916666666666 0.115625 0.20625
0 0.23020833333333332 0.3697916666666667 0.075 0.103125
0 0.2604166666666667 0.4791666666666667 0.08958333333333333 0.115625
0 0.321875 0.4125 0.071875 0.11041666666666666
0 0.3729166666666667 0.31666666666666665 0.06875 0.08854166666666667
0 0.26458333333333334 0.303125 0.0625 0.09583333333333334
0 0.31875 0.25416666666666665 0.065625 0.090625
0 0.41875 0.25729166666666664 0.05416666666666667 0.07395833333333333
0 0.4552083333333333 0.19375 0.051041666666666666 0.06354166666666666
0 0.46875 0.16041666666666668 0.052083333333333336 0.07083333333333333
0 0.5135416666666667 0.078125 0.04375 0.05416666666666667
0 0.07083333333333333 0.390625 0.05416666666666667 0.11041666666666666
0 0.7104166666666667 0.215625 0.0375 0.08854166666666667
0 0.771875 0.234375 0.0375 0.08541666666666667
0 0.725 0.6104166666666667 0.14375 0.396875
0 0.6947916666666667 0.40208333333333335 0.11979166666666667 0.259375
0 0.41041666666666665 0.07916666666666666 0.075 0.134375
0 0.725 0.11875 0.052083333333333336 0.125