0 0.08333333333333333 0.9010416666666666 0.14375 0.1625
0 0.2760416666666667 0.8791666666666667 0.14375 0.159375
0 0.0875 0.7864583333333334 0.14375 0.16770833333333332
0 0.09375 0.6916666666666667 0.12395833333333334 0.07916666666666666
0 0.10625 0.65 0.11041666666666666 0.15625
0 0.09479166666666666 0.575 0.10833333333333334 0.13541666666666666
0 0.115625 0.48854166666666665 0.10208333333333333 0.1625
0 0.10520833333333333 0.38229166666666664 0.1 0.13229166666666667
0 0.25104166666666666 0.6885416666666667 0.11041666666666666 0.18541666666666667
0 0.26875 0.603125 0.11770833333333333 0.1625
0 0.25 0.5239583333333333 0.10416666666666667 0.13229166666666667
0 0.234375 0.39479166666666665 0.10416666666666667 0.13541666666666666
0 0.121875 0.2875 0.09479166666666666 0.12083333333333333
0 0.378125 0.53125 0.09270833333333334 0.165625
0 0.428125 0.8375 0.11354166666666667 0.20104166666666667
0 0.45729166666666665 0.634375 0.09791666666666667 0.17708333333333334
0 0.4114583333333333 0.45 0.08020833333333334 0.14479166666666668
0 0.37083333333333335 0.3854166666666667 0.09583333333333334 0.12708333333333333
0 0.3875 0.3229166666666667 0.08645833333333333 0.109375
0 0.3958333333333333 0.23333333333333334 0.08854166666666667 0.14791666666666667
0 0.215625 0.17395833333333333 0.0625 0.07708333333333334
0 0.115625 0.16041666666666668 0.078125 0.07916666666666666
0 0.36666666666666664 0.16041666666666668 0.06875 0.096875
0 0.10208333333333333 0.09479166666666666 0.075 0.09479166666666666
0 0.19791666666666666 0.134375 0.075 0.103125
0 0.21458333333333332 0.08229166666666667 0.06666666666666667 0.08854166666666667
0 0.2760416666666667 0.041666666666666664 0.06041666666666667 0.07708333333333334
0 0.959375 0.6104166666666667 0.08020833333333334 0.19479166666666667
0 0.9427083333333334 0.5416666666666666 0.11354166666666667 0.18541666666666667
0 0.9052083333333333 0.46041666666666664 0.15520833333333334 0.17708333333333334
0 0.7822916666666667 0.35833333333333334 0.09791666666666667 0.13854166666666667
0 0.775 0.28020833333333334 0.10416666666666667 0.1125
0 0.590625 0.07395833333333333 0.07291666666666667 0.08854166666666667
0 0.9583333333333334 0.3541666666666667 0.078125 0.11770833333333333
0 0.7927083333333333 0.165625 0.08020833333333334 0.08229166666666667
0 0.9395833333333333 0.20208333333333334 0.09791666666666667 0.14479166666666668
0 0.4739583333333333 0.9291666666666667 0.09479166666666666 0.14166666666666666
0 0.5125 0.7614583333333333 0.08645833333333333 0.20625
0 0.4583333333333333 0.48541666666666666 0.07291666666666667 0.13854166666666667
0 0.3229166666666667 0.284375 0.057291666666666664 0.13229166666666667
0 0.28854166666666664 0.22083333333333333 0.051041666666666666 0.11770833333333333
0 0.9760416666666667 0.23333333333333334 0.046875 0.1125
0 0.846875 0.14479166666666668 0.0625 0.08229166666666667
0 0.6729166666666667 0.06041666666666667 0.041666666666666664 0.08541666666666667
0 0.35 0.059375 0.09479166666666666 0.1125