0 0.2552083333333333 0.8947916666666667 0.3 0.15833333333333333
0 0.40625 0.946875 0.33125 0.10625
0 0.475 0.7822916666666667 0.19375 0.15208333333333332
0 0.596875 0.828125 0.23541666666666666 0.14375
0 0.3416666666666667 0.734375 0.1375 0.14166666666666666
0 0.3541666666666667 0.6083333333333333 0.17708333333333334 0.10625
0 0.08125 0.5114583333333333 0.15729166666666666 0.05520833333333333
0 0.5489583333333333 0.66875 0.12083333333333333 0.11770833333333333
0 0.8708333333333333 0.6614583333333334 0.17916666666666667 0.11145833333333334
0 0.3020833333333333 0.45729166666666665 0.18229166666666666 0.04895833333333333
0 0.42291666666666666 0.2635416666666667 0.078125 0.029166666666666667
0 0.9510416666666667 0.384375 0.09791666666666667 0.06041666666666667
0 0.21458333333333332 0.4270833333333333 0.08645833333333333 0.05416666666666667
0 0.7177083333333333 0.39895833333333336 0.06875 0.05520833333333333
0 0.5604166666666667 0.3729166666666667 0.06875 0.046875
0 0.371875 0.33541666666666664 0.052083333333333336 0.03958333333333333
0 0.375 0.290625 0.041666666666666664 0.03229166666666667
0 0.8833333333333333 0.3802083333333333 0.07083333333333333 0.05520833333333333
0 0.8447916666666667 0.33125 0.05416666666666667 0.042708333333333334