0 0.6520833333333333 0.5729166666666666 0.04375 0.09166666666666666
0 0.22708333333333333 0.7385416666666667 0.06041666666666667 0.12291666666666666
0 0.06979166666666667 0.6447916666666667 0.08333333333333333 0.09166666666666666
0 0.09583333333333334 0.4375 0.040625 0.058333333333333334
0 0.13958333333333334 0.43333333333333335 0.035416666666666666 0.071875
0 0.12395833333333334 0.715625 0.058333333333333334 0.11875
0 0.20729166666666668 0.88125 0.07083333333333333 0.115625
0 0.209375 0.8114583333333333 0.06875 0.10520833333333333
0 0.18333333333333332 0.671875 0.05416666666666667 0.12604166666666666
0 0.32395833333333335 0.8302083333333333 0.06041666666666667 0.12916666666666668
0 0.25104166666666666 0.6833333333333333 0.052083333333333336 0.09479166666666666
0 0.39375 0.8739583333333333 0.065625 0.10208333333333333
0 0.421875 0.7708333333333334 0.0625 0.1125
0 0.5708333333333333 0.4864583333333333 0.029166666666666667 0.06770833333333333
0 0.6770833333333334 0.5114583333333333 0.029166666666666667 0.09166666666666666
0 0.5260416666666666 0.4 0.03333333333333333 0.078125
0 0.7864583333333334 0.534375 0.041666666666666664 0.05416666666666667
0 0.5958333333333333 0.6833333333333333 0.11041666666666666 0.3125
0 0.8177083333333334 0.7197916666666667 0.23541666666666666 0.34375
0 0.6208333333333333 0.37395833333333334 0.06666666666666667 0.15
0 0.28541666666666665 0.484375 0.11458333333333333 0.19375
0 0.3385416666666667 0.7291666666666666 0.06041666666666667 0.20729166666666668