0 0.09479166666666666 0.95 0.14583333333333334 0.1
0 0.29583333333333334 0.9479166666666666 0.13333333333333333 0.10416666666666667
0 0.45208333333333334 0.9197916666666667 0.11979166666666667 0.16041666666666668
0 0.6 0.91875 0.13020833333333334 0.1625
0 0.096875 0.7135416666666666 0.10416666666666667 0.12083333333333333
0 0.17291666666666666 0.7927083333333333 0.11666666666666667 0.146875
0 0.23333333333333334 0.6854166666666667 0.1 0.11458333333333333
0 0.30833333333333335 0.753125 0.10729166666666666 0.11458333333333333
0 0.35625 0.6572916666666667 0.09166666666666666 0.10104166666666667
0 0.225 0.6114583333333333 0.07083333333333333 0.08333333333333333
0 0.06979166666666667 0.596875 0.13854166666666667 0.10729166666666666
0 0.10208333333333333 0.5302083333333333 0.06666666666666667 0.08229166666666667
0 0.23645833333333333 0.565625 0.075 0.08125
0 0.35625 0.571875 0.08645833333333333 0.1
0 0.18958333333333333 0.49583333333333335 0.06979166666666667 0.07604166666666666
0 0.46145833333333336 0.7354166666666667 0.08333333333333333 0.125
0 0.42291666666666666 0.840625 0.10208333333333333 0.153125
0 0.621875 0.7375 0.08020833333333334 0.15416666666666667
0 0.60625 0.6614583333333334 0.07604166666666666 0.13958333333333334
0 0.4708333333333333 0.6614583333333334 0.08333333333333333 0.125
0 0.4822916666666667 0.59375 0.07916666666666666 0.09791666666666667
0 0.41770833333333335 0.503125 0.058333333333333334 0.08854166666666667
0 0.5083333333333333 0.5458333333333333 0.06666666666666667 0.09166666666666666
0 0.3489583333333333 0.4875 0.04895833333333333 0.0625
0 0.26666666666666666 0.5354166666666667 0.05625 0.08645833333333333
0 0.22708333333333333 0.42083333333333334 0.06354166666666666 0.07708333333333334
0 0.271875 0.4010416666666667 0.04791666666666667 0.057291666666666664
0 0.31979166666666664 0.409375 0.05520833333333333 0.071875
0 0.34479166666666666 0.35625 0.03125 0.05
0 0.45208333333333334 0.346875 0.028125 0.052083333333333336
0 0.9083333333333333 0.8541666666666666 0.11875 0.20520833333333333
0 0.9260416666666667 0.7677083333333333 0.11875 0.1625
0 0.8989583333333333 0.6604166666666667 0.10520833333333333 0.1
0 0.9385416666666667 0.6302083333333334 0.09479166666666666 0.13854166666666667
0 0.7364583333333333 0.5270833333333333 0.051041666666666666 0.09791666666666667
0 0.7020833333333333 0.46979166666666666 0.058333333333333334 0.08229166666666667
0 0.6697916666666667 0.321875 0.0375 0.0625
0 0.71875 0.42604166666666665 0.041666666666666664 0.08125
0 0.8364583333333333 0.484375 0.059375 0.09583333333333334
0 0.8114583333333333 0.615625 0.08645833333333333 0.12604166666666666
0 0.9364583333333333 0.559375 0.07604166666666666 0.08125
0 0.8145833333333333 0.390625 0.06354166666666666 0.052083333333333336
0 0.6677083333333333 0.8104166666666667 0.07395833333333333 0.18333333333333332
0 0.12916666666666668 0.49895833333333334 0.04375 0.08958333333333333
0 0.36666666666666664 0.390625 0.035416666666666666 0.06979166666666667
0 0.41354166666666664 0.41354166666666664 0.035416666666666666 0.057291666666666664
0 0.5125 0.39166666666666666 0.028125 0.053125
0 0.48020833333333335 0.371875 0.035416666666666666 0.040625
0 0.8 0.49166666666666664 0.04375 0.040625
0 0.9020833333333333 0.48020833333333335 0.04895833333333333 0.071875
0 0.8635416666666667 0.5239583333333333 0.05 0.09583333333333334
0 0.7927083333333333 0.4375 0.04895833333333333 0.042708333333333334
0 0.978125 0.5583333333333333 0.040625 0.10729166666666666
0 0.3375 0.30520833333333336 0.075 0.09583333333333334
0 0.415625 0.18854166666666666 0.035416666666666666 0.04583333333333333
0 0.8708333333333333 0.3375 0.10833333333333334 0.13333333333333333