0 0.5677083333333334 0.8708333333333333 0.1625 0.128125
0 0.32083333333333336 0.878125 0.153125 0.11875
0 0.31979166666666664 0.79375 0.115625 0.15
0 0.08958333333333333 0.7375 0.121875 0.1875
0 0.4947916666666667 0.759375 0.1 0.21875
0 0.6354166666666666 0.7291666666666666 0.12395833333333334 0.165625
0 0.365625 0.7020833333333333 0.13125 0.209375
0 0.5885416666666666 0.65625 0.13333333333333333 0.1375
0 0.7458333333333333 0.8166666666666667 0.13541666666666666 0.171875
0 0.75625 0.675 0.13958333333333334 0.1375
0 0.6135416666666667 0.503125 0.08020833333333334 0.1375
0 0.6104166666666667 0.365625 0.06875 0.09375
0 0.5427083333333333 0.29375 0.07604166666666666 0.08125
0 0.6791666666666667 0.25416666666666665 0.06041666666666667 0.071875
0 0.5833333333333334 0.20416666666666666 0.046875 0.059375
0 0.6604166666666667 0.20416666666666666 0.053125 0.046875
0 0.834375 0.75625 0.09583333333333334 0.1875
0 0.95625 0.7791666666666667 0.08645833333333333 0.178125
0 0.6541666666666667 0.4625 0.05520833333333333 0.13125
0 0.7135416666666666 0.32916666666666666 0.053125 0.096875
0 0.959375 0.4895833333333333 0.06875 0.134375
0 0.7947916666666667 0.28125 0.051041666666666666 0.09375
0 0.4322916666666667 0.51875 0.22395833333333334 0.30625
0 0.19791666666666666 0.5145833333333333 0.146875 0.296875