0 0.5020833333333333 0.7552083333333334 0.11979166666666667 0.16666666666666666
0 0.078125 0.37395833333333334 0.09270833333333334 0.11979166666666667
0 0.19166666666666668 0.2708333333333333 0.058333333333333334 0.08125
0 0.665625 0.8010416666666667 0.12291666666666666 0.17604166666666668
0 0.8916666666666667 0.6760416666666667 0.096875 0.15729166666666666
0 0.8302083333333333 0.5677083333333334 0.10833333333333334 0.1
0 0.79375 0.265625 0.06354166666666666 0.11979166666666667
0 0.953125 0.26458333333333334 0.09270833333333334 0.09791666666666667
0 0.26666666666666666 0.603125 0.08645833333333333 0.15729166666666666
0 0.06979166666666667 0.5822916666666667 0.09166666666666666 0.134375
0 0.14583333333333334 0.33229166666666665 0.05416666666666667 0.10520833333333333
0 0.353125 0.88125 0.11145833333333334 0.20833333333333334
0 0.6520833333333333 0.6989583333333333 0.08541666666666667 0.16666666666666666
0 0.80625 0.7 0.07708333333333334 0.16875
0 0.934375 0.5229166666666667 0.08125 0.15416666666666667
0 0.88125 0.45 0.06666666666666667 0.14479166666666668
0 0.7125 0.2791666666666667 0.071875 0.09791666666666667
0 0.821875 0.2916666666666667 0.04895833333333333 0.09270833333333334
0 0.88125 0.24791666666666667 0.08020833333333334 0.08854166666666667
0 0.45729166666666665 0.3625 0.065625 0.1125
0 0.44166666666666665 0.259375 0.04583333333333333 0.09270833333333334
0 0.5145833333333333 0.096875 0.036458333333333336 0.06145833333333333
0 0.28958333333333336 0.38229166666666664 0.16041666666666668 0.28958333333333336