0 0.50625 0.840625 0.16979166666666667 0.31875
0 0.22604166666666667 0.5197916666666667 0.10416666666666667 0.18125
0 0.040625 0.3 0.078125 0.13333333333333333
0 0.38125 0.6020833333333333 0.125 0.2625
0 0.23645833333333333 0.28854166666666664 0.078125 0.11458333333333333
0 0.33958333333333335 0.2708333333333333 0.075 0.13333333333333333
0 0.41354166666666664 0.35104166666666664 0.065625 0.14791666666666667
0 0.51875 0.3802083333333333 0.071875 0.12291666666666666
0 0.46041666666666664 0.48333333333333334 0.07291666666666667 0.19166666666666668
0 0.12708333333333333 0.090625 0.06145833333333333 0.07708333333333334
0 0.18541666666666667 0.046875 0.04375 0.07708333333333334
0 0.6729166666666667 0.6833333333333333 0.15520833333333334 0.275
0 0.9260416666666667 0.8541666666666666 0.14583333333333334 0.2916666666666667
0 0.8625 0.6020833333333333 0.15729166666666666 0.20833333333333334
0 0.671875 0.44479166666666664 0.1 0.16875
0 0.5739583333333333 0.5364583333333334 0.08958333333333333 0.18541666666666667
0 0.596875 0.29270833333333335 0.078125 0.11875
0 0.7947916666666667 0.33229166666666665 0.07708333333333334 0.13125
0 0.5510416666666667 0.19895833333333332 0.05416666666666667 0.08958333333333333
0 0.44479166666666664 0.196875 0.04583333333333333 0.08958333333333333
0 0.30104166666666665 0.22708333333333333 0.04479166666666667 0.09166666666666666
0 0.2677083333333333 0.19270833333333334 0.04479166666666667 0.09375
0 0.3927083333333333 0.13541666666666666 0.04479166666666667 0.058333333333333334
0 0.51875 0.1 0.03854166666666667 0.05416666666666667
0 0.33645833333333336 0.17291666666666666 0.03958333333333333 0.05416666666666667
0 0.32395833333333335 0.46145833333333336 0.0625 0.17708333333333334
0 0.69375 0.28020833333333334 0.04583333333333333 0.13125
0 0.8395833333333333 0.1625 0.04375 0.08333333333333333
0 0.7385416666666667 0.14583333333333334 0.03333333333333333 0.09166666666666666
0 0.06770833333333333 0.05416666666666667 0.11041666666666666 0.10416666666666667
0 0.6239583333333333 0.09791666666666667 0.08125 0.16666666666666666
0 0.7072916666666667 0.08854166666666667 0.065625 0.13541666666666666
0 0.91875 0.39791666666666664 0.1625 0.39166666666666666