0 0.4166666666666667 0.7895833333333333 0.08333333333333333 0.15625
0 0.03125 0.49895833333333334 0.0375 0.071875
0 0.365625 0.6739583333333333 0.05520833333333333 0.12083333333333333
0 0.44479166666666664 0.5395833333333333 0.059375 0.13020833333333334
0 0.4947916666666667 0.646875 0.07395833333333333 0.13020833333333334
0 0.521875 0.7197916666666667 0.08229166666666667 0.146875
0 0.39791666666666664 0.440625 0.034375 0.1
0 0.41770833333333335 0.3885416666666667 0.028125 0.065625
0 0.271875 0.234375 0.022916666666666665 0.05625
0 0.33125 0.2635416666666667 0.029166666666666667 0.0625
0 0.5510416666666667 0.44166666666666665 0.04791666666666667 0.10208333333333333
0 0.6072916666666667 0.5572916666666666 0.06458333333333334 0.11875
0 0.7166666666666667 0.5614583333333333 0.06979166666666667 0.15625
0 0.8875 0.8125 0.10208333333333333 0.17395833333333333
0 0.6833333333333333 0.6791666666666667 0.06770833333333333 0.15833333333333333
0 0.434375 0.9208333333333333 0.041666666666666664 0.15833333333333333
0 0.3072916666666667 0.546875 0.027083333333333334 0.10729166666666666
0 0.24583333333333332 0.29791666666666666 0.0125 0.06041666666666667
0 0.4666666666666667 0.29375 0.016666666666666666 0.06770833333333333
0 0.584375 0.36666666666666664 0.01875 0.08125
0 0.7875 0.5583333333333333 0.026041666666666668 0.13020833333333334
0 0.8708333333333333 0.6677083333333333 0.025 0.10208333333333333
0 0.23958333333333334 0.5583333333333333 0.040625 0.12083333333333333
0 0.3770833333333333 0.5895833333333333 0.04583333333333333 0.1375
0 0.31145833333333334 0.48020833333333335 0.03333333333333333 0.109375
0 0.371875 0.46145833333333336 0.035416666666666666 0.1
0 0.33541666666666664 0.33645833333333336 0.025 0.071875
0 0.29270833333333335 0.3416666666666667 0.03125 0.06041666666666667