0 0.6010416666666667 0.696875 0.228125 0.39791666666666664
0 0.115625 0.6072916666666667 0.21145833333333333 0.3072916666666667
0 0.14166666666666666 0.409375 0.12291666666666666 0.09583333333333334
0 0.23333333333333334 0.37083333333333335 0.10104166666666667 0.08020833333333334
0 0.33541666666666664 0.3416666666666667 0.075 0.08333333333333333
0 0.45208333333333334 0.33125 0.08854166666666667 0.08229166666666667
0 0.678125 0.46770833333333334 0.134375 0.19791666666666666
0 0.6302083333333334 0.3729166666666667 0.09270833333333334 0.17395833333333333
0 0.7135416666666666 0.3958333333333333 0.09479166666666666 0.15729166666666666
0 0.7895833333333333 0.3885416666666667 0.08125 0.15729166666666666
0 0.359375 0.7427083333333333 0.28125 0.5145833333333333