0 0.6729166666666667 0.5489583333333333 0.21145833333333333 0.19791666666666666
0 0.46041666666666664 0.453125 0.16666666666666666 0.159375
0 0.465625 0.3645833333333333 0.12604166666666666 0.08125
0 0.22291666666666668 0.359375 0.071875 0.07708333333333334
0 0.9510416666666667 0.6489583333333333 0.090625 0.16458333333333333
0 0.928125 0.428125 0.065625 0.09583333333333334
0 0.18333333333333332 0.34375 0.03854166666666667 0.057291666666666664
0 0.14895833333333333 0.33229166666666665 0.027083333333333334 0.042708333333333334
0 0.23229166666666667 0.31666666666666665 0.06041666666666667 0.051041666666666666
0 0.83125 0.3125 0.078125 0.178125
0 0.7885416666666667 0.25833333333333336 0.030208333333333334 0.07083333333333333