0 0.5041666666666667 0.6458333333333334 0.0875 0.23958333333333334
0 0.8520833333333333 0.6395833333333333 0.134375 0.228125
0 0.07291666666666667 0.8458333333333333 0.14583333333333334 0.30833333333333335
0 0.18854166666666666 0.834375 0.20208333333333334 0.33125
0 0.33958333333333335 0.18541666666666667 0.04583333333333333 0.11666666666666667
0 0.23958333333333334 0.16979166666666667 0.04583333333333333 0.075
0 0.303125 0.153125 0.040625 0.06041666666666667
0 0.421875 0.19791666666666666 0.04791666666666667 0.08333333333333333
0 0.3729166666666667 0.07291666666666667 0.04583333333333333 0.04583333333333333
0 0.34791666666666665 0.03333333333333333 0.027083333333333334 0.028125
0 0.32083333333333336 0.03333333333333333 0.027083333333333334 0.040625
0 0.2947916666666667 0.10208333333333333 0.04791666666666667 0.05625