0 0.38645833333333335 0.33229166666666665 0.07395833333333333 0.140625
0 0.13854166666666667 0.6145833333333334 0.14583333333333334 0.20520833333333333
0 0.21458333333333332 0.8385416666666666 0.17604166666666668 0.28958333333333336
0 0.4895833333333333 0.915625 0.12395833333333334 0.16770833333333332
0 0.5364583333333334 0.5729166666666666 0.08333333333333333 0.18541666666666667
0 0.30520833333333336 0.26875 0.08229166666666667 0.13333333333333333
0 0.540625 0.42083333333333334 0.06666666666666667 0.13333333333333333
0 0.5458333333333333 0.30416666666666664 0.06458333333333334 0.13333333333333333
0 0.5291666666666667 0.22916666666666666 0.052083333333333336 0.09583333333333334
0 0.5104166666666666 0.17916666666666667 0.04375 0.075
0 0.4166666666666667 0.15833333333333333 0.052083333333333336 0.071875
0 0.3104166666666667 0.08125 0.04583333333333333 0.09166666666666666