0 0.48854166666666665 0.8229166666666666 0.1375 0.309375
0 0.23333333333333334 0.7833333333333333 0.171875 0.334375
0 0.5114583333333333 0.5145833333333333 0.09791666666666667 0.18333333333333332
0 0.2833333333333333 0.3177083333333333 0.096875 0.16666666666666666
0 0.365625 0.31875 0.11041666666666666 0.27708333333333335
0 0.5083333333333333 0.3416666666666667 0.06458333333333334 0.11458333333333333
0 0.48854166666666665 0.20625 0.05 0.10416666666666667
0 0.4625 0.15416666666666667 0.04791666666666667 0.08333333333333333
0 0.44895833333333335 0.115625 0.053125 0.06041666666666667
0 0.42916666666666664 0.06354166666666666 0.03333333333333333 0.05
0 0.3854166666666667 0.078125 0.03333333333333333 0.053125
0 0.346875 0.07083333333333333 0.029166666666666667 0.05625
0 0.32708333333333334 0.159375 0.04583333333333333 0.08541666666666667
0 0.390625 0.17708333333333334 0.046875 0.10625
0 0.278125 0.121875 0.041666666666666664 0.07291666666666667