0 0.49583333333333335 0.5979166666666667 0.09375 0.19166666666666668
0 0.7114583333333333 0.6229166666666667 0.12916666666666668 0.22291666666666668
0 0.06354166666666666 0.53125 0.08958333333333333 0.16875
0 0.5104166666666666 0.39166666666666666 0.090625 0.15
0 0.5479166666666667 0.29583333333333334 0.058333333333333334 0.09583333333333334
0 0.578125 0.24166666666666667 0.035416666666666666 0.0875
0 0.596875 0.20520833333333333 0.041666666666666664 0.078125
0 0.6083333333333333 0.171875 0.034375 0.06041666666666667
0 0.628125 0.12708333333333333 0.041666666666666664 0.059375
0 0.64375 0.09375 0.029166666666666667 0.05416666666666667
0 0.6916666666666667 0.07708333333333334 0.04583333333333333 0.10416666666666667
0 0.7822916666666667 0.19791666666666666 0.05 0.09583333333333334