0 0.3416666666666667 0.19791666666666666 0.06458333333333334 0.18958333333333333
0 0.5145833333333333 0.7635416666666667 0.11041666666666666 0.3416666666666667
0 0.48125 0.40729166666666666 0.06458333333333334 0.153125
0 0.4510416666666667 0.27708333333333335 0.052083333333333336 0.07916666666666666
0 0.42291666666666666 0.196875 0.04375 0.06041666666666667
0 0.403125 0.15833333333333333 0.041666666666666664 0.05625
0 0.384375 0.12083333333333333 0.040625 0.046875
0 0.37604166666666666 0.084375 0.0375 0.053125
0 0.24166666666666667 0.15833333333333333 0.04375 0.071875
0 0.28958333333333336 0.13958333333333334 0.029166666666666667 0.071875
0 0.31666666666666665 0.05 0.04583333333333333 0.071875