0 0.54375 0.4479166666666667 0.06458333333333334 0.165625
0 0.784375 0.3885416666666667 0.08958333333333333 0.15833333333333333
0 0.5645833333333333 0.23958333333333334 0.052083333333333336 0.096875
0 0.6697916666666667 0.228125 0.05416666666666667 0.096875
0 0.8177083333333334 0.7416666666666667 0.20833333333333334 0.44583333333333336
0 0.6041666666666666 0.14166666666666666 0.04583333333333333 0.08125
0 0.68125 0.12916666666666668 0.04791666666666667 0.07083333333333333
0 0.778125 0.11770833333333333 0.04791666666666667 0.06041666666666667
0 0.7104166666666667 0.05625 0.03125 0.05416666666666667
0 0.6760416666666667 0.027083333333333334 0.025 0.053125
0 0.70625 0.014583333333333334 0.028125 0.029166666666666667
0 0.634375 0.05 0.035416666666666666 0.05416666666666667