0 0.08854166666666667 0.5302083333333333 0.17708333333333334 0.32083333333333336
0 0.24791666666666667 0.46145833333333336 0.18541666666666667 0.4166666666666667
0 0.39166666666666666 0.8302083333333333 0.15 0.33125
0 0.4395833333333333 0.5645833333333333 0.10208333333333333 0.203125
0 0.44583333333333336 0.3854166666666667 0.07708333333333334 0.15833333333333333
0 0.23020833333333332 0.08541666666666667 0.053125 0.075
0 0.28854166666666664 0.07708333333333334 0.03958333333333333 0.07916666666666666
0 0.3385416666666667 0.08541666666666667 0.03958333333333333 0.06666666666666667
0 0.39166666666666666 0.0625 0.0375 0.04583333333333333
0 0.40625 0.11354166666666667 0.041666666666666664 0.06458333333333334
0 0.42083333333333334 0.17083333333333334 0.06875 0.07916666666666666
0 0.43854166666666666 0.22916666666666666 0.06458333333333334 0.12083333333333333
0 0.33125 0.221875 0.06041666666666667 0.12291666666666666
0 0.2520833333333333 0.18958333333333333 0.06458333333333334 0.13125