0 0.32916666666666666 0.40625 0.065625 0.14583333333333334
0 0.5145833333333333 0.6760416666666667 0.090625 0.24375
0 0.471875 0.3645833333333333 0.0625 0.13333333333333333
0 0.075 0.8552083333333333 0.15 0.28958333333333336
0 0.34375 0.246875 0.06041666666666667 0.08541666666666667
0 0.4354166666666667 0.23333333333333334 0.05 0.06875
0 0.29270833333333335 0.17083333333333334 0.053125 0.06875
0 0.24166666666666667 0.1625 0.04375 0.059375
0 0.390625 0.121875 0.034375 0.052083333333333336
0 0.32916666666666666 0.103125 0.04583333333333333 0.07291666666666667
0 0.290625 0.10416666666666667 0.035416666666666666 0.04375
0 0.36354166666666665 0.05 0.03958333333333333 0.03333333333333333