0 0.5177083333333333 0.7885416666666667 0.13333333333333333 0.2875
0 0.29270833333333335 0.5802083333333333 0.121875 0.221875
0 0.5020833333333333 0.5645833333333333 0.08125 0.17708333333333334
0 0.13645833333333332 0.7020833333333333 0.20833333333333334 0.359375
0 0.475 0.428125 0.07291666666666667 0.12291666666666666
0 0.446875 0.30416666666666664 0.06666666666666667 0.11458333333333333
0 0.4125 0.23541666666666666 0.06041666666666667 0.075
0 0.378125 0.18541666666666667 0.04791666666666667 0.0625
0 0.35208333333333336 0.13958333333333334 0.04583333333333333 0.04583333333333333
0 0.33541666666666664 0.096875 0.04375 0.04791666666666667
0 0.28541666666666665 0.07083333333333333 0.03333333333333333 0.03958333333333333
0 0.29375 0.10833333333333334 0.03958333333333333 0.041666666666666664
0 0.3072916666666667 0.159375 0.052083333333333336 0.071875
0 0.31666666666666665 0.24895833333333334 0.04583333333333333 0.07291666666666667
0 0.259375 0.20520833333333333 0.04791666666666667 0.065625
0 0.25416666666666665 0.13958333333333334 0.052083333333333336 0.05625
0 0.26145833333333335 0.2916666666666667 0.053125 0.09375
0 0.209375 0.184375 0.05416666666666667 0.078125