0 0.5 0.7541666666666667 0.15 0.30625
0 0.2520833333333333 0.6979166666666666 0.15 0.234375
0 0.171875 0.5427083333333333 0.134375 0.196875
0 0.4427083333333333 0.40520833333333334 0.08958333333333333 0.13958333333333334
0 0.22291666666666668 0.3104166666666667 0.06666666666666667 0.103125
0 0.2916666666666667 0.2864583333333333 0.06458333333333334 0.09583333333333334
0 0.38333333333333336 0.22604166666666667 0.059375 0.08125
0 0.2833333333333333 0.18020833333333333 0.04791666666666667 0.06041666666666667
0 0.17916666666666667 0.19375 0.053125 0.08958333333333333
0 0.22708333333333333 0.11458333333333333 0.046875 0.04583333333333333
0 0.33645833333333336 0.140625 0.046875 0.059375
0 0.296875 0.075 0.028125 0.05416666666666667
0 0.25416666666666665 0.05625 0.035416666666666666 0.040625