0 0.315625 0.42916666666666664 0.1125 0.16875
0 0.2625 0.30416666666666664 0.09791666666666667 0.128125
0 0.07604166666666666 0.6645833333333333 0.15208333333333332 0.31875
0 0.4166666666666667 0.8229166666666666 0.17916666666666667 0.3333333333333333
0 0.4875 0.546875 0.11666666666666667 0.2125
0 0.49166666666666664 0.39791666666666664 0.08125 0.13958333333333334
0 0.5125 0.27291666666666664 0.06666666666666667 0.13958333333333334
0 0.5104166666666666 0.20208333333333334 0.058333333333333334 0.10208333333333333
0 0.49166666666666664 0.14583333333333334 0.052083333333333336 0.08333333333333333
0 0.48020833333333335 0.08020833333333334 0.053125 0.078125
0 0.415625 0.08020833333333334 0.05416666666666667 0.078125
0 0.3072916666666667 0.06041666666666667 0.04791666666666667 0.075
0 0.415625 0.016666666666666666 0.027083333333333334 0.03333333333333333
0 0.3375 0.14375 0.046875 0.10416666666666667
0 0.3927083333333333 0.18645833333333334 0.06041666666666667 0.09791666666666667