0 0.578125 0.7375 0.12708333333333333 0.28958333333333336
0 0.35104166666666664 0.771875 0.13333333333333333 0.3125
0 0.525 0.4510416666666667 0.09583333333333334 0.17083333333333334
0 0.2760416666666667 0.33541666666666664 0.09583333333333334 0.15625
0 0.35 0.31354166666666666 0.11041666666666666 0.259375
0 0.490625 0.2833333333333333 0.08333333333333333 0.103125
0 0.4395833333333333 0.16354166666666667 0.06666666666666667 0.07708333333333334
0 0.40208333333333335 0.12083333333333333 0.046875 0.07708333333333334
0 0.3572916666666667 0.059375 0.04791666666666667 0.04791666666666667
0 0.3020833333333333 0.035416666666666666 0.03333333333333333 0.04375
0 0.3177083333333333 0.078125 0.035416666666666666 0.052083333333333336
0 0.2791666666666667 0.08958333333333333 0.04375 0.059375
0 0.22708333333333333 0.14270833333333333 0.058333333333333334 0.078125
0 0.28125 0.1625 0.053125 0.07083333333333333