0 0.8364583333333333 0.7083333333333334 0.13125 0.2375
0 0.49166666666666664 0.7895833333333333 0.103125 0.2708333333333333
0 0.178125 0.8875 0.16875 0.225
0 0.246875 0.3958333333333333 0.08333333333333333 0.12916666666666668
0 0.49375 0.5666666666666667 0.065625 0.1625
0 0.4822916666666667 0.43333333333333335 0.0625 0.121875
0 0.46875 0.315625 0.06041666666666667 0.11041666666666666
0 0.446875 0.24583333333333332 0.04791666666666667 0.071875
0 0.4197916666666667 0.203125 0.0375 0.06041666666666667
0 0.28125 0.24791666666666667 0.041666666666666664 0.08125
0 0.3375 0.31666666666666665 0.053125 0.09166666666666666
0 0.3458333333333333 0.18958333333333333 0.03958333333333333 0.07708333333333334
0 0.28958333333333336 0.16145833333333334 0.03958333333333333 0.065625
0 0.24166666666666667 0.159375 0.04375 0.065625
0 0.33958333333333335 0.11875 0.03125 0.05416666666666667
0 0.39166666666666666 0.13958333333333334 0.041666666666666664 0.053125
0 0.37916666666666665 0.096875 0.03333333333333333 0.04791666666666667
0 0.334375 0.075 0.029166666666666667 0.041666666666666664