0 0.5229166666666667 0.6947916666666667 0.12916666666666668 0.25
0 0.8520833333333333 0.534375 0.16458333333333333 0.253125
0 0.7395833333333334 0.6125 0.15416666666666667 0.27708333333333335
0 0.5166666666666667 0.45416666666666666 0.09375 0.15833333333333333
0 0.5145833333333333 0.3385416666666667 0.06458333333333334 0.125
0 0.53125 0.2635416666666667 0.04791666666666667 0.075
0 0.5510416666666667 0.23020833333333332 0.0375 0.078125
0 0.5666666666666667 0.19166666666666668 0.04375 0.08125
0 0.5760416666666667 0.14375 0.035416666666666666 0.059375
0 0.6375 0.17708333333333334 0.041666666666666664 0.071875
0 0.6479166666666667 0.29583333333333334 0.052083333333333336 0.096875
0 0.7458333333333333 0.14791666666666667 0.052083333333333336 0.09583333333333334
0 0.60625 0.06041666666666667 0.03333333333333333 0.041666666666666664