0 0.38958333333333334 0.7739583333333333 0.12291666666666666 0.265625
0 0.6385416666666667 0.5604166666666667 0.1 0.21354166666666666
0 0.4427083333333333 0.5458333333333333 0.084375 0.165625
0 0.771875 0.6802083333333333 0.13541666666666666 0.33645833333333336
0 0.48541666666666666 0.41041666666666665 0.065625 0.11354166666666667
0 0.5270833333333333 0.2916666666666667 0.06458333333333334 0.13333333333333333
0 0.6604166666666667 0.23125 0.04583333333333333 0.058333333333333334
0 0.7083333333333334 0.27708333333333335 0.04791666666666667 0.08541666666666667
0 0.7260416666666667 0.19375 0.035416666666666666 0.071875
0 0.7791666666666667 0.17291666666666666 0.041666666666666664 0.07916666666666666
0 0.6854166666666667 0.14583333333333334 0.04583333333333333 0.05625