0 0.9166666666666666 0.7135416666666666 0.165625 0.27708333333333335
0 0.44583333333333336 0.27291666666666664 0.0625 0.10208333333333333
0 0.35208333333333336 0.5416666666666666 0.11666666666666667 0.215625
0 0.234375 0.553125 0.14375 0.20833333333333334
0 0.26458333333333334 0.24583333333333332 0.05 0.084375
0 0.35208333333333336 0.7979166666666667 0.20208333333333334 0.4041666666666667
0 0.5604166666666667 0.6416666666666667 0.125 0.25833333333333336
0 0.321875 0.21979166666666666 0.05625 0.096875
0 0.21458333333333332 0.19583333333333333 0.059375 0.07708333333333334
0 0.38125 0.18020833333333333 0.058333333333333334 0.06041666666666667
0 0.25625 0.11875 0.040625 0.04583333333333333
0 0.28541666666666665 0.09479166666666666 0.041666666666666664 0.03958333333333333
0 0.31666666666666665 0.075 0.041666666666666664 0.03333333333333333
0 0.271875 0.06458333333333334 0.029166666666666667 0.028125