0 0.06458333333333334 0.8520833333333333 0.128125 0.29583333333333334
0 0.3333333333333333 0.371875 0.071875 0.19166666666666668
0 0.471875 0.3385416666666667 0.052083333333333336 0.1125
0 0.2864583333333333 0.23958333333333334 0.053125 0.084375
0 0.2375 0.15729166666666666 0.046875 0.075
0 0.3416666666666667 0.18125 0.0375 0.07083333333333333
0 0.421875 0.19166666666666668 0.052083333333333336 0.07083333333333333
0 0.390625 0.12604166666666666 0.041666666666666664 0.06041666666666667
0 0.33229166666666665 0.115625 0.0375 0.06041666666666667
0 0.3645833333333333 0.05520833333333333 0.03125 0.035416666666666666
0 0.321875 0.035416666666666666 0.029166666666666667 0.04583333333333333
0 0.2916666666666667 0.05625 0.03125 0.046875