0 0.6375 0.33958333333333335 0.084375 0.15
0 0.875 0.6020833333333333 0.16041666666666668 0.23541666666666666
0 0.8145833333333333 0.8052083333333333 0.18958333333333333 0.30416666666666664
0 0.5552083333333333 0.8989583333333333 0.14583333333333334 0.196875
0 0.5020833333333333 0.5697916666666667 0.10833333333333334 0.203125
0 0.7083333333333334 0.27708333333333335 0.0875 0.153125
0 0.496875 0.4270833333333333 0.06666666666666667 0.13333333333333333
0 0.4895833333333333 0.3104166666666667 0.07083333333333333 0.13333333333333333
0 0.5 0.24375 0.05416666666666667 0.09166666666666666
0 0.5177083333333333 0.19791666666666666 0.040625 0.08125
0 0.5333333333333333 0.146875 0.04375 0.06041666666666667
0 0.54375 0.09583333333333334 0.046875 0.04375
0 0.6 0.08958333333333333 0.040625 0.05416666666666667
0 0.559375 0.016666666666666666 0.035416666666666666 0.03333333333333333
0 0.7041666666666667 0.103125 0.058333333333333334 0.06458333333333334
0 0.6041666666666666 0.18125 0.058333333333333334 0.07083333333333333