0 0.22916666666666666 0.384375 0.0625 0.09791666666666667
0 0.5583333333333333 0.39166666666666666 0.053125 0.0875
0 0.309375 0.4 0.0375 0.041666666666666664
0 0.6354166666666666 0.4041666666666667 0.03958333333333333 0.05
0 0.6666666666666666 0.434375 0.05 0.04791666666666667
0 0.584375 0.4375 0.04375 0.05
0 0.5145833333333333 0.4895833333333333 0.04583333333333333 0.07083333333333333
0 0.32395833333333335 0.5177083333333333 0.06041666666666667 0.07291666666666667
0 0.7916666666666666 0.5239583333333333 0.16666666666666666 0.18958333333333333
0 0.5385416666666667 0.5854166666666667 0.07916666666666666 0.10833333333333334
0 0.7020833333333333 0.6333333333333333 0.09791666666666667 0.125
0 0.9104166666666667 0.690625 0.125 0.13958333333333334
0 0.5958333333333333 0.7333333333333333 0.10208333333333333 0.15