0 0.5854166666666667 0.4041666666666667 0.10833333333333334 0.13333333333333333
0 0.4947916666666667 0.42604166666666665 0.04583333333333333 0.05625
0 0.28125 0.43125 0.059375 0.07916666666666666
0 0.515625 0.4895833333333333 0.06145833333333333 0.06666666666666667
0 0.65 0.503125 0.13125 0.18541666666666667
0 0.5354166666666667 0.5635416666666667 0.07291666666666667 0.10625
0 0.052083333333333336 0.5729166666666666 0.10416666666666667 0.20729166666666668
0 0.29791666666666666 0.6427083333333333 0.08958333333333333 0.11875
0 0.5697916666666667 0.6802083333333333 0.10208333333333333 0.11875
0 0.8291666666666667 0.725 0.3229166666666667 0.490625
0 0.06875 0.809375 0.1375 0.2604166666666667
0 0.6052083333333333 0.83125 0.13645833333333332 0.2125
0 0.6645833333333333 0.9375 0.16041666666666668 0.125