0 0.25416666666666665 0.37083333333333335 0.046875 0.06666666666666667
0 0.5479166666666667 0.38645833333333335 0.04791666666666667 0.06875
0 0.3645833333333333 0.4166666666666667 0.03958333333333333 0.041666666666666664
0 0.65 0.41875 0.06875 0.10833333333333334
0 0.503125 0.434375 0.04375 0.06458333333333334
0 0.26666666666666666 0.44583333333333336 0.096875 0.13333333333333333
0 0.5864583333333333 0.4510416666666667 0.04583333333333333 0.05625
0 0.7541666666666667 0.4864583333333333 0.146875 0.20208333333333334
0 0.63125 0.5052083333333334 0.08125 0.12291666666666666
0 0.5291666666666667 0.5385416666666667 0.065625 0.08958333333333333
0 0.753125 0.6645833333333333 0.15 0.25
0 0.590625 0.7020833333333333 0.115625 0.16666666666666666