0 0.3697916666666667 0.3885416666666667 0.0375 0.041666666666666664
0 0.7177083333333333 0.42916666666666664 0.13125 0.125
0 0.6083333333333333 0.4322916666666667 0.059375 0.115625
0 0.24791666666666667 0.440625 0.10416666666666667 0.14791666666666667
0 0.5583333333333333 0.4666666666666667 0.06354166666666666 0.075
0 0.5041666666666667 0.4895833333333333 0.05416666666666667 0.06875
0 0.528125 0.5625 0.071875 0.09895833333333333
0 0.7395833333333334 0.590625 0.13854166666666667 0.2552083333333333
0 0.571875 0.66875 0.09583333333333334 0.1375
0 0.8604166666666667 0.765625 0.2791666666666667 0.46875
0 0.60625 0.8083333333333333 0.134375 0.20729166666666668