0 0.6489583333333333 0.42916666666666664 0.05416666666666667 0.058333333333333334
0 0.5708333333333333 0.4354166666666667 0.046875 0.0625
0 0.49166666666666664 0.43645833333333334 0.04583333333333333 0.06458333333333334
0 0.24479166666666666 0.453125 0.10416666666666667 0.16875
0 0.740625 0.48020833333333335 0.1 0.11875
0 0.5302083333333333 0.5166666666666667 0.07083333333333333 0.09583333333333334
0 0.6645833333333333 0.5458333333333333 0.096875 0.17916666666666667
0 0.046875 0.5729166666666666 0.09375 0.26666666666666666
0 0.9135416666666667 0.6854166666666667 0.17291666666666666 0.35833333333333334
0 0.790625 0.6875 0.178125 0.325
0 0.678125 0.9197916666666667 0.15625 0.16041666666666668