0 0.5510416666666667 0.384375 0.05416666666666667 0.08125
0 0.678125 0.4 0.040625 0.0625
0 0.6375 0.403125 0.046875 0.08541666666666667
0 0.49375 0.425 0.046875 0.05416666666666667
0 0.5052083333333334 0.46875 0.05416666666666667 0.06666666666666667
0 0.7291666666666666 0.478125 0.090625 0.14375
0 0.32708333333333334 0.4895833333333333 0.06041666666666667 0.07083333333333333
0 0.8125 0.5041666666666667 0.115625 0.10833333333333334
0 0.6197916666666666 0.5104166666666666 0.06458333333333334 0.13333333333333333
0 0.5270833333333333 0.515625 0.065625 0.05625
0 0.55625 0.56875 0.071875 0.09166666666666666
0 0.029166666666666667 0.6104166666666667 0.058333333333333334 0.15833333333333333
0 0.5375 0.625 0.0875 0.15
0 0.865625 0.721875 0.221875 0.33958333333333335
0 0.575 0.728125 0.115625 0.18958333333333333
0 0.6135416666666667 0.8375 0.12708333333333333 0.175
0 0.9260416666666667 0.8489583333333334 0.14791666666666667 0.3020833333333333
0 0.6427083333333333 0.95 0.16458333333333333 0.1
0 0.6 0.34791666666666665 0.053125 0.1
0 0.6697916666666667 0.5479166666666667 0.10104166666666667 0.19166666666666668