0 0.46770833333333334 0.32708333333333334 0.022916666666666665 0.025
0 0.5072916666666667 0.3302083333333333 0.029166666666666667 0.03125
0 0.625 0.3729166666666667 0.071875 0.125
0 0.5604166666666667 0.38333333333333336 0.06666666666666667 0.10416666666666667
0 0.3697916666666667 0.39791666666666664 0.041666666666666664 0.041666666666666664
0 0.3020833333333333 0.40625 0.05625 0.0625
0 0.5010416666666667 0.4083333333333333 0.07708333333333334 0.125
0 0.18229166666666666 0.434375 0.09166666666666666 0.11875
0 0.25416666666666665 0.46875 0.06875 0.10416666666666667
0 0.690625 0.475 0.065625 0.0875
0 0.35 0.5020833333333333 0.05625 0.0625
0 0.809375 0.5479166666666667 0.1125 0.14166666666666666
0 0.16145833333333334 0.5510416666666667 0.12083333333333333 0.13541666666666666
0 0.590625 0.7479166666666667 0.1125 0.15
0 0.871875 0.8020833333333334 0.25625 0.3958333333333333
0 0.04791666666666667 0.8270833333333333 0.09583333333333334 0.30416666666666664
0 0.19270833333333334 0.93125 0.16666666666666666 0.1375