0 0.37395833333333334 0.3958333333333333 0.035416666666666666 0.05
0 0.4895833333333333 0.40729166666666666 0.0375 0.04375
0 0.7208333333333333 0.46041666666666664 0.12916666666666668 0.175
0 0.5 0.471875 0.05625 0.07291666666666667
0 0.271875 0.475 0.05625 0.07083333333333333
0 0.796875 0.49375 0.046875 0.06666666666666667
0 0.328125 0.5041666666666667 0.05625 0.075
0 0.6489583333333333 0.5458333333333333 0.09583333333333334 0.1625
0 0.5447916666666667 0.5510416666666667 0.06458333333333334 0.09375
0 0.9447916666666667 0.7197916666666667 0.11041666666666666 0.22708333333333333
0 0.8020833333333334 0.775 0.13541666666666666 0.19166666666666668