0 0.35208333333333336 0.31666666666666665 0.0375 0.06666666666666667
0 0.3229166666666667 0.3572916666666667 0.058333333333333334 0.08958333333333333
0 0.5458333333333333 0.3958333333333333 0.03125 0.041666666666666664
0 0.234375 0.39791666666666664 0.053125 0.08333333333333333
0 0.6291666666666667 0.4041666666666667 0.052083333333333336 0.075
0 0.36666666666666664 0.4197916666666667 0.04375 0.05625
0 0.5010416666666667 0.4322916666666667 0.03958333333333333 0.05625
0 0.5791666666666667 0.434375 0.041666666666666664 0.05625
0 0.7083333333333334 0.4395833333333333 0.046875 0.05
0 0.3302083333333333 0.453125 0.052083333333333336 0.05625
0 0.61875 0.490625 0.053125 0.08958333333333333
0 0.7041666666666667 0.49375 0.065625 0.075
0 0.5229166666666667 0.5 0.053125 0.07916666666666666
0 0.165625 0.609375 0.08645833333333333 0.09479166666666666
0 0.28854166666666664 0.6364583333333333 0.08229166666666667 0.10520833333333333
0 0.8604166666666667 0.6447916666666667 0.1 0.13125
0 0.7791666666666667 0.7020833333333333 0.184375 0.30833333333333335