0 0.5635416666666667 0.38333333333333336 0.052083333333333336 0.09166666666666666
0 0.203125 0.40729166666666666 0.109375 0.15208333333333332
0 0.29375 0.42604166666666665 0.04375 0.05416666666666667
0 0.49583333333333335 0.425 0.040625 0.05
0 0.3572916666666667 0.43645833333333334 0.040625 0.058333333333333334
0 0.7260416666666667 0.46770833333333334 0.10208333333333333 0.19791666666666666
0 0.5041666666666667 0.4864583333333333 0.05625 0.07291666666666667
0 0.209375 0.49895833333333334 0.06666666666666667 0.07291666666666667
0 0.65625 0.503125 0.159375 0.23958333333333334
0 0.546875 0.5875 0.075 0.11666666666666667
0 0.296875 0.628125 0.10625 0.15416666666666667
0 0.14479166666666668 0.6427083333333333 0.08958333333333333 0.09375