0 0.2916666666666667 0.37916666666666665 0.07291666666666667 0.10833333333333334
0 0.38333333333333336 0.38125 0.035416666666666666 0.04583333333333333
0 0.6072916666666667 0.38645833333333335 0.041666666666666664 0.04791666666666667
0 0.23125 0.39166666666666666 0.046875 0.05416666666666667
0 0.49166666666666664 0.409375 0.03958333333333333 0.04791666666666667
0 0.184375 0.4354166666666667 0.065625 0.09166666666666666
0 0.5791666666666667 0.44375 0.04583333333333333 0.058333333333333334
0 0.6802083333333333 0.44375 0.10208333333333333 0.12083333333333333
0 0.5083333333333333 0.465625 0.052083333333333336 0.06458333333333334
0 0.11354166666666667 0.5052083333333334 0.09791666666666667 0.12708333333333333
0 0.634375 0.5229166666666667 0.065625 0.07916666666666666
0 0.32916666666666666 0.5666666666666667 0.07083333333333333 0.0875
0 0.7083333333333334 0.609375 0.09583333333333334 0.12291666666666666
0 0.08020833333333334 0.7083333333333334 0.16041666666666668 0.2708333333333333
0 0.60625 0.803125 0.121875 0.19791666666666666