0 0.5364583333333334 0.3104166666666667 0.027083333333333334 0.05
0 0.46041666666666664 0.31875 0.025 0.03333333333333333
0 0.5083333333333333 0.31979166666666664 0.05 0.06875
0 0.5625 0.34479166666666666 0.040625 0.08125
0 0.5041666666666667 0.35 0.03125 0.04583333333333333
0 0.3885416666666667 0.3729166666666667 0.05416666666666667 0.0375
0 0.30625 0.375 0.05625 0.08333333333333333
0 0.4895833333333333 0.38645833333333335 0.03958333333333333 0.05625
0 0.37083333333333335 0.4083333333333333 0.071875 0.058333333333333334
0 0.28125 0.41354166666666664 0.06875 0.09791666666666667
0 0.5020833333333333 0.45208333333333334 0.065625 0.058333333333333334
0 0.35833333333333334 0.4666666666666667 0.06666666666666667 0.0875
0 0.521875 0.5270833333333333 0.078125 0.09583333333333334
0 0.8458333333333333 0.5760416666666667 0.14375 0.20208333333333334
0 0.934375 0.59375 0.08125 0.14166666666666666
0 0.7302083333333333 0.6375 0.11458333333333333 0.16666666666666666
0 0.5822916666666667 0.6427083333333333 0.10833333333333334 0.18125
0 0.284375 0.653125 0.1125 0.16041666666666668
0 0.9291666666666667 0.9354166666666667 0.14166666666666666 0.12916666666666668