0 0.2625 0.36041666666666666 0.05625 0.07083333333333333
0 0.32395833333333335 0.3625 0.06458333333333334 0.0875
0 0.5291666666666667 0.3729166666666667 0.034375 0.04583333333333333
0 0.49583333333333335 0.3958333333333333 0.03958333333333333 0.058333333333333334
0 0.20104166666666667 0.41458333333333336 0.10208333333333333 0.10416666666666667
0 0.3645833333333333 0.415625 0.046875 0.06458333333333334
0 0.20729166666666668 0.5177083333333333 0.14583333333333334 0.21041666666666667
0 0.328125 0.5208333333333334 0.0625 0.08333333333333333
0 0.071875 0.534375 0.109375 0.16041666666666668
0 0.6739583333333333 0.6708333333333333 0.09166666666666666 0.1375
0 0.66875 0.9135416666666667 0.171875 0.171875
0 0.18645833333333334 0.9010416666666666 0.17604166666666668 0.196875