0 0.3229166666666667 0.359375 0.05 0.07708333333333334
0 0.38229166666666664 0.3729166666666667 0.03333333333333333 0.03333333333333333
0 0.5510416666666667 0.3875 0.035416666666666666 0.05416666666666667
0 0.37083333333333335 0.409375 0.03333333333333333 0.03958333333333333
0 0.4979166666666667 0.4197916666666667 0.041666666666666664 0.06041666666666667
0 0.584375 0.42604166666666665 0.04375 0.06875
0 0.28541666666666665 0.428125 0.040625 0.052083333333333336
0 0.20104166666666667 0.4375 0.07083333333333333 0.09166666666666666
0 0.509375 0.4708333333333333 0.046875 0.07083333333333333
0 0.12395833333333334 0.48020833333333335 0.09791666666666667 0.14375
0 0.34479166666666666 0.49583333333333335 0.06458333333333334 0.07083333333333333
0 0.7333333333333333 0.4979166666666667 0.07083333333333333 0.10833333333333334
0 0.6822916666666666 0.5291666666666667 0.16458333333333333 0.2708333333333333
0 0.215625 0.5416666666666666 0.071875 0.09166666666666666
0 0.5791666666666667 0.5958333333333333 0.1625 0.2875
0 0.8510416666666667 0.6 0.12708333333333333 0.18333333333333332
0 0.30625 0.6135416666666667 0.084375 0.10625
0 0.08333333333333333 0.6447916666666667 0.16458333333333333 0.18541666666666667