0 0.34479166666666666 0.32916666666666666 0.04791666666666667 0.07083333333333333
0 0.5239583333333333 0.34270833333333334 0.03958333333333333 0.07291666666666667
0 0.3854166666666667 0.35833333333333334 0.03333333333333333 0.041666666666666664
0 0.575 0.35833333333333334 0.040625 0.07083333333333333
0 0.29375 0.39791666666666664 0.06875 0.10416666666666667
0 0.20416666666666666 0.41770833333333335 0.06458333333333334 0.08958333333333333
0 0.33541666666666664 0.48854166666666665 0.06666666666666667 0.07708333333333334
0 0.08333333333333333 0.703125 0.125 0.16458333333333333
0 0.24583333333333332 0.8208333333333333 0.12083333333333333 0.16666666666666666
0 0.5322916666666667 0.48125 0.05416666666666667 0.08541666666666667
0 0.5947916666666667 0.46875 0.05 0.07083333333333333