0 0.30416666666666664 0.40625 0.040625 0.04583333333333333
0 0.5927083333333333 0.415625 0.07916666666666666 0.14791666666666667
0 0.19270833333333334 0.421875 0.08541666666666667 0.13125
0 0.6729166666666667 0.42604166666666665 0.06041666666666667 0.11875
0 0.4979166666666667 0.4479166666666667 0.04583333333333333 0.075
0 0.5229166666666667 0.5052083333333334 0.059375 0.07291666666666667
0 0.5229166666666667 0.5614583333333333 0.071875 0.09791666666666667
0 0.5583333333333333 0.625 0.075 0.125
0 0.7677083333333333 0.634375 0.20208333333333334 0.28541666666666665
0 0.5895833333333333 0.721875 0.103125 0.16458333333333333
0 0.084375 0.7364583333333333 0.125 0.12708333333333333
0 0.634375 0.8979166666666667 0.146875 0.20416666666666666