0 0.60625 0.3697916666666667 0.0625 0.09375
0 0.553125 0.38333333333333336 0.05 0.09583333333333334
0 0.4875 0.39791666666666664 0.0375 0.04583333333333333
0 0.6708333333333333 0.42916666666666664 0.10416666666666667 0.15416666666666667
0 0.4979166666666667 0.43645833333333334 0.04375 0.06041666666666667
0 0.5854166666666667 0.4479166666666667 0.05 0.0625
0 0.7572916666666667 0.46875 0.06458333333333334 0.06666666666666667
0 0.5166666666666667 0.490625 0.05 0.07291666666666667
0 0.6177083333333333 0.490625 0.06458333333333334 0.07708333333333334
0 0.6885416666666667 0.5604166666666667 0.09583333333333334 0.18333333333333332
0 0.5666666666666667 0.5729166666666666 0.07708333333333334 0.1125
0 0.29270833333333335 0.6 0.08541666666666667 0.1125
0 0.7604166666666666 0.73125 0.134375 0.16666666666666666