0 0.38333333333333336 0.34479166666666666 0.027083333333333334 0.03125
0 0.5541666666666667 0.38229166666666664 0.065625 0.11041666666666666
0 0.6083333333333333 0.38958333333333334 0.03958333333333333 0.05416666666666667
0 0.6416666666666667 0.421875 0.05625 0.07291666666666667
0 0.4979166666666667 0.43125 0.040625 0.04583333333333333
0 0.35208333333333336 0.4375 0.04791666666666667 0.05416666666666667
0 0.18541666666666667 0.4479166666666667 0.071875 0.09166666666666666
0 0.6958333333333333 0.4875 0.06041666666666667 0.07083333333333333
0 0.6041666666666666 0.4895833333333333 0.058333333333333334 0.07083333333333333
0 0.5427083333333333 0.5447916666666667 0.07083333333333333 0.09375
0 0.8041666666666667 0.5604166666666667 0.11041666666666666 0.15833333333333333
0 0.5833333333333334 0.7041666666666667 0.103125 0.12916666666666668
0 0.765625 0.721875 0.128125 0.16875