0 0.3229166666666667 0.359375 0.05 0.07708333333333334
0 0.38229166666666664 0.3729166666666667 0.03333333333333333 0.03333333333333333
0 0.5541666666666667 0.38958333333333334 0.035416666666666666 0.05416666666666667
0 0.37083333333333335 0.409375 0.03333333333333333 0.03958333333333333
0 0.28541666666666665 0.428125 0.040625 0.052083333333333336
0 0.49895833333333334 0.43020833333333336 0.04583333333333333 0.06458333333333334
0 0.5927083333333333 0.43333333333333335 0.04791666666666667 0.075
0 0.20104166666666667 0.4375 0.07083333333333333 0.09166666666666666
0 0.12395833333333334 0.48020833333333335 0.09791666666666667 0.14375
0 0.34479166666666666 0.49583333333333335 0.06458333333333334 0.07083333333333333
0 0.7447916666666666 0.5041666666666667 0.07083333333333333 0.10833333333333334
0 0.215625 0.5416666666666666 0.071875 0.09166666666666666
0 0.6916666666666667 0.5479166666666667 0.17083333333333334 0.2708333333333333
0 0.315625 0.5885416666666666 0.084375 0.10625
0 0.8645833333333334 0.60625 0.12708333333333333 0.18333333333333332
0 0.5854166666666667 0.615625 0.17083333333333334 0.3145833333333333
0 0.11145833333333334 0.6197916666666666 0.15416666666666667 0.18541666666666667
0 0.18229166666666666 0.9520833333333333 0.15 0.09479166666666666