0 0.3020833333333333 0.38958333333333334 0.052083333333333336 0.07916666666666666
0 0.5614583333333333 0.40208333333333335 0.04583333333333333 0.1
0 0.22916666666666666 0.4239583333333333 0.046875 0.05625
0 0.49583333333333335 0.4270833333333333 0.040625 0.05
0 0.6583333333333333 0.4322916666666667 0.103125 0.09791666666666667
0 0.521875 0.515625 0.065625 0.12708333333333333
0 0.859375 0.54375 0.084375 0.075
0 0.309375 0.5822916666666667 0.071875 0.08125
0 0.7145833333333333 0.621875 0.128125 0.20208333333333334
0 0.8375 0.621875 0.13125 0.18125
0 0.9645833333333333 0.65625 0.07083333333333333 0.13333333333333333
0 0.5822916666666667 0.6604166666666667 0.09583333333333334 0.1375
0 0.03333333333333333 0.8479166666666667 0.06666666666666667 0.275
0 0.9104166666666667 0.9052083333333333 0.178125 0.18958333333333333