0 0.47708333333333336 0.33958333333333335 0.029166666666666667 0.041666666666666664
0 0.3885416666666667 0.353125 0.03125 0.035416666666666666
0 0.32916666666666666 0.353125 0.03958333333333333 0.06875
0 0.36875 0.38645833333333335 0.0375 0.04375
0 0.5479166666666667 0.41875 0.05 0.07083333333333333
0 0.17083333333333334 0.4322916666666667 0.109375 0.10833333333333334
0 0.2520833333333333 0.45416666666666666 0.10625 0.171875
0 0.49375 0.44166666666666665 0.05 0.0875
0 0.6572916666666667 0.5458333333333333 0.075 0.11041666666666666
0 0.059375 0.5697916666666667 0.11875 0.20625
0 0.27291666666666664 0.7041666666666667 0.10208333333333333 0.15104166666666666
0 0.896875 0.8083333333333333 0.20625 0.38333333333333336