0 0.271875 0.35520833333333335 0.06875 0.10625
0 0.33541666666666664 0.365625 0.028125 0.04375
0 0.37916666666666665 0.37604166666666666 0.03333333333333333 0.035416666666666666
0 0.290625 0.4 0.071875 0.10416666666666667
0 0.5979166666666667 0.42291666666666666 0.09375 0.15833333333333333
0 0.3572916666666667 0.42604166666666665 0.04583333333333333 0.05625
0 0.6552083333333333 0.43333333333333335 0.052083333333333336 0.08333333333333333
0 0.51875 0.446875 0.08125 0.15625
0 0.7166666666666667 0.48333333333333334 0.07291666666666667 0.12083333333333333
0 0.32916666666666666 0.5083333333333333 0.0625 0.075
0 0.20520833333333333 0.5447916666666667 0.07916666666666666 0.08541666666666667
0 0.5697916666666667 0.5979166666666667 0.08541666666666667 0.1375
0 0.035416666666666666 0.603125 0.07083333333333333 0.18125
0 0.253125 0.7666666666666667 0.121875 0.15416666666666667
0 0.04375 0.8541666666666666 0.0875 0.17916666666666667