0 0.37916666666666665 0.3802083333333333 0.03333333333333333 0.03958333333333333
0 0.6041666666666666 0.38229166666666664 0.04375 0.06875
0 0.5416666666666666 0.38333333333333336 0.035416666666666666 0.05
0 0.4864583333333333 0.39895833333333336 0.03958333333333333 0.052083333333333336
0 0.23958333333333334 0.4010416666666667 0.0625 0.07708333333333334
0 0.30625 0.40208333333333335 0.0375 0.05
0 0.5708333333333333 0.415625 0.0375 0.06458333333333334
0 0.18333333333333332 0.428125 0.075 0.11041666666666666
0 0.36041666666666666 0.4395833333333333 0.05 0.05
0 0.665625 0.44583333333333336 0.053125 0.06666666666666667
0 0.5104166666666666 0.47291666666666665 0.04791666666666667 0.0875
0 0.6208333333333333 0.47604166666666664 0.0625 0.10208333333333333
0 0.25625 0.48125 0.05 0.075
0 0.3416666666666667 0.503125 0.06041666666666667 0.07708333333333334
0 0.190625 0.53125 0.103125 0.15833333333333333
0 0.5291666666666667 0.546875 0.0625 0.10208333333333333
0 0.8208333333333333 0.5635416666666667 0.03958333333333333 0.12708333333333333
0 0.7666666666666667 0.6520833333333333 0.2375 0.37916666666666665
0 0.2760416666666667 0.6958333333333333 0.08541666666666667 0.1125
0 0.6479166666666667 0.7697916666666667 0.253125 0.46041666666666664
0 0.94375 0.7125 0.1125 0.24479166666666666