0 0.5135416666666667 0.325 0.035416666666666666 0.0625
0 0.5583333333333333 0.334375 0.035416666666666666 0.06458333333333334
0 0.3333333333333333 0.34479166666666666 0.05416666666666667 0.08541666666666667
0 0.28125 0.34791666666666665 0.05625 0.07083333333333333
0 0.3770833333333333 0.378125 0.03333333333333333 0.035416666666666666
0 0.5572916666666666 0.409375 0.03958333333333333 0.05625
0 0.26145833333333335 0.44166666666666665 0.10208333333333333 0.14583333333333334
0 0.15208333333333332 0.46145833333333336 0.07708333333333334 0.11875
0 0.29583333333333334 0.5958333333333333 0.090625 0.11666666666666667
0 0.5104166666666666 0.4270833333333333 0.041666666666666664 0.06145833333333333
0 0.35 0.4354166666666667 0.04479166666666667 0.058333333333333334