0 0.5083333333333333 0.321875 0.041666666666666664 0.06458333333333334
0 0.3333333333333333 0.3541666666666667 0.053125 0.07916666666666666
0 0.26458333333333334 0.36666666666666664 0.040625 0.07083333333333333
0 0.553125 0.378125 0.053125 0.10208333333333333
0 0.3770833333333333 0.3854166666666667 0.040625 0.05416666666666667
0 0.48333333333333334 0.3875 0.03333333333333333 0.04583333333333333
0 0.6333333333333333 0.41458333333333336 0.06041666666666667 0.1
0 0.25729166666666664 0.465625 0.06041666666666667 0.06875
0 0.34479166666666666 0.478125 0.05416666666666667 0.06458333333333334
0 0.15625 0.6635416666666667 0.10625 0.12291666666666666
0 0.6395833333333333 0.7520833333333333 0.1125 0.18333333333333332
0 0.84375 0.8114583333333333 0.153125 0.21041666666666667
0 0.22291666666666668 0.884375 0.146875 0.19375