0 0.5895833333333333 0.3375 0.058333333333333334 0.0875
0 0.5333333333333333 0.35 0.05416666666666667 0.10833333333333334
0 0.2947916666666667 0.3541666666666667 0.041666666666666664 0.058333333333333334
0 0.3875 0.36041666666666666 0.03125 0.041666666666666664
0 0.48333333333333334 0.3625 0.05416666666666667 0.09583333333333334
0 0.36666666666666664 0.4239583333333333 0.03958333333333333 0.05625
0 0.49583333333333335 0.4270833333333333 0.05 0.06666666666666667
0 0.2635416666666667 0.44375 0.05416666666666667 0.0875
0 0.18333333333333332 0.4552083333333333 0.075 0.10625
0 0.6114583333333333 0.45729166666666665 0.11458333333333333 0.18958333333333333
0 0.7385416666666667 0.4822916666666667 0.13541666666666666 0.17708333333333334
0 0.31666666666666665 0.5489583333333333 0.084375 0.08958333333333333
0 0.9427083333333334 0.7177083333333333 0.11458333333333333 0.29791666666666666
0 0.59375 0.725 0.109375 0.1625
0 0.8416666666666667 0.8083333333333333 0.15 0.225