0 0.29791666666666666 0.3375 0.03333333333333333 0.04583333333333333
0 0.3385416666666667 0.34479166666666666 0.029166666666666667 0.052083333333333336
0 0.38645833333333335 0.34479166666666666 0.029166666666666667 0.035416666666666666
0 0.6125 0.3625 0.065625 0.10416666666666667
0 0.553125 0.371875 0.059375 0.10208333333333333
0 0.49166666666666664 0.38958333333333334 0.07083333333333333 0.12083333333333333
0 0.7239583333333334 0.4427083333333333 0.052083333333333336 0.05625
0 0.665625 0.446875 0.053125 0.08125
0 0.3572916666666667 0.45729166666666665 0.052083333333333336 0.06041666666666667
0 0.2625 0.46458333333333335 0.078125 0.0875
0 0.11979166666666667 0.4979166666666667 0.12916666666666668 0.15416666666666667
0 0.178125 0.5895833333333333 0.128125 0.18333333333333332
0 0.546875 0.5989583333333334 0.084375 0.11041666666666666
0 0.30625 0.6708333333333333 0.0875 0.11666666666666667
0 0.9125 0.6760416666666667 0.175 0.36041666666666666
0 0.8083333333333333 0.709375 0.2833333333333333 0.46041666666666664
0 0.0375 0.7333333333333333 0.075 0.2125