0 0.50625 0.31666666666666665 0.0375 0.07083333333333333
0 0.4739583333333333 0.3541666666666667 0.03333333333333333 0.041666666666666664
0 0.378125 0.375 0.03125 0.041666666666666664
0 0.30833333333333335 0.3802083333333333 0.059375 0.11458333333333333
0 0.6145833333333334 0.38333333333333336 0.046875 0.075
0 0.49583333333333335 0.4 0.03958333333333333 0.03333333333333333
0 0.365625 0.41458333333333336 0.040625 0.06041666666666667
0 0.6479166666666667 0.41770833333333335 0.053125 0.09375
0 0.56875 0.4166666666666667 0.03854166666666667 0.06458333333333334
0 0.7072916666666667 0.43645833333333334 0.04895833333333333 0.05625
0 0.49270833333333336 0.44479166666666664 0.052083333333333336 0.07708333333333334
0 0.16770833333333332 0.47291666666666665 0.06145833333333333 0.07708333333333334
0 0.2520833333333333 0.4875 0.06041666666666667 0.07708333333333334
0 0.33645833333333336 0.5135416666666667 0.059375 0.08229166666666667
0 0.6302083333333334 0.5083333333333333 0.06458333333333334 0.12083333333333333
0 0.08333333333333333 0.5447916666666667 0.08125 0.09791666666666667
0 0.8333333333333334 0.5447916666666667 0.08541666666666667 0.1
0 0.55 0.584375 0.08125 0.13958333333333334
0 0.8520833333333333 0.6427083333333333 0.1 0.128125
0 0.7375 0.6333333333333333 0.14166666666666666 0.271875
0 0.14166666666666666 0.6614583333333334 0.109375 0.125
0 0.29791666666666666 0.65625 0.08854166666666667 0.12708333333333333
0 0.640625 0.7989583333333333 0.13229166666666667 0.20208333333333334
0 0.9364583333333333 0.8541666666666666 0.12708333333333333 0.2916666666666667