0 0.5270833333333333 0.34479166666666666 0.04583333333333333 0.06875
0 0.26458333333333334 0.3645833333333333 0.04791666666666667 0.075
0 0.31875 0.36875 0.059375 0.075
0 0.4979166666666667 0.425 0.04375 0.058333333333333334
0 0.35833333333333334 0.42604166666666665 0.041666666666666664 0.052083333333333336
0 0.29270833333333335 0.440625 0.04791666666666667 0.05625
0 0.5260416666666666 0.48333333333333334 0.058333333333333334 0.06666666666666667
0 0.31666666666666665 0.5739583333333333 0.08125 0.09791666666666667
0 0.05 0.5739583333333333 0.1 0.16875
0 0.5697916666666667 0.60625 0.08541666666666667 0.1375
0 0.09791666666666667 0.7375 0.11666666666666667 0.14166666666666666
0 0.234375 0.8322916666666667 0.134375 0.17708333333333334