0 0.5395833333333333 0.36770833333333336 0.0625 0.10208333333333333
0 0.484375 0.4083333333333333 0.040625 0.05416666666666667
0 0.6958333333333333 0.44375 0.06875 0.11666666666666667
0 0.6302083333333334 0.4666666666666667 0.11979166666666667 0.17395833333333333
0 0.35 0.46770833333333334 0.05625 0.06979166666666667
0 0.5125 0.47708333333333336 0.0625 0.0875
0 0.22291666666666668 0.48333333333333334 0.11458333333333333 0.16666666666666666
0 0.1375 0.48541666666666666 0.078125 0.1125
0 0.7541666666666667 0.5375 0.071875 0.08645833333333333
0 0.5458333333333333 0.5854166666666667 0.08541666666666667 0.125
0 0.29791666666666666 0.64375 0.09583333333333334 0.11666666666666667
0 0.05625 0.7375 0.1125 0.22916666666666666
0 0.61875 0.8072916666666666 0.12291666666666666 0.19895833333333332