0 0.21770833333333334 0.38229166666666664 0.09166666666666666 0.08958333333333333
0 0.3145833333333333 0.39375 0.0375 0.05416666666666667
0 0.5583333333333333 0.39375 0.0375 0.04583333333333333
0 0.49583333333333335 0.41875 0.03958333333333333 0.058333333333333334
0 0.6645833333333333 0.44479166666666664 0.06458333333333334 0.09375
0 0.5791666666666667 0.459375 0.04791666666666667 0.06041666666666667
0 0.35520833333333335 0.48020833333333335 0.05416666666666667 0.06458333333333334
0 0.5229166666666667 0.48333333333333334 0.052083333333333336 0.075
0 0.19166666666666668 0.4947916666666667 0.15208333333333332 0.21458333333333332
0 0.6270833333333333 0.5083333333333333 0.08333333333333333 0.12083333333333333
0 0.06145833333333333 0.5364583333333334 0.12291666666666666 0.20208333333333334
0 0.553125 0.6375 0.09375 0.14583333333333334
0 0.9104166666666667 0.8958333333333334 0.17916666666666667 0.20833333333333334
0 0.065625 0.784375 0.13125 0.4270833333333333