0 0.6270833333333333 0.3770833333333333 0.058333333333333334 0.0875
0 0.49166666666666664 0.390625 0.034375 0.04375
0 0.571875 0.39166666666666666 0.071875 0.11666666666666667
0 0.37083333333333335 0.39895833333333336 0.035416666666666666 0.04375
0 0.25104166666666666 0.403125 0.041666666666666664 0.052083333333333336
0 0.5083333333333333 0.45625 0.05 0.05416666666666667
0 0.7125 0.46458333333333335 0.115625 0.15833333333333333
0 0.6166666666666667 0.4895833333333333 0.06666666666666667 0.10833333333333334
0 0.528125 0.53125 0.059375 0.075
0 0.8510416666666667 0.5489583333333333 0.07083333333333333 0.08541666666666667
0 0.6895833333333333 0.5614583333333333 0.125 0.23541666666666666
0 0.30520833333333336 0.5729166666666666 0.07916666666666666 0.0875
0 0.5864583333333333 0.6854166666666667 0.09583333333333334 0.14166666666666666
0 0.8541666666666666 0.79375 0.21666666666666667 0.37083333333333335