0 0.38958333333333334 0.34270833333333334 0.03125 0.03958333333333333
0 0.48020833333333335 0.38125 0.035416666666666666 0.05
0 0.36666666666666664 0.39375 0.040625 0.04583333333333333
0 0.646875 0.4010416666666667 0.09375 0.13541666666666666
0 0.5708333333333333 0.4270833333333333 0.05 0.08333333333333333
0 0.49583333333333335 0.42916666666666664 0.03958333333333333 0.04583333333333333
0 0.6041666666666666 0.4583333333333333 0.06875 0.11666666666666667
0 0.5125 0.48541666666666666 0.0625 0.07916666666666666
0 0.8208333333333333 0.5364583333333334 0.17291666666666666 0.21458333333333332
0 0.5677083333333334 0.615625 0.07916666666666666 0.11458333333333333
0 0.8572916666666667 0.7708333333333334 0.28541666666666665 0.4583333333333333