0 0.6135416666666667 0.37916666666666665 0.07083333333333333 0.10416666666666667
0 0.5635416666666667 0.39479166666666665 0.058333333333333334 0.11041666666666666
0 0.490625 0.40208333333333335 0.0375 0.04583333333333333
0 0.6916666666666667 0.446875 0.11458333333333333 0.17291666666666666
0 0.503125 0.45625 0.053125 0.075
0 0.6020833333333333 0.471875 0.058333333333333334 0.07291666666666667
0 0.80625 0.5052083333333334 0.078125 0.08125
0 0.32708333333333334 0.5072916666666667 0.06458333333333334 0.08958333333333333
0 0.5291666666666667 0.521875 0.0625 0.08958333333333333
0 0.6395833333333333 0.5260416666666666 0.07916666666666666 0.10208333333333333
0 0.7260416666666667 0.609375 0.11666666666666667 0.21458333333333332
0 0.5833333333333334 0.6208333333333333 0.09166666666666666 0.14583333333333334
0 0.8260416666666667 0.8322916666666667 0.16458333333333333 0.21041666666666667