0 0.37083333333333335 0.39166666666666666 0.034375 0.04479166666666667
0 0.5552083333333333 0.39166666666666666 0.052083333333333336 0.090625
0 0.20520833333333333 0.4114583333333333 0.0875 0.11354166666666667
0 0.6541666666666667 0.42291666666666666 0.052083333333333336 0.058333333333333334
0 0.5770833333333333 0.43854166666666666 0.04375 0.07291666666666667
0 0.28020833333333334 0.44479166666666664 0.042708333333333334 0.059375
0 0.5104166666666666 0.4822916666666667 0.05416666666666667 0.08125
0 0.778125 0.503125 0.165625 0.20625
0 0.53125 0.571875 0.078125 0.10208333333333333
0 0.6791666666666667 0.6 0.090625 0.11458333333333333
0 0.875 0.66875 0.115625 0.11875
0 0.27708333333333335 0.6697916666666667 0.096875 0.11875
0 0.89375 0.89375 0.17916666666666667 0.21145833333333333
0 0.5833333333333334 0.7020833333333333 0.09375 0.13645833333333332
0 0.7166666666666667 0.94375 0.15520833333333334 0.11145833333333334
0 0.9739583333333334 0.828125 0.051041666666666666 0.17083333333333334