0 0.36770833333333336 0.3885416666666667 0.041666666666666664 0.04791666666666667
0 0.5125 0.421875 0.046875 0.06458333333333334
0 0.653125 0.4270833333333333 0.046875 0.0625
0 0.5708333333333333 0.4322916666666667 0.041666666666666664 0.05625
0 0.7510416666666667 0.4625 0.06041666666666667 0.07083333333333333
0 0.6302083333333334 0.48854166666666665 0.07916666666666666 0.13958333333333334
0 0.5145833333333333 0.4947916666666667 0.05625 0.08541666666666667
0 0.7145833333333333 0.5104166666666666 0.065625 0.075
0 0.8177083333333334 0.5645833333333333 0.12291666666666666 0.2125
0 0.5635416666666667 0.6041666666666666 0.08541666666666667 0.11666666666666667
0 0.7583333333333333 0.7 0.12708333333333333 0.15833333333333333
0 0.11979166666666667 0.7072916666666667 0.11458333333333333 0.11041666666666666