0 0.3802083333333333 0.37604166666666666 0.03125 0.035416666666666666
0 0.6145833333333334 0.38645833333333335 0.04375 0.06875
0 0.5458333333333333 0.3875 0.035416666666666666 0.05
0 0.3104166666666667 0.3885416666666667 0.034375 0.04375
0 0.25 0.39166666666666666 0.053125 0.07083333333333333
0 0.4895833333333333 0.40625 0.03958333333333333 0.052083333333333336
0 0.19791666666666666 0.415625 0.05625 0.09375
0 0.58125 0.42604166666666665 0.0375 0.06458333333333334
0 0.6770833333333334 0.4583333333333333 0.053125 0.06666666666666667
0 0.26979166666666665 0.459375 0.041666666666666664 0.06458333333333334
0 0.34791666666666665 0.47708333333333336 0.05 0.0625
0 0.5166666666666667 0.49375 0.05416666666666667 0.09583333333333334
0 0.6333333333333333 0.49375 0.07083333333333333 0.1125
0 0.21458333333333332 0.5052083333333334 0.08958333333333333 0.13541666666666666
0 0.5395833333333333 0.575 0.06875 0.1125
0 0.042708333333333334 0.5802083333333333 0.08541666666666667 0.16041666666666668
0 0.2989583333333333 0.63125 0.07916666666666666 0.10520833333333333
0 0.8166666666666667 0.7072916666666667 0.27291666666666664 0.45208333333333334
0 0.7020833333333333 0.79375 0.3385416666666667 0.4114583333333333
0 0.365625 0.42083333333333334 0.03958333333333333 0.041666666666666664
0 0.03333333333333333 0.9135416666666667 0.06666666666666667 0.171875