0 0.3416666666666667 0.33125 0.041666666666666664 0.06666666666666667
0 0.32083333333333336 0.3614583333333333 0.03958333333333333 0.07291666666666667
0 0.384375 0.36666666666666664 0.03125 0.0375
0 0.5375 0.39791666666666664 0.040625 0.05416666666666667
0 0.3614583333333333 0.4010416666666667 0.041666666666666664 0.052083333333333336
0 0.484375 0.41458333333333336 0.040625 0.07083333333333333
0 0.13958333333333334 0.46458333333333335 0.12083333333333333 0.12916666666666668
0 0.22604166666666667 0.48541666666666666 0.12916666666666668 0.1875
0 0.628125 0.503125 0.065625 0.10208333333333333
0 0.8083333333333333 0.6833333333333333 0.18541666666666667 0.3125
0 0.21770833333333334 0.8875 0.14166666666666666 0.225
0 0.036458333333333336 0.6041666666666666 0.07291666666666667 0.20833333333333334