0 0.5979166666666667 0.3458333333333333 0.04791666666666667 0.07916666666666666
0 0.5489583333333333 0.37083333333333335 0.06666666666666667 0.1
0 0.20833333333333334 0.3958333333333333 0.084375 0.11666666666666667
0 0.30104166666666665 0.40208333333333335 0.06666666666666667 0.07083333333333333
0 0.49270833333333336 0.44479166666666664 0.03958333333333333 0.06458333333333334
0 0.3541666666666667 0.45 0.046875 0.05416666666666667
0 0.271875 0.4625 0.059375 0.07083333333333333
0 0.18958333333333333 0.4666666666666667 0.06458333333333334 0.05416666666666667
0 0.6385416666666667 0.46770833333333334 0.10833333333333334 0.18958333333333333
0 0.81875 0.5729166666666666 0.15625 0.1625
0 0.17291666666666666 0.5791666666666667 0.12291666666666666 0.1875
0 0.5541666666666667 0.6145833333333334 0.07291666666666667 0.125
0 0.7645833333333333 0.625 0.146875 0.2625
0 0.24479166666666666 0.8270833333333333 0.13958333333333334 0.1875