0 0.646875 0.390625 0.08645833333333333 0.11770833333333333
0 0.56875 0.39895833333333336 0.0875 0.13541666666666666
0 0.30104166666666665 0.4010416666666667 0.035416666666666666 0.0375
0 0.5114583333333333 0.4895833333333333 0.06458333333333334 0.08333333333333333
0 0.6333333333333333 0.4822916666666667 0.12395833333333334 0.16979166666666667
0 0.228125 0.503125 0.08125 0.11041666666666666
0 0.5302083333333333 0.5520833333333334 0.06875 0.10416666666666667
0 0.5645833333333333 0.65625 0.10208333333333333 0.10833333333333334
0 0.9458333333333333 0.6895833333333333 0.10833333333333334 0.203125
0 0.78125 0.6635416666666667 0.2760416666666667 0.41875
0 0.5979166666666667 0.8020833333333334 0.128125 0.2
0 0.6614583333333334 0.9197916666666667 0.16458333333333333 0.16041666666666668