0 0.6208333333333333 0.40729166666666666 0.03958333333333333 0.04791666666666667
0 0.571875 0.42604166666666665 0.040625 0.05625
0 0.6770833333333334 0.43645833333333334 0.071875 0.10625
0 0.35833333333333334 0.4427083333333333 0.046875 0.06458333333333334
0 0.5041666666666667 0.446875 0.046875 0.07708333333333334
0 0.26979166666666665 0.45208333333333334 0.052083333333333336 0.0625
0 0.19583333333333333 0.478125 0.06041666666666667 0.06875
0 0.6427083333333333 0.5114583333333333 0.08541666666666667 0.14375
0 0.7395833333333334 0.5208333333333334 0.08541666666666667 0.1
0 0.5520833333333334 0.5791666666666667 0.078125 0.1125
0 0.8010416666666667 0.746875 0.16666666666666666 0.22708333333333333