0 0.59375 0.36041666666666666 0.0375 0.07083333333333333
0 0.54375 0.3697916666666667 0.05 0.08125
0 0.4875 0.3802083333333333 0.040625 0.06041666666666667
0 0.653125 0.3854166666666667 0.046875 0.058333333333333334
0 0.7625 0.47291666666666665 0.05625 0.08333333333333333
0 0.5125 0.490625 0.0625 0.09791666666666667
0 0.115625 0.49583333333333335 0.11354166666666667 0.13645833333333332
0 0.3 0.6072916666666667 0.07916666666666666 0.09583333333333334
0 0.8958333333333334 0.65625 0.1375 0.24166666666666667
0 0.6416666666666667 0.8 0.12916666666666668 0.19583333333333333
0 0.25104166666666666 0.8625 0.13229166666666667 0.17604166666666668
0 0.95 0.9385416666666667 0.1 0.12291666666666666
0 0.33645833333333336 0.35104166666666664 0.041666666666666664 0.07083333333333333