0 0.3770833333333333 0.3625 0.029166666666666667 0.03333333333333333
0 0.5572916666666666 0.39479166666666665 0.05416666666666667 0.09375
0 0.4895833333333333 0.40520833333333334 0.03958333333333333 0.04791666666666667
0 0.6979166666666666 0.440625 0.096875 0.14375
0 0.5145833333333333 0.4625 0.04791666666666667 0.07083333333333333
0 0.34791666666666665 0.46979166666666666 0.05416666666666667 0.06875
0 0.6489583333333333 0.49166666666666664 0.12916666666666668 0.19166666666666668
0 0.7958333333333333 0.49375 0.06666666666666667 0.09166666666666666
0 0.5854166666666667 0.690625 0.09791666666666667 0.14791666666666667
0 0.9229166666666667 0.690625 0.15416666666666667 0.32708333333333334
0 0.8114583333333333 0.76875 0.15833333333333333 0.2833333333333333
0 0.21770833333333334 0.7875 0.12916666666666668 0.18333333333333332