0 0.6135416666666667 0.365625 0.06666666666666667 0.08958333333333333
0 0.30625 0.3885416666666667 0.05625 0.08125
0 0.54375 0.39479166666666665 0.0375 0.04791666666666667
0 0.24375 0.40729166666666666 0.053125 0.07291666666666667
0 0.49583333333333335 0.41041666666666665 0.04375 0.058333333333333334
0 0.5041666666666667 0.46875 0.053125 0.07916666666666666
0 0.16666666666666666 0.490625 0.0625 0.07708333333333334
0 0.3260416666666667 0.5145833333333333 0.06666666666666667 0.0875
0 0.6708333333333333 0.5291666666666667 0.16041666666666668 0.26666666666666666
0 0.934375 0.5760416666666667 0.13125 0.19791666666666666
0 0.54375 0.5760416666666667 0.078125 0.10625
0 0.9197916666666667 0.68125 0.16041666666666668 0.2
0 0.2635416666666667 0.7458333333333333 0.10416666666666667 0.13333333333333333
0 0.61875 0.7875 0.13125 0.19583333333333333