0 0.6020833333333333 0.36770833333333336 0.0625 0.08958333333333333
0 0.565625 0.40208333333333335 0.04375 0.0875
0 0.51875 0.4354166666666667 0.046875 0.07083333333333333
0 0.5822916666666667 0.45416666666666666 0.04583333333333333 0.0625
0 0.6958333333333333 0.459375 0.06458333333333334 0.06875
0 0.22604166666666667 0.53125 0.06666666666666667 0.08333333333333333
0 0.5302083333333333 0.5447916666666667 0.06666666666666667 0.10208333333333333
0 0.7510416666666667 0.5458333333333333 0.07083333333333333 0.08333333333333333
0 0.675 0.5572916666666666 0.084375 0.15625
0 0.8760416666666667 0.61875 0.15208333333333332 0.23333333333333334
0 0.5979166666666667 0.70625 0.11041666666666666 0.1625
0 0.853125 0.8427083333333333 0.16875 0.21875