0 0.3729166666666667 0.384375 0.040625 0.03958333333333333
0 0.23333333333333334 0.4010416666666667 0.06041666666666667 0.06875
0 0.5729166666666666 0.40625 0.071875 0.11666666666666667
0 0.6645833333333333 0.43854166666666666 0.05625 0.07291666666666667
0 0.5 0.45 0.040625 0.058333333333333334
0 0.7322916666666667 0.5135416666666667 0.06666666666666667 0.08125
0 0.6302083333333334 0.5208333333333334 0.07291666666666667 0.09166666666666666
0 0.5604166666666667 0.5916666666666667 0.075 0.10416666666666667
0 0.859375 0.6052083333333333 0.1375 0.19791666666666666
0 0.6104166666666667 0.809375 0.125 0.16875
0 0.865625 0.8739583333333333 0.184375 0.23958333333333334