0 0.6229166666666667 0.415625 0.04375 0.05625
0 0.6895833333333333 0.41770833333333335 0.046875 0.05625
0 0.5708333333333333 0.4197916666666667 0.03958333333333333 0.06458333333333334
0 0.265625 0.43020833333333336 0.059375 0.09375
0 0.36041666666666666 0.446875 0.046875 0.05625
0 0.17916666666666667 0.4552083333333333 0.052083333333333336 0.07708333333333334
0 0.6833333333333333 0.4625 0.0625 0.07083333333333333
0 0.23020833333333332 0.48125 0.07291666666666667 0.13333333333333333
0 0.5208333333333334 0.525 0.06041666666666667 0.09166666666666666
0 0.33125 0.5322916666666667 0.059375 0.07291666666666667
0 0.09375 0.6083333333333333 0.103125 0.11666666666666667
0 0.6770833333333334 0.6135416666666667 0.084375 0.10625
0 0.86875 0.6291666666666667 0.23125 0.2375
0 0.29583333333333334 0.6322916666666667 0.09166666666666666 0.10625
0 0.5770833333333333 0.68125 0.09791666666666667 0.1375
0 0.22916666666666666 0.81875 0.13958333333333334 0.17083333333333334
0 0.8552083333333333 0.8375 0.14791666666666667 0.175