0 0.5145833333333333 0.32916666666666666 0.034375 0.07083333333333333
0 0.5583333333333333 0.334375 0.035416666666666666 0.06458333333333334
0 0.3333333333333333 0.34479166666666666 0.05416666666666667 0.08541666666666667
0 0.28125 0.34791666666666665 0.05625 0.07083333333333333
0 0.378125 0.37604166666666666 0.03125 0.03958333333333333
0 0.5572916666666666 0.409375 0.03958333333333333 0.05625
0 0.353125 0.4322916666666667 0.04375 0.05625
0 0.5104166666666666 0.434375 0.040625 0.06875
0 0.26458333333333334 0.4375 0.09375 0.14166666666666666
0 0.15833333333333333 0.45729166666666665 0.071875 0.10625
0 0.3 0.5895833333333333 0.090625 0.11666666666666667