0 0.25833333333333336 0.38645833333333335 0.04791666666666667 0.06041666666666667
0 0.6541666666666667 0.4041666666666667 0.09583333333333334 0.12916666666666668
0 0.29583333333333334 0.41770833333333335 0.04791666666666667 0.06041666666666667
0 0.49270833333333336 0.421875 0.041666666666666664 0.052083333333333336
0 0.33645833333333336 0.43645833333333334 0.04791666666666667 0.05625
0 0.5947916666666667 0.4510416666666667 0.06041666666666667 0.11041666666666666
0 0.515625 0.46458333333333335 0.05 0.075
0 0.33541666666666664 0.4947916666666667 0.05416666666666667 0.06875
0 0.7885416666666667 0.5520833333333334 0.09583333333333334 0.14166666666666666
0 0.665625 0.565625 0.078125 0.10208333333333333
0 0.5833333333333334 0.7041666666666667 0.10833333333333334 0.15416666666666667
0 0.9291666666666667 0.721875 0.140625 0.18125
0 0.7958333333333333 0.821875 0.15208333333333332 0.18958333333333333
0 0.190625 0.9125 0.15625 0.175
0 0.04479166666666667 0.9229166666666667 0.08854166666666667 0.153125