0 0.6041666666666666 0.37395833333333334 0.06875 0.10208333333333333
0 0.5760416666666667 0.4114583333333333 0.04791666666666667 0.08958333333333333
0 0.521875 0.4395833333333333 0.046875 0.07083333333333333
0 0.5916666666666667 0.4625 0.05416666666666667 0.07083333333333333
0 0.7208333333333333 0.46979166666666666 0.071875 0.07708333333333334
0 0.2520833333333333 0.49583333333333335 0.04791666666666667 0.058333333333333334
0 0.6489583333333333 0.5208333333333334 0.06458333333333334 0.10416666666666667
0 0.7708333333333334 0.5625 0.07083333333333333 0.08333333333333333
0 0.5385416666666667 0.5729166666666666 0.07291666666666667 0.1125
0 0.6885416666666667 0.5802083333333333 0.10208333333333333 0.17291666666666666
0 0.9135416666666667 0.6510416666666666 0.17083333333333334 0.25625
0 0.6166666666666667 0.7697916666666667 0.12291666666666666 0.18541666666666667
0 0.9072916666666667 0.8989583333333333 0.18541666666666667 0.20104166666666667