0 0.36666666666666664 0.42604166666666665 0.052083333333333336 0.07291666666666667
0 0.5833333333333334 0.4395833333333333 0.053125 0.0625
0 0.2833333333333333 0.44375 0.046875 0.05416666666666667
0 0.6291666666666667 0.46770833333333334 0.08541666666666667 0.15625
0 0.5166666666666667 0.48541666666666666 0.05416666666666667 0.09583333333333334
0 0.7520833333333333 0.5104166666666666 0.07708333333333334 0.1
0 0.08229166666666667 0.5427083333333333 0.16458333333333333 0.27291666666666664
0 0.6791666666666667 0.5447916666666667 0.096875 0.14375
0 0.33541666666666664 0.5489583333333333 0.06875 0.07708333333333334
0 0.20416666666666666 0.5822916666666667 0.07708333333333334 0.09791666666666667
0 0.5541666666666667 0.61875 0.078125 0.11666666666666667
0 0.27708333333333335 0.7208333333333333 0.1 0.13333333333333333
0 0.625 0.8635416666666667 0.140625 0.23958333333333334
0 0.4822916666666667 0.36354166666666665 0.03125 0.04375
0 0.5802083333333333 0.35208333333333336 0.035416666666666666 0.06458333333333334
0 0.846875 0.7854166666666667 0.30625 0.428125
0 0.26979166666666665 0.35 0.06666666666666667 0.1