0 0.22083333333333333 0.37604166666666666 0.065625 0.07708333333333334
0 0.28854166666666664 0.38229166666666664 0.07916666666666666 0.11458333333333333
0 0.48854166666666665 0.4010416666666667 0.035416666666666666 0.04791666666666667
0 0.5729166666666666 0.4239583333333333 0.040625 0.05625
0 0.215625 0.46770833333333334 0.128125 0.18125
0 0.6072916666666667 0.46875 0.05416666666666667 0.07083333333333333
0 0.11145833333333334 0.50625 0.09166666666666666 0.10833333333333334
0 0.5239583333333333 0.515625 0.058333333333333334 0.08541666666666667
0 0.3333333333333333 0.5385416666666667 0.065625 0.08958333333333333
0 0.8 0.5791666666666667 0.11875 0.15833333333333333
0 0.6770833333333334 0.6197916666666666 0.084375 0.10208333333333333
0 0.5802083333333333 0.6739583333333333 0.09791666666666667 0.15208333333333332
0 0.828125 0.7854166666666667 0.196875 0.25833333333333336