0 0.38229166666666664 0.3770833333333333 0.03125 0.042708333333333334
0 0.30625 0.4114583333333333 0.051041666666666666 0.06770833333333333
0 0.228125 0.4041666666666667 0.07604166666666666 0.10833333333333334
0 0.734375 0.459375 0.13333333333333333 0.17291666666666666
0 0.609375 0.44583333333333336 0.11979166666666667 0.17291666666666666
0 0.35833333333333334 0.44375 0.046875 0.05416666666666667
0 0.5270833333333333 0.5083333333333333 0.071875 0.08333333333333333
0 0.33541666666666664 0.528125 0.0625 0.065625
0 0.8666666666666667 0.565625 0.084375 0.07395833333333333
0 0.7104166666666667 0.5791666666666667 0.17083333333333334 0.23958333333333334
0 0.54375 0.5895833333333333 0.078125 0.11666666666666667
0 0.171875 0.575 0.13541666666666666 0.18854166666666666
0 0.5854166666666667 0.7260416666666667 0.11354166666666667 0.15208333333333332
0 0.8729166666666667 0.784375 0.25416666666666665 0.43125
0 0.63125 0.9041666666666667 0.15625 0.19166666666666668