0 0.384375 0.35 0.040625 0.04583333333333333
0 0.6041666666666666 0.4479166666666667 0.10729166666666666 0.165625
0 0.16979166666666667 0.4895833333333333 0.07708333333333334 0.10104166666666667
0 0.509375 0.4979166666666667 0.05520833333333333 0.071875
0 0.7375 0.5072916666666667 0.09791666666666667 0.11354166666666667
0 0.32916666666666666 0.540625 0.06354166666666666 0.084375
0 0.5333333333333333 0.5645833333333333 0.06770833333333333 0.0875
0 0.8645833333333334 0.6010416666666667 0.1375 0.18541666666666667
0 0.153125 0.646875 0.09791666666666667 0.11041666666666666
0 0.559375 0.6666666666666666 0.09895833333333333 0.1375
0 0.6020833333333333 0.7697916666666667 0.12708333333333333 0.16041666666666668
0 0.80625 0.7739583333333333 0.13854166666666667 0.190625
0 0.665625 0.9208333333333333 0.178125 0.15833333333333333