0 0.22916666666666666 0.390625 0.06458333333333334 0.10625
0 0.6114583333333333 0.4427083333333333 0.09583333333333334 0.18125
0 0.6979166666666666 0.45 0.06875 0.12916666666666668
0 0.4979166666666667 0.46041666666666664 0.04583333333333333 0.075
0 0.525 0.5239583333333333 0.059375 0.07291666666666667
0 0.5291666666666667 0.571875 0.071875 0.09791666666666667
0 0.19270833333333334 0.5791666666666667 0.07916666666666666 0.09583333333333334
0 0.5604166666666667 0.6395833333333333 0.07916666666666666 0.13333333333333333
0 0.815625 0.7020833333333333 0.240625 0.3416666666666667
0 0.5916666666666667 0.7427083333333333 0.103125 0.16458333333333333
0 0.6447916666666667 0.90625 0.15416666666666667 0.1875