0 0.6104166666666667 0.37604166666666666 0.06875 0.10208333333333333
0 0.5802083333333333 0.41458333333333336 0.052083333333333336 0.09583333333333334
0 0.525 0.45416666666666666 0.046875 0.07083333333333333
0 0.27395833333333336 0.4583333333333333 0.052083333333333336 0.06666666666666667
0 0.5989583333333334 0.478125 0.06041666666666667 0.08125
0 0.7479166666666667 0.4947916666666667 0.078125 0.08958333333333333
0 0.6635416666666667 0.5416666666666666 0.07291666666666667 0.1125
0 0.79375 0.5885416666666666 0.075 0.08958333333333333
0 0.5479166666666667 0.6104166666666667 0.08333333333333333 0.125
0 0.7135416666666666 0.615625 0.12083333333333333 0.20208333333333334
0 0.928125 0.6791666666666667 0.14375 0.2833333333333333
0 0.646875 0.8510416666666667 0.15 0.24375