0 0.5416666666666666 0.3645833333333333 0.05416666666666667 0.09583333333333334
0 0.375 0.37604166666666666 0.040625 0.04375
0 0.65625 0.390625 0.0875 0.10625
0 0.48125 0.3927083333333333 0.0375 0.04375
0 0.490625 0.4354166666666667 0.05 0.0625
0 0.5854166666666667 0.4354166666666667 0.08333333333333333 0.15833333333333333
0 0.35208333333333336 0.43645833333333334 0.04791666666666667 0.05625
0 0.25833333333333336 0.45729166666666665 0.06041666666666667 0.06458333333333334
0 0.5104166666666666 0.46145833333333336 0.06041666666666667 0.03958333333333333
0 0.7177083333333333 0.49895833333333334 0.035416666666666666 0.06458333333333334
0 0.6729166666666667 0.5072916666666667 0.13333333333333333 0.23958333333333334
0 0.5197916666666667 0.515625 0.06041666666666667 0.08541666666666667
0 0.7604166666666666 0.5239583333333333 0.065625 0.07291666666666667
0 0.5322916666666667 0.5604166666666667 0.06458333333333334 0.0875
0 0.815625 0.5958333333333333 0.0875 0.10416666666666667
0 0.5708333333333333 0.6322916666666667 0.09375 0.16458333333333333
0 0.9510416666666667 0.7416666666666667 0.09791666666666667 0.17083333333333334
0 0.8291666666666667 0.8072916666666666 0.15625 0.21041666666666667
0 0.61875 0.825 0.134375 0.20416666666666666