0 0.628125 0.396875 0.071875 0.10625
0 0.5802083333333333 0.41458333333333336 0.06458333333333334 0.1125
0 0.35625 0.4197916666666667 0.046875 0.05625
0 0.49583333333333335 0.421875 0.041666666666666664 0.05625
0 0.7270833333333333 0.47708333333333336 0.134375 0.19166666666666668
0 0.5166666666666667 0.48854166666666665 0.05416666666666667 0.07708333333333334
0 0.6302083333333334 0.51875 0.06666666666666667 0.08333333333333333
0 0.5510416666666667 0.584375 0.07291666666666667 0.11458333333333333
0 0.925 0.596875 0.103125 0.11041666666666666
0 0.6864583333333333 0.603125 0.08958333333333333 0.10625
0 0.196875 0.6270833333333333 0.1 0.10833333333333334
0 0.825 0.7364583333333333 0.159375 0.28541666666666665
0 0.6322916666666667 0.7458333333333333 0.12708333333333333 0.19166666666666668