0 0.29791666666666666 0.33645833333333336 0.035416666666666666 0.05625
0 0.38125 0.35833333333333334 0.03125 0.0375
0 0.3145833333333333 0.37604166666666666 0.06666666666666667 0.09375
0 0.5635416666666667 0.40625 0.052083333333333336 0.0875
0 0.4895833333333333 0.41770833333333335 0.041666666666666664 0.06041666666666667
0 0.6354166666666666 0.434375 0.0375 0.04791666666666667
0 0.6864583333333333 0.4510416666666667 0.07916666666666666 0.13125
0 0.515625 0.4625 0.053125 0.075
0 0.6229166666666667 0.5083333333333333 0.06875 0.09583333333333334
0 0.8229166666666666 0.5479166666666667 0.20208333333333334 0.275
0 0.6854166666666667 0.5833333333333334 0.10833333333333334 0.17916666666666667
0 0.5520833333333334 0.6208333333333333 0.07708333333333334 0.1125
0 0.24583333333333332 0.765625 0.11041666666666666 0.14375
0 0.6854166666666667 0.9197916666666667 0.18333333333333332 0.159375
0 0.8989583333333333 0.8458333333333333 0.20104166666666667 0.3072916666666667