0 0.6083333333333333 0.3802083333333333 0.040625 0.0875
0 0.675 0.425 0.10416666666666667 0.159375
0 0.578125 0.43333333333333335 0.05 0.08333333333333333
0 0.5020833333333333 0.453125 0.04375 0.05
0 0.6302083333333334 0.49375 0.07708333333333334 0.13333333333333333
0 0.525 0.5104166666666666 0.0625 0.09583333333333334
0 0.04583333333333333 0.5583333333333333 0.090625 0.15416666666666667
0 0.8885416666666667 0.584375 0.20833333333333334 0.22708333333333333
0 0.6072916666666667 0.7197916666666667 0.10625 0.15729166666666666
0 0.8947916666666667 0.8229166666666666 0.209375 0.3541666666666667
0 0.22395833333333334 0.890625 0.13541666666666666 0.15625
0 0.051041666666666666 0.8291666666666667 0.10104166666666667 0.340625
0 0.378125 0.35833333333333334 0.028125 0.035416666666666666