0 0.30625 0.36770833333333336 0.0625 0.09375
0 0.3625 0.4166666666666667 0.040625 0.041666666666666664
0 0.646875 0.434375 0.0375 0.05625
0 0.7072916666666667 0.43645833333333334 0.04791666666666667 0.05625
0 0.6041666666666666 0.465625 0.06666666666666667 0.11458333333333333
0 0.3489583333333333 0.4708333333333333 0.04583333333333333 0.06666666666666667
0 0.21666666666666667 0.47604166666666664 0.128125 0.18958333333333333
0 0.6958333333333333 0.48541666666666666 0.05416666666666667 0.0625
0 0.5083333333333333 0.49270833333333336 0.05416666666666667 0.07291666666666667
0 0.7333333333333333 0.665625 0.23125 0.2604166666666667
0 0.9729166666666667 0.7166666666666667 0.05416666666666667 0.11666666666666667
0 0.22291666666666668 0.903125 0.16666666666666666 0.18958333333333333
0 0.6666666666666666 0.9135416666666667 0.16041666666666668 0.17291666666666666