0 0.5885416666666666 0.35104166666666664 0.058333333333333334 0.08125
0 0.540625 0.36875 0.046875 0.09166666666666666
0 0.31145833333333334 0.3697916666666667 0.04791666666666667 0.07708333333333334
0 0.48333333333333334 0.38333333333333336 0.035416666666666666 0.04583333333333333
0 0.24375 0.40625 0.04375 0.05416666666666667
0 0.5645833333333333 0.4083333333333333 0.052083333333333336 0.1
0 0.496875 0.4354166666666667 0.040625 0.06666666666666667
0 0.6666666666666666 0.45416666666666666 0.10625 0.09583333333333334
0 0.3260416666666667 0.5145833333333333 0.058333333333333334 0.07083333333333333
0 0.528125 0.5354166666666667 0.078125 0.14583333333333334
0 0.9083333333333333 0.5947916666666667 0.09166666666666666 0.11458333333333333
0 0.8583333333333333 0.6510416666666666 0.146875 0.18958333333333333
0 0.7375 0.6666666666666666 0.15 0.24583333333333332
0 0.59375 0.6989583333333333 0.10625 0.16458333333333333
0 0.08125 0.70625 0.1625 0.225