0 0.6 0.740625 0.12395833333333334 0.24895833333333334
0 0.7333333333333333 0.5145833333333333 0.14583333333333334 0.13541666666666666
0 0.6135416666666667 0.5895833333333333 0.08229166666666667 0.12083333333333333
0 0.5229166666666667 0.5083333333333333 0.05520833333333333 0.078125
0 0.309375 0.5760416666666667 0.071875 0.084375
0 0.29375 0.41354166666666664 0.05416666666666667 0.07604166666666666
0 0.3802083333333333 0.359375 0.03229166666666667 0.035416666666666666
0 0.49375 0.421875 0.040625 0.05520833333333333
0 0.565625 0.39895833333333336 0.06041666666666667 0.1125
0 0.6020833333333333 0.45208333333333334 0.06666666666666667 0.12708333333333333
0 0.35 0.32083333333333336 0.030208333333333334 0.053125
0 0.30625 0.34479166666666666 0.027083333333333334 0.041666666666666664