0 0.2916666666666667 0.3572916666666667 0.029166666666666667 0.035416666666666666
0 0.6072916666666667 0.3645833333333333 0.06041666666666667 0.0875
0 0.55625 0.3854166666666667 0.053125 0.10833333333333334
0 0.3697916666666667 0.39166666666666666 0.03333333333333333 0.04583333333333333
0 0.49166666666666664 0.40625 0.03958333333333333 0.058333333333333334
0 0.5854166666666667 0.43125 0.059375 0.11666666666666667
0 0.259375 0.45625 0.06875 0.1
0 0.5135416666666667 0.47291666666666665 0.052083333333333336 0.06666666666666667
0 0.7052083333333333 0.48333333333333334 0.13541666666666666 0.12083333333333333
0 0.575 0.5291666666666667 0.06875 0.08333333333333333
0 0.5697916666666667 0.64375 0.10208333333333333 0.19166666666666668
0 0.18333333333333332 0.9260416666666667 0.159375 0.14791666666666667
0 0.6875 0.9072916666666667 0.17395833333333333 0.184375
0 0.8916666666666667 0.8625 0.21666666666666667 0.2708333333333333