0 0.609375 0.3614583333333333 0.05 0.08958333333333333
0 0.5489583333333333 0.37916666666666665 0.06458333333333334 0.1
0 0.496875 0.4239583333333333 0.040625 0.04375
0 0.6854166666666667 0.4375 0.09583333333333334 0.14583333333333334
0 0.19479166666666667 0.44895833333333335 0.058333333333333334 0.06041666666666667
0 0.58125 0.4552083333333333 0.05 0.09791666666666667
0 0.35208333333333336 0.45729166666666665 0.05 0.06041666666666667
0 0.7541666666666667 0.4635416666666667 0.04375 0.06458333333333334
0 0.5145833333333333 0.47708333333333336 0.058333333333333334 0.075
0 0.6416666666666667 0.49375 0.09375 0.17083333333333334
0 0.8541666666666666 0.5510416666666667 0.09375 0.10625
0 0.5458333333333333 0.571875 0.078125 0.10625
0 0.7458333333333333 0.6489583333333333 0.14375 0.26458333333333334
0 0.909375 0.7572916666666667 0.18125 0.27708333333333335
0 0.6947916666666667 0.9447916666666667 0.14479166666666668 0.10625