0 0.5458333333333333 0.3645833333333333 0.058333333333333334 0.08333333333333333
0 0.49166666666666664 0.4010416666666667 0.04375 0.04791666666666667
0 0.6604166666666667 0.40520833333333334 0.08125 0.11458333333333333
0 0.5666666666666667 0.4270833333333333 0.041666666666666664 0.09166666666666666
0 0.5020833333333333 0.44375 0.04583333333333333 0.05416666666666667
0 0.6114583333333333 0.4552083333333333 0.07916666666666666 0.13958333333333334
0 0.7479166666666667 0.4666666666666667 0.06666666666666667 0.075
0 0.5208333333333334 0.4979166666666667 0.058333333333333334 0.075
0 0.09895833333333333 0.5479166666666667 0.07916666666666666 0.07916666666666666
0 0.6791666666666667 0.55625 0.10833333333333334 0.2
0 0.30625 0.6135416666666667 0.078125 0.10625
0 0.8760416666666667 0.659375 0.24791666666666667 0.22291666666666668
0 0.609375 0.7458333333333333 0.1125 0.16666666666666666