0 0.296875 0.375 0.071875 0.10833333333333334
0 0.625 0.390625 0.075 0.08958333333333333
0 0.5479166666666667 0.39166666666666666 0.034375 0.041666666666666664
0 0.49166666666666664 0.4083333333333333 0.035416666666666666 0.05
0 0.5802083333333333 0.4322916666666667 0.041666666666666664 0.05625
0 0.23229166666666667 0.44479166666666664 0.11458333333333333 0.16041666666666668
0 0.1375 0.48020833333333335 0.08125 0.08958333333333333
0 0.6177083333333333 0.484375 0.058333333333333334 0.07708333333333334
0 0.3458333333333333 0.49583333333333335 0.05625 0.075
0 0.5333333333333333 0.55 0.065625 0.1
0 0.8364583333333333 0.6072916666666667 0.12916666666666668 0.17708333333333334
0 0.7 0.65625 0.09375 0.1125
0 0.5979166666666667 0.7260416666666667 0.109375 0.16875
0 0.8854166666666666 0.8572916666666667 0.22916666666666666 0.28541666666666665
0 0.05 0.5770833333333333 0.1 0.13645833333333332