0 0.37083333333333335 0.3802083333333333 0.034375 0.04375
0 0.490625 0.40520833333333334 0.0375 0.04791666666666667
0 0.18333333333333332 0.4114583333333333 0.10833333333333334 0.11875
0 0.6427083333333333 0.42291666666666666 0.058333333333333334 0.08333333333333333
0 0.2864583333333333 0.4270833333333333 0.04583333333333333 0.0625
0 0.5625 0.43125 0.040625 0.05
0 0.5104166666666666 0.45416666666666666 0.052083333333333336 0.06666666666666667
0 0.6020833333333333 0.475 0.06875 0.1
0 0.13541666666666666 0.5635416666666667 0.20208333333333334 0.28125
0 0.5333333333333333 0.571875 0.07708333333333334 0.11458333333333333
0 0.325 0.58125 0.075 0.09583333333333334
0 0.803125 0.7520833333333333 0.134375 0.175
0 0.6614583333333334 0.903125 0.153125 0.19270833333333334