0 0.3854166666666667 0.35625 0.03958333333333333 0.041666666666666664
0 0.32083333333333336 0.3770833333333333 0.05416666666666667 0.0875
0 0.5697916666666667 0.41041666666666665 0.052083333333333336 0.0875
0 0.49375 0.42604166666666665 0.04375 0.06041666666666667
0 0.6395833333333333 0.43854166666666666 0.040625 0.05625
0 0.69375 0.45208333333333334 0.084375 0.125
0 0.5166666666666667 0.4708333333333333 0.053125 0.075
0 0.6291666666666667 0.5114583333333333 0.06666666666666667 0.08958333333333333
0 0.8395833333333333 0.5604166666666667 0.209375 0.29583333333333334
0 0.696875 0.6052083333333333 0.10625 0.18958333333333333
0 0.5583333333333333 0.6479166666666667 0.07916666666666666 0.11666666666666667
0 0.26666666666666666 0.6895833333333333 0.09375 0.1125
0 0.9135416666666667 0.8635416666666667 0.17291666666666666 0.26875