0 0.27291666666666664 0.359375 0.053125 0.08125
0 0.365625 0.403125 0.03854166666666667 0.04791666666666667
0 0.5645833333333333 0.40625 0.053125 0.09166666666666666
0 0.65625 0.4197916666666667 0.04375 0.04791666666666667
0 0.7041666666666667 0.45729166666666665 0.05416666666666667 0.06875
0 0.509375 0.46145833333333336 0.04791666666666667 0.06041666666666667
0 0.5989583333333334 0.465625 0.052083333333333336 0.06354166666666666
0 0.5239583333333333 0.5177083333333333 0.05625 0.08125
0 0.840625 0.5677083333333334 0.196875 0.22291666666666668
0 0.5479166666666667 0.6375 0.08958333333333333 0.125
0 0.2677083333333333 0.70625 0.11041666666666666 0.13854166666666667
0 0.7583333333333333 0.721875 0.12916666666666668 0.16875
0 0.6364583333333333 0.8729166666666667 0.13333333333333333 0.20833333333333334
0 0.6208333333333333 0.39479166666666665 0.035416666666666666 0.046875