0 0.5458333333333333 0.36875 0.0625 0.09583333333333334
0 0.6739583333333333 0.44375 0.052083333333333336 0.058333333333333334
0 0.34791666666666665 0.45729166666666665 0.05 0.06458333333333334
0 0.609375 0.46875 0.08125 0.1375
0 0.5010416666666667 0.46979166666666666 0.04791666666666667 0.07291666666666667
0 0.7270833333333333 0.49375 0.065625 0.09583333333333334
0 0.5333333333333333 0.54375 0.0625 0.09583333333333334
0 0.6729166666666667 0.590625 0.08333333333333333 0.12291666666666666
0 0.915625 0.6114583333333333 0.08541666666666667 0.1
0 0.5729166666666666 0.6552083333333333 0.0875 0.13125
0 0.6208333333333333 0.8885416666666667 0.15104166666666666 0.22291666666666668
0 0.95625 0.7364583333333333 0.0875 0.28958333333333336