0 0.6666666666666666 0.4322916666666667 0.058333333333333334 0.09791666666666667
0 0.35104166666666664 0.4354166666666667 0.04791666666666667 0.058333333333333334
0 0.5989583333333334 0.43854166666666666 0.0625 0.121875
0 0.5104166666666666 0.446875 0.05 0.06041666666666667
0 0.5166666666666667 0.5145833333333333 0.059375 0.08333333333333333
0 0.2916666666666667 0.5239583333333333 0.06041666666666667 0.09375
0 0.8510416666666667 0.54375 0.09583333333333334 0.1
0 0.08541666666666667 0.553125 0.096875 0.12291666666666666
0 0.11875 0.6572916666666667 0.1375 0.18541666666666667
0 0.5791666666666667 0.75 0.11041666666666666 0.18333333333333332
0 0.9385416666666667 0.7083333333333334 0.12291666666666666 0.3416666666666667