0 0.30833333333333335 0.3885416666666667 0.04583333333333333 0.06458333333333334
0 0.5791666666666667 0.425 0.05416666666666667 0.08333333333333333
0 0.690625 0.4708333333333333 0.0625 0.0625
0 0.33958333333333335 0.48541666666666666 0.05416666666666667 0.07083333333333333
0 0.5197916666666667 0.5010416666666667 0.058333333333333334 0.07708333333333334
0 0.6375 0.5479166666666667 0.06875 0.1
0 0.8645833333333334 0.60625 0.12083333333333333 0.19583333333333333
0 0.734375 0.6145833333333334 0.134375 0.23333333333333334
0 0.5666666666666667 0.6354166666666666 0.08958333333333333 0.12916666666666668
0 0.6364583333333333 0.8979166666666667 0.14791666666666667 0.20416666666666666
0 0.184375 0.9072916666666667 0.165625 0.18541666666666667