0 0.6208333333333333 0.3729166666666667 0.058333333333333334 0.0875
0 0.5677083333333334 0.38333333333333336 0.06458333333333334 0.1
0 0.23541666666666666 0.4114583333333333 0.041666666666666664 0.052083333333333336
0 0.3697916666666667 0.41354166666666664 0.04791666666666667 0.06041666666666667
0 0.50625 0.4479166666666667 0.05 0.05416666666666667
0 0.7041666666666667 0.45208333333333334 0.10833333333333334 0.15
0 0.6020833333333333 0.46875 0.052083333333333336 0.10833333333333334
0 0.5208333333333334 0.5125 0.059375 0.075
0 0.8125 0.515625 0.06875 0.07708333333333334
0 0.6760416666666667 0.5364583333333334 0.11666666666666667 0.20625
0 0.9541666666666667 0.6354166666666666 0.090625 0.12916666666666668
0 0.56875 0.6427083333333333 0.0875 0.13541666666666666
0 0.27708333333333335 0.6625 0.096875 0.12083333333333333
0 0.8083333333333333 0.73125 0.18958333333333333 0.325