0 0.31145833333333334 0.3802083333333333 0.04583333333333333 0.06458333333333334
0 0.5854166666666667 0.43333333333333335 0.058333333333333334 0.08333333333333333
0 0.346875 0.46458333333333335 0.053125 0.06666666666666667
0 0.7 0.4791666666666667 0.0625 0.0625
0 0.5239583333333333 0.5104166666666666 0.06458333333333334 0.09166666666666666
0 0.646875 0.5604166666666667 0.06875 0.1
0 0.8833333333333333 0.6208333333333333 0.12708333333333333 0.20833333333333334
0 0.7510416666666667 0.6322916666666667 0.14583333333333334 0.24375
0 0.5739583333333333 0.6572916666666667 0.09166666666666666 0.13541666666666666
0 0.22083333333333333 0.803125 0.13541666666666666 0.16458333333333333
0 0.6572916666666667 0.921875 0.1625 0.15520833333333334