0 0.39791666666666664 0.3177083333333333 0.027083333333333334 0.03125
0 0.375 0.371875 0.040625 0.03958333333333333
0 0.25 0.4 0.053125 0.0625
0 0.6291666666666667 0.4 0.03958333333333333 0.05416666666666667
0 0.48333333333333334 0.4041666666666667 0.035416666666666666 0.04583333333333333
0 0.5791666666666667 0.41458333333333336 0.08125 0.12916666666666668
0 0.6729166666666667 0.44375 0.06458333333333334 0.07916666666666666
0 0.5041666666666667 0.459375 0.04583333333333333 0.05625
0 0.7447916666666666 0.53125 0.07291666666666667 0.08333333333333333
0 0.6458333333333334 0.5427083333333333 0.071875 0.08541666666666667
0 0.5729166666666666 0.6260416666666667 0.08125 0.11458333333333333
0 0.88125 0.6260416666666667 0.146875 0.20625
0 0.6260416666666667 0.86875 0.13541666666666666 0.19583333333333333
0 0.9083333333333333 0.9125 0.18229166666666666 0.17395833333333333