0 0.47604166666666664 0.3572916666666667 0.035416666666666666 0.03125
0 0.54375 0.3697916666666667 0.05625 0.08958333333333333
0 0.4791666666666667 0.38333333333333336 0.03125 0.0375
0 0.6604166666666667 0.396875 0.09583333333333334 0.11875
0 0.49270833333333336 0.40729166666666666 0.03958333333333333 0.03125
0 0.5458333333333333 0.4197916666666667 0.022916666666666665 0.052083333333333336
0 0.18125 0.43645833333333334 0.109375 0.14375
0 0.49895833333333334 0.4479166666666667 0.052083333333333336 0.05416666666666667
0 0.35520833333333335 0.4583333333333333 0.05416666666666667 0.06666666666666667
0 0.6041666666666666 0.459375 0.09583333333333334 0.16458333333333333
0 0.5166666666666667 0.4947916666666667 0.06041666666666667 0.06041666666666667
0 0.5364583333333334 0.553125 0.06666666666666667 0.08125
0 0.7291666666666666 0.5770833333333333 0.17916666666666667 0.29583333333333334
0 0.8229166666666666 0.584375 0.071875 0.11458333333333333
0 0.5572916666666666 0.640625 0.08958333333333333 0.12291666666666666
0 0.9302083333333333 0.7229166666666667 0.12291666666666666 0.14166666666666666
0 0.6510416666666666 0.8708333333333333 0.16041666666666668 0.25833333333333336