0 0.46458333333333335 0.32083333333333336 0.034375 0.0625
0 0.5854166666666667 0.4354166666666667 0.08333333333333333 0.15833333333333333
0 0.234375 0.4979166666666667 0.059375 0.06875
0 0.6552083333333333 0.5 0.12291666666666666 0.22916666666666666
0 0.5145833333333333 0.50625 0.06458333333333334 0.0875
0 0.7604166666666666 0.5260416666666666 0.065625 0.07291666666666667
0 0.315625 0.5479166666666667 0.065625 0.08333333333333333
0 0.5520833333333334 0.5729166666666666 0.096875 0.12083333333333333
0 0.7979166666666667 0.578125 0.07083333333333333 0.09791666666666667
0 0.8677083333333333 0.6375 0.11041666666666666 0.1375
0 0.7208333333333333 0.65625 0.10416666666666667 0.15
0 0.5666666666666667 0.6854166666666667 0.10625 0.15
0 0.9510416666666667 0.7447916666666666 0.09791666666666667 0.12604166666666666
0 0.6270833333333333 0.8885416666666667 0.14166666666666666 0.22291666666666668