0 0.5145833333333333 0.3260416666666667 0.041666666666666664 0.06458333333333334
0 0.3385416666666667 0.3385416666666667 0.04791666666666667 0.07291666666666667
0 0.271875 0.35833333333333334 0.040625 0.07083333333333333
0 0.38125 0.37083333333333335 0.040625 0.05416666666666667
0 0.559375 0.3885416666666667 0.053125 0.10208333333333333
0 0.6489583333333333 0.440625 0.06458333333333334 0.10625
0 0.20520833333333333 0.5927083333333333 0.07916666666666666 0.09270833333333334
0 0.265625 0.7354166666666667 0.10729166666666666 0.13125
0 0.6947916666666667 0.8864583333333333 0.146875 0.22604166666666667
0 0.9416666666666667 0.9354166666666667 0.11666666666666667 0.125
0 0.3541666666666667 0.45 0.05 0.04791666666666667
0 0.27291666666666664 0.44583333333333336 0.05 0.06875
0 0.4864583333333333 0.396875 0.034375 0.042708333333333334