0 0.584375 0.35 0.040625 0.06666666666666667
0 0.5479166666666667 0.3729166666666667 0.0625 0.09583333333333334
0 0.4979166666666667 0.42291666666666666 0.04583333333333333 0.05
0 0.6989583333333333 0.46875 0.06041666666666667 0.08333333333333333
0 0.50625 0.48125 0.05 0.07083333333333333
0 0.63125 0.496875 0.084375 0.15208333333333332
0 0.7604166666666666 0.528125 0.075 0.10208333333333333
0 0.5395833333333333 0.559375 0.071875 0.10625
0 0.7104166666666667 0.646875 0.096875 0.13958333333333334
0 0.5875 0.709375 0.1 0.14375
0 0.37083333333333335 0.39895833333333336 0.03854166666666667 0.03854166666666667
0 0.6479166666666667 0.946875 0.153125 0.10520833333333333