0 0.2947916666666667 0.3885416666666667 0.07916666666666666 0.12291666666666666
0 0.6447916666666667 0.4125 0.052083333333333336 0.08333333333333333
0 0.5708333333333333 0.4197916666666667 0.04583333333333333 0.05625
0 0.15 0.4395833333333333 0.11875 0.15416666666666667
0 0.7375 0.45625 0.0625 0.06666666666666667
0 0.5020833333333333 0.46770833333333334 0.053125 0.07708333333333334
0 0.6864583333333333 0.4791666666666667 0.06666666666666667 0.09166666666666666
0 0.596875 0.48020833333333335 0.0625 0.07708333333333334
0 0.8114583333333333 0.5666666666666667 0.13333333333333333 0.20833333333333334
0 0.5604166666666667 0.5958333333333333 0.08958333333333333 0.12083333333333333
0 0.7479166666666667 0.665625 0.14166666666666666 0.26458333333333334
0 0.9072916666666667 0.8322916666666667 0.18541666666666667 0.334375