0 0.6083333333333333 0.4395833333333333 0.09270833333333334 0.14791666666666667
0 0.8583333333333333 0.790625 0.23854166666666668 0.41770833333333335
0 0.584375 0.7239583333333334 0.096875 0.15104166666666666
0 0.24895833333333334 0.7572916666666667 0.115625 0.17916666666666667
0 0.365625 0.39479166666666665 0.03333333333333333 0.046875
0 0.5395833333333333 0.5541666666666667 0.06666666666666667 0.08958333333333333
0 0.50625 0.43125 0.042708333333333334 0.057291666666666664
0 0.54375 0.3770833333333333 0.04479166666666667 0.08229166666666667
0 0.6583333333333333 0.409375 0.07916666666666666 0.12604166666666666
0 0.6979166666666666 0.6020833333333333 0.09375 0.17291666666666666
0 0.75625 0.4583333333333333 0.058333333333333334 0.0625
0 0.834375 0.5541666666666667 0.178125 0.18958333333333333
0 0.48541666666666666 0.38333333333333336 0.03333333333333333 0.040625