0 0.621875 0.36666666666666664 0.071875 0.11666666666666667
0 0.559375 0.37395833333333334 0.06875 0.11875
0 0.5020833333333333 0.40208333333333335 0.06666666666666667 0.12083333333333333
0 0.36666666666666664 0.41354166666666664 0.041666666666666664 0.04791666666666667
0 0.290625 0.42291666666666666 0.06041666666666667 0.06666666666666667
0 0.16875 0.4552083333333333 0.10625 0.13541666666666666
0 0.6854166666666667 0.46875 0.058333333333333334 0.0875
0 0.23958333333333334 0.49895833333333334 0.08333333333333333 0.11354166666666667
0 0.7833333333333333 0.515625 0.09166666666666666 0.09791666666666667
0 0.3416666666666667 0.5354166666666667 0.06145833333333333 0.06979166666666667
0 0.11666666666666667 0.6010416666666667 0.15208333333333332 0.15625
0 0.571875 0.6885416666666667 0.09791666666666667 0.13333333333333333
0 0.8572916666666667 0.78125 0.28541666666666665 0.4375