0 0.3072916666666667 0.3645833333333333 0.06666666666666667 0.09583333333333334
0 0.6354166666666666 0.4 0.084375 0.11666666666666667
0 0.5541666666666667 0.4041666666666667 0.035416666666666666 0.04583333333333333
0 0.49583333333333335 0.41875 0.040625 0.05
0 0.253125 0.42291666666666666 0.1 0.14583333333333334
0 0.3614583333333333 0.44895833333333335 0.04583333333333333 0.06458333333333334
0 0.17083333333333334 0.45 0.06875 0.08333333333333333
0 0.5927083333333333 0.45416666666666666 0.04791666666666667 0.058333333333333334
0 0.6364583333333333 0.5125 0.06458333333333334 0.08333333333333333
0 0.09166666666666666 0.521875 0.09375 0.11458333333333333
0 0.5458333333333333 0.5916666666666667 0.075 0.11666666666666667
0 0.8927083333333333 0.671875 0.16041666666666668 0.21458333333333332
0 0.7447916666666666 0.7354166666666667 0.11666666666666667 0.14166666666666666
0 0.6322916666666667 0.8510416666666667 0.14166666666666666 0.19375