0 0.32083333333333336 0.4 0.041666666666666664 0.0625
0 0.21354166666666666 0.428125 0.05416666666666667 0.07708333333333334
0 0.5 0.4395833333333333 0.046875 0.06666666666666667
0 0.584375 0.4666666666666667 0.034375 0.075
0 0.24895833333333334 0.47291666666666665 0.07291666666666667 0.1
0 0.7333333333333333 0.49375 0.08125 0.1375
0 0.6364583333333333 0.4947916666666667 0.08333333333333333 0.15208333333333332
0 0.5270833333333333 0.503125 0.06041666666666667 0.08125
0 0.5427083333333333 0.6114583333333333 0.07708333333333334 0.11875
0 0.18541666666666667 0.95625 0.16354166666666667 0.08645833333333333
0 0.5583333333333333 0.3927083333333333 0.04583333333333333 0.058333333333333334