0 0.32708333333333334 0.3125 0.03333333333333333 0.04583333333333333
0 0.39479166666666665 0.33229166666666665 0.027083333333333334 0.035416666666666666
0 0.2864583333333333 0.3489583333333333 0.03958333333333333 0.05625
0 0.6083333333333333 0.3489583333333333 0.06875 0.11041666666666666
0 0.334375 0.35520833333333335 0.040625 0.05625
0 0.5489583333333333 0.3645833333333333 0.06458333333333334 0.10833333333333334
0 0.3802083333333333 0.365625 0.03333333333333333 0.04375
0 0.490625 0.38125 0.0625 0.10833333333333334
0 0.684375 0.41041666666666665 0.04375 0.058333333333333334
0 0.3375 0.521875 0.0625 0.06875
0 0.215625 0.534375 0.10625 0.13125
0 0.07395833333333333 0.54375 0.14791666666666667 0.17083333333333334
0 0.5302083333333333 0.55 0.07291666666666667 0.1
0 0.7270833333333333 0.6020833333333333 0.2125 0.325
0 0.8833333333333333 0.609375 0.22708333333333333 0.29791666666666666
0 0.08333333333333333 0.7625 0.165625 0.25416666666666665
0 0.228125 0.93125 0.14791666666666667 0.13645833333333332