0 0.328125 0.3125 0.036458333333333336 0.057291666666666664
0 0.4791666666666667 0.3697916666666667 0.03125 0.03958333333333333
0 0.5572916666666666 0.375 0.058333333333333334 0.09583333333333334
0 0.49583333333333335 0.4125 0.04375 0.05416666666666667
0 0.3489583333333333 0.440625 0.051041666666666666 0.06875
0 0.5125 0.4552083333333333 0.046875 0.052083333333333336
0 0.5104166666666666 0.49583333333333335 0.059375 0.07083333333333333
0 0.7145833333333333 0.515625 0.0625 0.08541666666666667
0 0.5354166666666667 0.5270833333333333 0.05625 0.07916666666666666
0 0.8041666666666667 0.575 0.08958333333333333 0.10416666666666667
0 0.5479166666666667 0.578125 0.071875 0.10208333333333333
0 0.70625 0.61875 0.096875 0.1
0 0.575 0.6927083333333334 0.1 0.13541666666666666
0 0.9552083333333333 0.740625 0.08958333333333333 0.35208333333333336
0 0.6375 0.875 0.134375 0.18333333333333332
0 0.9114583333333334 0.8885416666666667 0.17708333333333334 0.22291666666666668