0 0.5458333333333333 0.36666666666666664 0.058333333333333334 0.0875
0 0.49166666666666664 0.40520833333333334 0.040625 0.04375
0 0.6604166666666667 0.40520833333333334 0.08125 0.11458333333333333
0 0.5666666666666667 0.4270833333333333 0.041666666666666664 0.09166666666666666
0 0.5041666666666667 0.446875 0.04583333333333333 0.06041666666666667
0 0.6166666666666667 0.459375 0.07916666666666666 0.13958333333333334
0 0.7614583333333333 0.4708333333333333 0.06666666666666667 0.075
0 0.5239583333333333 0.515625 0.06041666666666667 0.08958333333333333
0 0.121875 0.5239583333333333 0.071875 0.06875
0 0.6885416666666667 0.5666666666666667 0.11458333333333333 0.20416666666666666
0 0.315625 0.5760416666666667 0.06875 0.09375
0 0.88125 0.684375 0.2375 0.23958333333333334
0 0.6229166666666667 0.7760416666666666 0.11458333333333333 0.17708333333333334