0 0.5385416666666667 0.35625 0.057291666666666664 0.08958333333333333
0 0.6416666666666667 0.41875 0.05520833333333333 0.08229166666666667
0 0.2916666666666667 0.41770833333333335 0.046875 0.06041666666666667
0 0.5072916666666667 0.49583333333333335 0.05520833333333333 0.07604166666666666
0 0.64375 0.5395833333333333 0.05625 0.1
0 0.5333333333333333 0.546875 0.07708333333333334 0.06875
0 0.5416666666666666 0.6260416666666667 0.08645833333333333 0.11458333333333333
0 0.7875 0.64375 0.234375 0.36875
0 0.9854166666666667 0.6885416666666667 0.028125 0.09791666666666667
0 0.578125 0.6895833333333333 0.09270833333333334 0.14270833333333333
0 0.621875 0.81875 0.13125 0.2