0 0.390625 0.334375 0.028125 0.035416666666666666
0 0.28541666666666665 0.353125 0.0375 0.05625
0 0.5395833333333333 0.3729166666666667 0.04375 0.07083333333333333
0 0.48333333333333334 0.38125 0.03333333333333333 0.041666666666666664
0 0.5458333333333333 0.40729166666666666 0.025 0.052083333333333336
0 0.4895833333333333 0.42604166666666665 0.041666666666666664 0.06041666666666667
0 0.653125 0.4270833333333333 0.040625 0.0625
0 0.60625 0.44895833333333335 0.1 0.15208333333333332
0 0.7083333333333334 0.48020833333333335 0.075 0.08541666666666667
0 0.5135416666666667 0.49375 0.05416666666666667 0.06666666666666667
0 0.8010416666666667 0.5875 0.08958333333333333 0.10416666666666667
0 0.6979166666666666 0.6177083333333333 0.096875 0.11041666666666666
0 0.609375 0.7302083333333333 0.1 0.15208333333333332