0 0.48854166666666665 0.38958333333333334 0.03333333333333333 0.034375
0 0.375 0.39375 0.0375 0.04791666666666667
0 0.16041666666666668 0.4552083333333333 0.08541666666666667 0.10416666666666667
0 0.64375 0.49166666666666664 0.11875 0.22916666666666666
0 0.334375 0.5020833333333333 0.052083333333333336 0.06875
0 0.525 0.5135416666666667 0.059375 0.09583333333333334
0 0.21666666666666667 0.5302083333333333 0.07291666666666667 0.090625
0 0.058333333333333334 0.5677083333333334 0.11458333333333333 0.171875
0 0.5822916666666667 0.7135416666666666 0.1 0.16041666666666668
0 0.859375 0.765625 0.28125 0.46875
0 0.2552083333333333 0.7729166666666667 0.10729166666666666 0.13854166666666667