0 0.37916666666666665 0.36354166666666665 0.040625 0.03958333333333333
0 0.25625 0.3875 0.053125 0.0625
0 0.5791666666666667 0.41458333333333336 0.08125 0.12916666666666668
0 0.6729166666666667 0.44375 0.06458333333333334 0.07916666666666666
0 0.5052083333333334 0.46145833333333336 0.04583333333333333 0.05625
0 0.7447916666666666 0.53125 0.07291666666666667 0.08333333333333333
0 0.646875 0.546875 0.071875 0.08541666666666667
0 0.578125 0.634375 0.08125 0.11458333333333333
0 0.8958333333333334 0.6385416666666667 0.146875 0.20625
0 0.6395833333333333 0.8979166666666667 0.14791666666666667 0.2
0 0.9197916666666667 0.9333333333333333 0.16041666666666668 0.13229166666666667