0 0.5541666666666667 0.38645833333333335 0.046875 0.07291666666666667
0 0.36354166666666665 0.39375 0.035416666666666666 0.0375
0 0.6020833333333333 0.39895833333333336 0.04791666666666667 0.04375
0 0.5729166666666666 0.421875 0.03958333333333333 0.04791666666666667
0 0.34270833333333334 0.465625 0.05520833333333333 0.06041666666666667
0 0.5041666666666667 0.4666666666666667 0.04583333333333333 0.07083333333333333
0 0.721875 0.46770833333333334 0.125 0.15208333333333332
0 0.6166666666666667 0.49166666666666664 0.0625 0.07916666666666666
0 0.5208333333333334 0.5229166666666667 0.058333333333333334 0.0875
0 0.21458333333333332 0.5541666666666667 0.07708333333333334 0.08958333333333333
0 0.7739583333333333 0.5625 0.08229166666666667 0.1
0 0.5520833333333334 0.5802083333333333 0.075 0.09375
0 0.9208333333333333 0.6041666666666666 0.090625 0.0875
0 0.290625 0.640625 0.0875 0.12395833333333334
0 0.715625 0.6520833333333333 0.090625 0.1375
0 0.8770833333333333 0.665625 0.09375 0.11875
0 0.628125 0.7447916666666666 0.10625 0.15625
0 0.8145833333333333 0.7854166666666667 0.17083333333333334 0.28020833333333334
0 0.08541666666666667 0.8166666666666667 0.15 0.17083333333333334
0 0.6072916666666667 0.8916666666666667 0.15416666666666667 0.21666666666666667