0 0.484375 0.3729166666666667 0.03125 0.041666666666666664
0 0.315625 0.390625 0.0375 0.04375
0 0.5604166666666667 0.40625 0.040625 0.05416666666666667
0 0.3625 0.4125 0.040625 0.05
0 0.5197916666666667 0.4479166666666667 0.04583333333333333 0.07083333333333333
0 0.27395833333333336 0.45625 0.052083333333333336 0.0625
0 0.7302083333333333 0.49166666666666664 0.06458333333333334 0.11666666666666667
0 0.6583333333333333 0.5052083333333334 0.090625 0.15625
0 0.58125 0.628125 0.075 0.11458333333333333
0 0.20208333333333334 0.8291666666666667 0.14166666666666666 0.175
0 0.6302083333333334 0.8833333333333333 0.15208333333333332 0.23333333333333334