0 0.26666666666666666 0.33958333333333335 0.059375 0.0625
0 0.3854166666666667 0.37395833333333334 0.03125 0.03958333333333333
0 0.5604166666666667 0.403125 0.035416666666666666 0.03958333333333333
0 0.2708333333333333 0.40625 0.09166666666666666 0.13333333333333333
0 0.590625 0.43854166666666666 0.046875 0.06041666666666667
0 0.5166666666666667 0.4864583333333333 0.052083333333333336 0.07708333333333334
0 0.16666666666666666 0.5166666666666667 0.16666666666666666 0.225
0 0.7479166666666667 0.5270833333333333 0.09583333333333334 0.13333333333333333
0 0.6395833333333333 0.5552083333333333 0.06875 0.08541666666666667
0 0.04375 0.5666666666666667 0.0875 0.12916666666666668
0 0.5583333333333333 0.5947916666666667 0.075 0.11458333333333333
0 0.7416666666666667 0.6697916666666667 0.14583333333333334 0.18541666666666667
0 0.2916666666666667 0.6708333333333333 0.09791666666666667 0.12916666666666668
0 0.6697916666666667 0.9333333333333333 0.16458333333333333 0.13229166666666667