0 0.30520833333333336 0.39166666666666666 0.04479166666666667 0.06458333333333334
0 0.5864583333333333 0.42083333333333334 0.06041666666666667 0.125
0 0.2604166666666667 0.4583333333333333 0.05 0.08333333333333333
0 0.5052083333333334 0.44895833333333335 0.053125 0.07291666666666667
0 0.7958333333333333 0.5010416666666667 0.12083333333333333 0.21041666666666667
0 0.684375 0.5239583333333333 0.14375 0.24791666666666667
0 0.21666666666666667 0.5322916666666667 0.08229166666666667 0.12708333333333333
0 0.5395833333333333 0.5583333333333333 0.07083333333333333 0.09791666666666667
0 0.07916666666666666 0.5729166666666666 0.15833333333333333 0.26666666666666666
0 0.31145833333333334 0.5864583333333333 0.07708333333333334 0.08854166666666667
0 0.965625 0.65625 0.06875 0.128125
0 0.6614583333333334 0.7645833333333333 0.26458333333333334 0.4666666666666667
0 0.37604166666666666 0.4010416666666667 0.036458333333333336 0.05