0 0.378125 0.3729166666666667 0.034375 0.041666666666666664
0 0.32083333333333336 0.375 0.0375 0.04583333333333333
0 0.27395833333333336 0.38645833333333335 0.03958333333333333 0.04791666666666667
0 0.4947916666666667 0.3958333333333333 0.035416666666666666 0.04583333333333333
0 0.5010416666666667 0.4427083333333333 0.041666666666666664 0.06041666666666667
0 0.659375 0.44895833333333335 0.05 0.05625
0 0.6020833333333333 0.46770833333333334 0.05416666666666667 0.07291666666666667
0 0.7479166666666667 0.5041666666666667 0.09583333333333334 0.15833333333333333
0 0.5239583333333333 0.5125 0.058333333333333334 0.09166666666666666
0 0.6375 0.5239583333333333 0.06875 0.10208333333333333
0 0.309375 0.5791666666666667 0.075 0.1125
0 0.7104166666666667 0.6104166666666667 0.125 0.20416666666666666
0 0.86875 0.6479166666666667 0.13125 0.14166666666666666
0 0.6125 0.759375 0.11875 0.18958333333333333