0 0.521875 0.33125 0.046875 0.08333333333333333
0 0.6822916666666666 0.43125 0.09583333333333334 0.13333333333333333
0 0.18958333333333333 0.553125 0.08333333333333333 0.11041666666666666
0 0.8260416666666667 0.5916666666666667 0.10208333333333333 0.10416666666666667
0 0.5510416666666667 0.6177083333333333 0.07708333333333334 0.11041666666666666
0 0.678125 0.5927083333333333 0.078125 0.09791666666666667
0 0.290625 0.65 0.0875 0.11041666666666666
0 0.10625 0.54375 0.07708333333333334 0.078125
0 0.05416666666666667 0.8083333333333333 0.10729166666666666 0.3489583333333333
0 0.578125 0.40208333333333335 0.059375 0.115625
0 0.19270833333333334 0.465625 0.05520833333333333 0.05520833333333333
0 0.23125 0.4270833333333333 0.040625 0.04583333333333333
0 0.28229166666666666 0.36041666666666666 0.036458333333333336 0.05520833333333333