0 0.28541666666666665 0.33958333333333335 0.05625 0.075
0 0.5229166666666667 0.3416666666666667 0.0375 0.0625
0 0.47291666666666665 0.34270833333333334 0.03333333333333333 0.04375
0 0.484375 0.3927083333333333 0.03125 0.05625
0 0.6302083333333334 0.4197916666666667 0.04583333333333333 0.05625
0 0.5104166666666666 0.446875 0.04791666666666667 0.04375
0 0.5895833333333333 0.4510416666666667 0.05416666666666667 0.05625
0 0.6770833333333334 0.45625 0.05416666666666667 0.06666666666666667
0 0.5020833333333333 0.47708333333333336 0.04583333333333333 0.06666666666666667
0 0.521875 0.5041666666666667 0.05 0.075
0 0.5395833333333333 0.54375 0.071875 0.0875
0 0.8 0.546875 0.184375 0.2520833333333333
0 0.653125 0.5489583333333333 0.078125 0.10208333333333333
0 0.5583333333333333 0.628125 0.08125 0.11875
0 0.7520833333333333 0.6697916666666667 0.14583333333333334 0.21875
0 0.6052083333333333 0.7666666666666667 0.12083333333333333 0.15833333333333333
0 0.6989583333333333 0.928125 0.16666666666666666 0.14375