0 0.4791666666666667 0.375 0.03333333333333333 0.04583333333333333
0 0.384375 0.3885416666666667 0.034375 0.04375
0 0.6104166666666667 0.39791666666666664 0.0375 0.05
0 0.559375 0.40208333333333335 0.0375 0.058333333333333334
0 0.659375 0.43854166666666666 0.053125 0.06041666666666667
0 0.24166666666666667 0.46145833333333336 0.07708333333333334 0.11458333333333333
0 0.5104166666666666 0.48541666666666666 0.05625 0.07916666666666666
0 0.34270833333333334 0.496875 0.058333333333333334 0.06875
0 0.13333333333333333 0.5 0.0625 0.0875
0 0.18541666666666667 0.5416666666666666 0.10208333333333333 0.1625
0 0.640625 0.5510416666666667 0.06875 0.08958333333333333
0 0.8010416666666667 0.5635416666666667 0.17916666666666667 0.18125
0 0.5510416666666667 0.59375 0.07708333333333334 0.10416666666666667
0 0.296875 0.6375 0.084375 0.09166666666666666
0 0.7697916666666667 0.709375 0.11458333333333333 0.12708333333333333
0 0.22916666666666666 0.828125 0.1375 0.16458333333333333
0 0.9416666666666667 0.925 0.11666666666666667 0.14583333333333334
0 0.325 0.3416666666666667 0.052083333333333336 0.08645833333333333
0 0.021875 0.7239583333333334 0.04375 0.15104166666666666