0 0.384375 0.375 0.03125 0.040625
0 0.25104166666666666 0.4583333333333333 0.11145833333333334 0.15625
0 0.35 0.46770833333333334 0.05 0.071875
0 0.775 0.49583333333333335 0.11979166666666667 0.12916666666666668
0 0.671875 0.5052083333333334 0.0625 0.05625
0 0.6697916666666667 0.546875 0.10104166666666667 0.18958333333333333
0 0.521875 0.5760416666666667 0.06875 0.10625
0 0.9447916666666667 0.6020833333333333 0.11041666666666666 0.18333333333333332
0 0.5541666666666667 0.609375 0.071875 0.09375
0 0.853125 0.7145833333333333 0.209375 0.35
0 0.5625 0.71875 0.10208333333333333 0.14583333333333334
0 0.042708333333333334 0.765625 0.08541666666666667 0.29375
0 0.9197916666666667 0.8385416666666666 0.16041666666666668 0.3229166666666667
0 0.73125 0.8739583333333333 0.171875 0.2520833333333333
0 0.20416666666666666 0.8895833333333333 0.15208333333333332 0.21666666666666667
0 0.5854166666666667 0.42916666666666664 0.04791666666666667 0.052083333333333336