0 0.38958333333333334 0.33958333333333335 0.029166666666666667 0.03333333333333333
0 0.565625 0.4083333333333333 0.05625 0.08333333333333333
0 0.49583333333333335 0.4125 0.040625 0.0625
0 0.3625 0.421875 0.040625 0.06041666666666667
0 0.7052083333333333 0.4510416666666667 0.11041666666666666 0.15625
0 0.5229166666666667 0.47708333333333336 0.04791666666666667 0.07083333333333333
0 0.6729166666666667 0.5166666666666667 0.13541666666666666 0.20416666666666666
0 0.853125 0.5333333333333333 0.078125 0.0875
0 0.278125 0.6135416666666667 0.075 0.10208333333333333
0 0.6166666666666667 0.7770833333333333 0.121875 0.16666666666666666
0 0.8833333333333333 0.8572916666666667 0.18541666666666667 0.28541666666666665