0 0.5458333333333333 0.375 0.065625 0.10208333333333333
0 0.496875 0.4166666666666667 0.053125 0.05625
0 0.3625 0.41875 0.040625 0.057291666666666664
0 0.6895833333333333 0.4583333333333333 0.052083333333333336 0.075
0 0.5041666666666667 0.475 0.051041666666666666 0.06666666666666667
0 0.6239583333333333 0.4864583333333333 0.09583333333333334 0.14791666666666667
0 0.7479166666666667 0.5083333333333333 0.07083333333333333 0.09479166666666666
0 0.5395833333333333 0.559375 0.071875 0.10625
0 0.6947916666666667 0.6197916666666666 0.09375 0.13229166666666667
0 0.5833333333333334 0.6822916666666666 0.09479166666666666 0.14270833333333333
0 0.64375 0.9208333333333333 0.16979166666666667 0.15729166666666666