0 0.34375 0.33958333333333335 0.03125 0.029166666666666667
0 0.48333333333333334 0.34270833333333334 0.03125 0.04375
0 0.5333333333333333 0.36666666666666664 0.040625 0.05
0 0.36354166666666665 0.390625 0.04583333333333333 0.06041666666666667
0 0.5760416666666667 0.41875 0.052083333333333336 0.07083333333333333
0 0.5041666666666667 0.43125 0.053125 0.07916666666666666
0 0.30520833333333336 0.5083333333333333 0.06041666666666667 0.08333333333333333
0 0.5489583333333333 0.56875 0.09166666666666666 0.125
0 0.22083333333333333 0.7947916666666667 0.13333333333333333 0.15208333333333332
0 0.8354166666666667 0.8291666666666667 0.17916666666666667 0.2125
0 0.041666666666666664 0.9072916666666667 0.08333333333333333 0.18541666666666667