0 0.38645833333333335 0.35520833333333335 0.035416666666666666 0.04375
0 0.5385416666666667 0.36354166666666665 0.04583333333333333 0.07291666666666667
0 0.2864583333333333 0.36770833333333336 0.03958333333333333 0.04375
0 0.6479166666666667 0.396875 0.06875 0.11875
0 0.5020833333333333 0.403125 0.03958333333333333 0.04791666666666667
0 0.59375 0.415625 0.078125 0.13541666666666666
0 0.7114583333333333 0.42604166666666665 0.041666666666666664 0.052083333333333336
0 0.353125 0.43645833333333334 0.05 0.06458333333333334
0 0.5239583333333333 0.4979166666666667 0.05416666666666667 0.07083333333333333
0 0.7791666666666667 0.509375 0.15625 0.17291666666666666
0 0.6583333333333333 0.5447916666666667 0.07708333333333334 0.13541666666666666
0 0.5541666666666667 0.6302083333333334 0.08125 0.11458333333333333
0 0.7822916666666667 0.6895833333333333 0.17916666666666667 0.3333333333333333
0 0.6791666666666667 0.925 0.16458333333333333 0.15