0 0.3020833333333333 0.38229166666666664 0.06875 0.11875
0 0.6458333333333334 0.41875 0.052083333333333336 0.08333333333333333
0 0.5729166666666666 0.421875 0.04583333333333333 0.05625
0 0.16666666666666666 0.42916666666666664 0.10833333333333334 0.14583333333333334
0 0.5020833333333333 0.46770833333333334 0.053125 0.07708333333333334
0 0.753125 0.4708333333333333 0.0625 0.07083333333333333
0 0.6927083333333334 0.4875 0.06666666666666667 0.09166666666666666
0 0.603125 0.490625 0.0625 0.07708333333333334
0 0.8260416666666667 0.5791666666666667 0.13333333333333333 0.20833333333333334
0 0.56875 0.6114583333333333 0.09375 0.12708333333333333
0 0.7677083333333333 0.684375 0.15416666666666667 0.26458333333333334
0 0.041666666666666664 0.9020833333333333 0.08333333333333333 0.19583333333333333
0 0.9166666666666666 0.8479166666666667 0.16666666666666666 0.3