0 0.61875 0.38645833333333335 0.071875 0.10625
0 0.5729166666666666 0.4083333333333333 0.06458333333333334 0.1125
0 0.49583333333333335 0.4166666666666667 0.040625 0.05
0 0.346875 0.45 0.053125 0.0625
0 0.7125 0.4666666666666667 0.128125 0.18333333333333332
0 0.5104166666666666 0.47604166666666664 0.05416666666666667 0.07708333333333334
0 0.61875 0.5 0.0625 0.08333333333333333
0 0.5395833333333333 0.55625 0.07083333333333333 0.10416666666666667
0 0.8697916666666666 0.5583333333333333 0.09583333333333334 0.10416666666666667
0 0.6645833333333333 0.565625 0.07916666666666666 0.10208333333333333
0 0.7791666666666667 0.678125 0.140625 0.24791666666666667
0 0.6104166666666667 0.6854166666666667 0.109375 0.1625
0 0.12916666666666668 0.75 0.13125 0.14166666666666666
0 0.9104166666666667 0.9197916666666667 0.17916666666666667 0.159375