0 0.55625 0.34375 0.028125 0.041666666666666664
0 0.23854166666666668 0.3802083333333333 0.06041666666666667 0.08958333333333333
0 0.3729166666666667 0.38958333333333334 0.034375 0.04583333333333333
0 0.5489583333333333 0.396875 0.03958333333333333 0.04375
0 0.5020833333333333 0.41458333333333336 0.0375 0.058333333333333334
0 0.34479166666666666 0.4552083333333333 0.04791666666666667 0.06875
0 0.24791666666666667 0.4583333333333333 0.1125 0.15833333333333333
0 0.12916666666666668 0.478125 0.09791666666666667 0.12708333333333333
0 0.27395833333333336 0.6708333333333333 0.10208333333333333 0.15
0 0.7729166666666667 0.8947916666666667 0.153125 0.21041666666666667
0 0.33125 0.3489583333333333 0.05 0.08333333333333333