0 0.5541666666666667 0.38645833333333335 0.046875 0.07291666666666667
0 0.36666666666666664 0.3927083333333333 0.0375 0.04375
0 0.6260416666666667 0.4125 0.06041666666666667 0.05
0 0.3020833333333333 0.421875 0.04791666666666667 0.05625
0 0.5729166666666666 0.421875 0.03958333333333333 0.04791666666666667
0 0.3458333333333333 0.4625 0.04791666666666667 0.06666666666666667
0 0.5041666666666667 0.4666666666666667 0.04583333333333333 0.07083333333333333
0 0.7395833333333334 0.47604166666666664 0.13125 0.15208333333333332
0 0.10416666666666667 0.48125 0.121875 0.15
0 0.25416666666666665 0.4864583333333333 0.05625 0.06875
0 0.6416666666666667 0.5291666666666667 0.075 0.0875
0 0.5208333333333334 0.5385416666666667 0.058333333333333334 0.08541666666666667
0 0.8729166666666667 0.559375 0.07916666666666666 0.08125
0 0.8229166666666666 0.6083333333333333 0.09791666666666667 0.10833333333333334
0 0.5614583333333333 0.6291666666666667 0.07916666666666666 0.10416666666666667
0 0.15833333333333333 0.634375 0.09583333333333334 0.09791666666666667
0 0.9364583333333333 0.740625 0.12291666666666666 0.13541666666666666
0 0.7916666666666666 0.7541666666666667 0.12291666666666666 0.17083333333333334
0 0.6645833333333333 0.853125 0.140625 0.21458333333333332
0 0.9104166666666667 0.8802083333333334 0.17916666666666667 0.23541666666666666