0 0.30520833333333336 0.378125 0.06458333333333334 0.10208333333333333
0 0.478125 0.384375 0.040625 0.04791666666666667
0 0.3802083333333333 0.3854166666666667 0.04583333333333333 0.04583333333333333
0 0.5614583333333333 0.3927083333333333 0.08333333333333333 0.12708333333333333
0 0.6614583333333334 0.40625 0.09166666666666666 0.1125
0 0.22604166666666667 0.45208333333333334 0.07291666666666667 0.09166666666666666
0 0.5020833333333333 0.46041666666666664 0.04583333333333333 0.0625
0 0.34791666666666665 0.465625 0.059375 0.06458333333333334
0 0.621875 0.5 0.0625 0.1
0 0.7395833333333334 0.596875 0.21875 0.29375
0 0.5875 0.6229166666666667 0.090625 0.13333333333333333
0 0.284375 0.6458333333333334 0.090625 0.1125
0 0.9052083333333333 0.68125 0.11458333333333333 0.13333333333333333
0 0.06145833333333333 0.7447916666666666 0.12291666666666666 0.15625
0 0.6572916666666667 0.8833333333333333 0.14791666666666667 0.23333333333333334