0 0.21041666666666667 0.39166666666666666 0.0875 0.125
0 0.48541666666666666 0.39479166666666665 0.035416666666666666 0.04375
0 0.3645833333333333 0.415625 0.040625 0.05625
0 0.5625 0.425 0.04375 0.0625
0 0.4979166666666667 0.44895833333333335 0.04375 0.06458333333333334
0 0.6260416666666667 0.471875 0.07916666666666666 0.13125
0 0.753125 0.5447916666666667 0.08125 0.10208333333333333
0 0.5572916666666666 0.5822916666666667 0.07708333333333334 0.11041666666666666
0 0.2520833333333333 0.6479166666666667 0.08958333333333333 0.1
0 0.8604166666666667 0.8541666666666666 0.159375 0.21666666666666667
0 0.6489583333333333 0.8916666666666667 0.13958333333333334 0.21666666666666667