0 0.2989583333333333 0.39479166666666665 0.04375 0.07291666666666667
0 0.35625 0.4322916666666667 0.042708333333333334 0.05520833333333333
0 0.740625 0.5114583333333333 0.04583333333333333 0.071875
0 0.6583333333333333 0.5208333333333334 0.13958333333333334 0.246875
0 0.159375 0.540625 0.20208333333333334 0.29791666666666666
0 0.5333333333333333 0.54375 0.08020833333333334 0.09479166666666666
0 0.878125 0.5645833333333333 0.20104166666666667 0.24791666666666667
0 0.5572916666666666 0.6427083333333333 0.08541666666666667 0.13541666666666666
0 0.27708333333333335 0.6864583333333333 0.096875 0.11666666666666667
0 0.8541666666666666 0.7625 0.2916666666666667 0.41041666666666665
0 0.6166666666666667 0.8385416666666666 0.134375 0.18541666666666667