0 0.521875 0.33645833333333336 0.034375 0.06041666666666667
0 0.3416666666666667 0.3385416666666667 0.05416666666666667 0.08541666666666667
0 0.5729166666666666 0.35520833333333335 0.035416666666666666 0.06458333333333334
0 0.38333333333333336 0.3614583333333333 0.035416666666666666 0.04791666666666667
0 0.36354166666666665 0.39895833333333336 0.035416666666666666 0.04791666666666667
0 0.28958333333333336 0.403125 0.08125 0.11875
0 0.19583333333333333 0.4239583333333333 0.06666666666666667 0.08958333333333333
0 0.5864583333333333 0.45729166666666665 0.04791666666666667 0.06458333333333334
0 0.5270833333333333 0.46770833333333334 0.04791666666666667 0.07708333333333334
0 0.3302083333333333 0.5052083333333334 0.06666666666666667 0.09375
0 0.0625 0.74375 0.125 0.175
0 0.22291666666666668 0.890625 0.1375 0.18541666666666667