0 0.26979166666666665 0.403125 0.08958333333333333 0.13125
0 0.65 0.41354166666666664 0.090625 0.11875
0 0.5625 0.4166666666666667 0.040625 0.04583333333333333
0 0.37083333333333335 0.41875 0.041666666666666664 0.058333333333333334
0 0.196875 0.42604166666666665 0.059375 0.06875
0 0.4979166666666667 0.4354166666666667 0.046875 0.058333333333333334
0 0.60625 0.47604166666666664 0.053125 0.06458333333333334
0 0.13541666666666666 0.4791666666666667 0.08333333333333333 0.10833333333333334
0 0.6604166666666667 0.54375 0.071875 0.1
0 0.04791666666666667 0.5864583333333333 0.09583333333333334 0.16875
0 0.5604166666666667 0.6510416666666666 0.0875 0.13958333333333334
0 0.9385416666666667 0.7479166666666667 0.12291666666666666 0.25833333333333336
0 0.24895833333333334 0.83125 0.12916666666666668 0.1625
0 0.8052083333333333 0.840625 0.14791666666666667 0.17708333333333334