0 0.3697916666666667 0.39166666666666666 0.041666666666666664 0.05416666666666667
0 0.6354166666666666 0.3958333333333333 0.07708333333333334 0.1125
0 0.5895833333333333 0.43125 0.06666666666666667 0.12083333333333333
0 0.5 0.43645833333333334 0.04375 0.06458333333333334
0 0.7489583333333333 0.496875 0.15416666666666667 0.21458333333333332
0 0.521875 0.5104166666666666 0.0625 0.0875
0 0.25416666666666665 0.521875 0.07083333333333333 0.08125
0 0.659375 0.5489583333333333 0.078125 0.09791666666666667
0 0.5697916666666667 0.6333333333333333 0.08541666666666667 0.13333333333333333
0 0.725 0.653125 0.109375 0.13541666666666666
0 0.6802083333333333 0.8635416666666667 0.15833333333333333 0.23958333333333334
0 0.90625 0.8354166666666667 0.1875 0.328125