0 0.6166666666666667 0.371875 0.05 0.08958333333333333
0 0.5614583333333333 0.38229166666666664 0.06666666666666667 0.10208333333333333
0 0.22916666666666666 0.41770833333333335 0.058333333333333334 0.06041666666666667
0 0.3645833333333333 0.421875 0.05 0.06041666666666667
0 0.50625 0.4354166666666667 0.05 0.05416666666666667
0 0.6989583333333333 0.45 0.09583333333333334 0.14583333333333334
0 0.6020833333333333 0.46875 0.052083333333333336 0.10833333333333334
0 0.51875 0.5020833333333333 0.059375 0.075
0 0.79375 0.5104166666666666 0.0625 0.08333333333333333
0 0.6645833333333333 0.5197916666666667 0.10625 0.18125
0 0.9395833333333333 0.609375 0.11875 0.11875
0 0.5625 0.6197916666666666 0.078125 0.12291666666666666
0 0.7875 0.7052083333333333 0.178125 0.30625
0 0.2520833333333333 0.7302083333333333 0.11458333333333333 0.13125
0 0.9385416666666667 0.7854166666666667 0.12291666666666666 0.24479166666666666