0 0.24791666666666667 0.375 0.0625 0.09166666666666666
0 0.32083333333333336 0.3875 0.0375 0.041666666666666664
0 0.5583333333333333 0.39166666666666666 0.053125 0.0875
0 0.6364583333333333 0.40625 0.03958333333333333 0.05
0 0.675 0.44166666666666665 0.053125 0.058333333333333334
0 0.5895833333333333 0.44375 0.04375 0.05
0 0.34479166666666666 0.46458333333333335 0.051041666666666666 0.06041666666666667
0 0.5145833333333333 0.4895833333333333 0.04583333333333333 0.07083333333333333
0 0.803125 0.528125 0.178125 0.21041666666666667
0 0.5416666666666666 0.603125 0.08125 0.11458333333333333
0 0.71875 0.659375 0.1125 0.13958333333333334
0 0.9385416666666667 0.725 0.12291666666666666 0.15833333333333333
0 0.609375 0.7791666666666667 0.115625 0.17083333333333334