0 0.3104166666666667 0.3229166666666667 0.030208333333333334 0.04583333333333333
0 0.6614583333333334 0.4114583333333333 0.06666666666666667 0.11041666666666666
0 0.5 0.4947916666666667 0.057291666666666664 0.06875
0 0.6354166666666666 0.49375 0.090625 0.17916666666666667
0 0.525 0.5510416666666667 0.071875 0.090625
0 0.17291666666666666 0.55625 0.17395833333333333 0.24583333333333332
0 0.5447916666666667 0.634375 0.08229166666666667 0.13958333333333334
0 0.8333333333333334 0.6833333333333333 0.18541666666666667 0.30416666666666664
0 0.6572916666666667 0.6885416666666667 0.11458333333333333 0.190625
0 0.23854166666666668 0.7802083333333333 0.12083333333333333 0.15625
0 0.9135416666666667 0.8270833333333333 0.17291666666666666 0.3458333333333333
0 0.5927083333333333 0.89375 0.15 0.2125
0 0.8145833333333333 0.49270833333333336 0.196875 0.17916666666666667
0 0.353125 0.31354166666666666 0.035416666666666666 0.059375