0 0.38958333333333334 0.36770833333333336 0.028125 0.03958333333333333
0 0.6791666666666667 0.403125 0.041666666666666664 0.04375
0 0.61875 0.4083333333333333 0.040625 0.05
0 0.56875 0.41354166666666664 0.040625 0.06458333333333334
0 0.265625 0.43020833333333336 0.059375 0.09375
0 0.6770833333333334 0.4552083333333333 0.06041666666666667 0.06875
0 0.35625 0.45729166666666665 0.046875 0.06041666666666667
0 0.16770833333333332 0.4635416666666667 0.05416666666666667 0.07708333333333334
0 0.21979166666666666 0.49270833333333336 0.07916666666666666 0.13958333333333334
0 0.51875 0.5104166666666666 0.059375 0.08333333333333333
0 0.325 0.553125 0.0625 0.07291666666666667
0 0.6666666666666666 0.59375 0.07916666666666666 0.1
0 0.85 0.6177083333333333 0.215625 0.21458333333333332
0 0.06770833333333333 0.63125 0.10833333333333334 0.12083333333333333
0 0.5708333333333333 0.6552083333333333 0.08958333333333333 0.12291666666666666
0 0.2833333333333333 0.6666666666666666 0.1 0.1125
0 0.8302083333333333 0.8010416666666667 0.13958333333333334 0.16041666666666668
0 0.20104166666666667 0.9010416666666666 0.16458333333333333 0.19791666666666666