0 0.3125 0.3260416666666667 0.0375 0.04791666666666667
0 0.5979166666666667 0.34375 0.052083333333333336 0.1
0 0.540625 0.3572916666666667 0.059375 0.11041666666666666
0 0.4864583333333333 0.365625 0.05416666666666667 0.09791666666666667
0 0.38229166666666664 0.371875 0.03333333333333333 0.04791666666666667
0 0.6447916666666667 0.37604166666666666 0.035416666666666666 0.035416666666666666
0 0.24583333333333332 0.3875 0.052083333333333336 0.08333333333333333
0 0.3020833333333333 0.39479166666666665 0.040625 0.08125
0 0.359375 0.42604166666666665 0.053125 0.06041666666666667
0 0.5104166666666666 0.4708333333333333 0.04791666666666667 0.07916666666666666
0 0.6541666666666667 0.5145833333333333 0.13958333333333334 0.24166666666666667
0 0.8083333333333333 0.5302083333333333 0.159375 0.23125
0 0.23541666666666666 0.8739583333333333 0.1375 0.17291666666666666