0 0.31666666666666665 0.38229166666666664 0.03854166666666667 0.06354166666666666
0 0.5875 0.4322916666666667 0.09375 0.16666666666666666
0 0.3541666666666667 0.45 0.042708333333333334 0.05416666666666667
0 0.15 0.4635416666666667 0.11354166666666667 0.14166666666666666
0 0.5177083333333333 0.5072916666666667 0.06354166666666666 0.0875
0 0.234375 0.5177083333333333 0.08333333333333333 0.1125
0 0.6760416666666667 0.5322916666666667 0.15104166666666666 0.20625
0 0.5364583333333334 0.5791666666666667 0.07291666666666667 0.115625
0 0.2875 0.6541666666666667 0.09583333333333334 0.11979166666666667
0 0.5791666666666667 0.703125 0.10520833333333333 0.12708333333333333
0 0.846875 0.7604166666666666 0.30625 0.4791666666666667
0 0.6135416666666667 0.86875 0.13958333333333334 0.22916666666666666