0 0.2677083333333333 0.35104166666666664 0.06458333333333334 0.07708333333333334
0 0.6458333333333334 0.39479166666666665 0.071875 0.13541666666666666
0 0.5833333333333334 0.41458333333333336 0.09166666666666666 0.14583333333333334
0 0.28541666666666665 0.41770833333333335 0.05625 0.09375
0 0.5010416666666667 0.43854166666666666 0.04583333333333333 0.07291666666666667
0 0.35 0.46875 0.059375 0.06666666666666667
0 0.08854166666666667 0.496875 0.17708333333333334 0.2604166666666667
0 0.21666666666666667 0.5354166666666667 0.07708333333333334 0.07083333333333333
0 0.3104166666666667 0.5875 0.07708333333333334 0.1
0 0.5447916666666667 0.6135416666666667 0.07916666666666666 0.11458333333333333
0 0.7895833333333333 0.6552083333333333 0.21666666666666667 0.3854166666666667
0 0.042708333333333334 0.7770833333333333 0.08541666666666667 0.1875