0 0.5260416666666666 0.303125 0.027083333333333334 0.04375
0 0.3645833333333333 0.30625 0.035416666666666666 0.0625
0 0.321875 0.315625 0.025 0.03958333333333333
0 0.3958333333333333 0.3260416666666667 0.020833333333333332 0.022916666666666665
0 0.3802083333333333 0.3375 0.020833333333333332 0.029166666666666667
0 0.5229166666666667 0.3375 0.020833333333333332 0.025
0 0.615625 0.3614583333333333 0.03125 0.04791666666666667
0 0.534375 0.36875 0.025 0.03333333333333333
0 0.37916666666666665 0.3729166666666667 0.03333333333333333 0.0375
0 0.32083333333333336 0.37604166666666666 0.03333333333333333 0.03958333333333333
0 0.49166666666666664 0.37604166666666666 0.0625 0.11041666666666666
0 0.5604166666666667 0.409375 0.040625 0.04375
0 0.68125 0.41041666666666665 0.021875 0.04583333333333333
0 0.28541666666666665 0.425 0.040625 0.058333333333333334
0 0.646875 0.42604166666666665 0.05 0.10208333333333333
0 0.36041666666666666 0.45 0.04791666666666667 0.05416666666666667
0 0.5864583333333333 0.4510416666666667 0.052083333333333336 0.06041666666666667
0 0.11979166666666667 0.4739583333333333 0.07291666666666667 0.06041666666666667
0 0.7479166666666667 0.48541666666666666 0.06041666666666667 0.0625
0 0.5260416666666666 0.5083333333333333 0.06458333333333334 0.1
0 0.6333333333333333 0.540625 0.065625 0.08125
0 0.178125 0.5479166666666667 0.15625 0.23333333333333334
0 0.846875 0.5958333333333333 0.121875 0.175
0 0.325 0.6010416666666667 0.071875 0.09375
0 0.9385416666666667 0.609375 0.08958333333333333 0.10625
0 0.022916666666666665 0.6208333333333333 0.04583333333333333 0.1375
0 0.7302083333333333 0.659375 0.09583333333333334 0.12291666666666666
0 0.04791666666666667 0.83125 0.09583333333333334 0.2625
0 0.659375 0.8916666666666667 0.153125 0.21666666666666667
0 0.9177083333333333 0.90625 0.16458333333333333 0.1875