0 0.3416666666666667 0.33125 0.041666666666666664 0.06666666666666667
0 0.32083333333333336 0.3614583333333333 0.03958333333333333 0.07291666666666667
0 0.3614583333333333 0.409375 0.041666666666666664 0.052083333333333336
0 0.48854166666666665 0.409375 0.035416666666666666 0.06041666666666667
0 0.13854166666666667 0.47291666666666665 0.12083333333333333 0.12916666666666668
0 0.21979166666666666 0.49375 0.14166666666666666 0.20416666666666666
0 0.7916666666666666 0.6677083333333333 0.17083333333333334 0.29791666666666666
0 0.20416666666666666 0.9041666666666667 0.16041666666666668 0.190625
0 0.621875 0.4979166666666667 0.058333333333333334 0.090625
0 0.5395833333333333 0.4 0.034375 0.053125
0 0.03125 0.6135416666666667 0.0625 0.20833333333333334