0 0.5510416666666667 0.3885416666666667 0.041666666666666664 0.08958333333333333
0 0.24375 0.4083333333333333 0.06770833333333333 0.0875
0 0.6854166666666667 0.42604166666666665 0.078125 0.09375
0 0.5114583333333333 0.5125 0.058333333333333334 0.09583333333333334
0 0.31979166666666664 0.5114583333333333 0.09895833333333333 0.19791666666666666
0 0.2125 0.5197916666666667 0.071875 0.09166666666666666
0 0.6645833333333333 0.55 0.09583333333333334 0.1875
0 0.5333333333333333 0.6052083333333333 0.08020833333333334 0.10208333333333333
0 0.859375 0.7 0.21875 0.3
0 0.5760416666666667 0.728125 0.10520833333333333 0.159375
0 0.9260416666666667 0.8416666666666667 0.14791666666666667 0.3125
0 0.6385416666666667 0.9395833333333333 0.14895833333333333 0.12083333333333333