0 0.3145833333333333 0.32395833333333335 0.0375 0.04791666666666667
0 0.5979166666666667 0.34375 0.052083333333333336 0.1
0 0.540625 0.3572916666666667 0.059375 0.11041666666666666
0 0.4864583333333333 0.365625 0.05416666666666667 0.09791666666666667
0 0.38645833333333335 0.36770833333333336 0.03333333333333333 0.04791666666666667
0 0.6447916666666667 0.37604166666666666 0.035416666666666666 0.035416666666666666
0 0.25416666666666665 0.38229166666666664 0.040625 0.07291666666666667
0 0.309375 0.3885416666666667 0.040625 0.08125
0 0.3645833333333333 0.4166666666666667 0.04583333333333333 0.04583333333333333
0 0.5145833333333333 0.4875 0.05416666666666667 0.09583333333333334
0 0.6614583333333334 0.5322916666666667 0.15208333333333332 0.24791666666666667
0 0.8291666666666667 0.55 0.1875 0.24583333333333332
0 0.27708333333333335 0.7302083333333333 0.10833333333333334 0.13541666666666666
0 0.078125 0.746875 0.15625 0.22291666666666668