0 0.55 0.36354166666666665 0.0625 0.11875
0 0.33229166666666665 0.371875 0.029166666666666667 0.035416666666666666
0 0.48854166666666665 0.378125 0.06041666666666667 0.11458333333333333
0 0.6020833333333333 0.38229166666666664 0.035416666666666666 0.06875
0 0.3697916666666667 0.39895833333333336 0.029166666666666667 0.03958333333333333
0 0.21354166666666666 0.403125 0.11041666666666666 0.14791666666666667
0 0.6333333333333333 0.409375 0.04791666666666667 0.08958333333333333
0 0.2989583333333333 0.42291666666666666 0.041666666666666664 0.058333333333333334
0 0.5104166666666666 0.4479166666666667 0.05 0.07916666666666666
0 0.36041666666666666 0.45625 0.04583333333333333 0.06666666666666667
0 0.19270833333333334 0.5291666666666667 0.13958333333333334 0.19583333333333333
0 0.3020833333333333 0.575 0.084375 0.1
0 0.6416666666666667 0.6083333333333333 0.08333333333333333 0.1125
0 0.8302083333333333 0.74375 0.20208333333333334 0.37083333333333335
0 0.20208333333333334 0.8541666666666666 0.14583333333333334 0.17083333333333334
0 0.6333333333333333 0.85625 0.13958333333333334 0.25416666666666665