0 0.6083333333333333 0.39479166666666665 0.03958333333333333 0.04791666666666667
0 0.5645833333333333 0.4114583333333333 0.035416666666666666 0.052083333333333336
0 0.6583333333333333 0.41458333333333336 0.0625 0.0875
0 0.4979166666666667 0.43020833333333336 0.040625 0.06041666666666667
0 0.584375 0.4375 0.04375 0.0625
0 0.34479166666666666 0.48541666666666666 0.052083333333333336 0.07083333333333333
0 0.6229166666666667 0.49166666666666664 0.08333333333333333 0.12916666666666668
0 0.7083333333333334 0.4947916666666667 0.075 0.08958333333333333
0 0.23541666666666666 0.4979166666666667 0.06458333333333334 0.07083333333333333
0 0.14583333333333334 0.5385416666666667 0.071875 0.08125
0 0.5354166666666667 0.5395833333333333 0.07083333333333333 0.1
0 0.7479166666666667 0.6729166666666667 0.140625 0.1875