0 0.5177083333333333 0.334375 0.03333333333333333 0.06875
0 0.46875 0.33645833333333336 0.028125 0.035416666666666666
0 0.5614583333333333 0.34270833333333334 0.03958333333333333 0.05625
0 0.3375 0.3458333333333333 0.052083333333333336 0.084375
0 0.37916666666666665 0.37083333333333335 0.03333333333333333 0.04583333333333333
0 0.5614583333333333 0.42291666666666666 0.04583333333333333 0.06666666666666667
0 0.26666666666666666 0.43125 0.09583333333333334 0.13333333333333333
0 0.5135416666666667 0.4322916666666667 0.041666666666666664 0.07291666666666667
0 0.35520833333333335 0.4270833333333333 0.04479166666666667 0.058333333333333334
0 0.16666666666666666 0.45208333333333334 0.07604166666666666 0.109375
0 0.30520833333333336 0.5739583333333333 0.08333333333333333 0.11458333333333333