0 0.3927083333333333 0.33229166666666665 0.027083333333333334 0.03125
0 0.6166666666666667 0.396875 0.03958333333333333 0.06458333333333334
0 0.5708333333333333 0.40208333333333335 0.071875 0.11666666666666667
0 0.365625 0.403125 0.040625 0.03958333333333333
0 0.215625 0.4197916666666667 0.059375 0.07291666666666667
0 0.6583333333333333 0.43645833333333334 0.05625 0.07291666666666667
0 0.4979166666666667 0.44375 0.040625 0.058333333333333334
0 0.7197916666666667 0.5072916666666667 0.06666666666666667 0.08125
0 0.6208333333333333 0.5135416666666667 0.0625 0.07708333333333334
0 0.5541666666666667 0.5739583333333333 0.075 0.08958333333333333
0 0.834375 0.590625 0.125 0.18541666666666667
0 0.5979166666666667 0.7583333333333333 0.11458333333333333 0.15
0 0.8197916666666667 0.8052083333333333 0.15208333333333332 0.19791666666666666