0 0.609375 0.37083333333333335 0.065625 0.09583333333333334
0 0.5770833333333333 0.41041666666666665 0.04375 0.0875
0 0.521875 0.44583333333333336 0.046875 0.07083333333333333
0 0.5916666666666667 0.4625 0.05416666666666667 0.07083333333333333
0 0.74375 0.471875 0.071875 0.07708333333333334
0 0.2635416666666667 0.48125 0.052083333333333336 0.06666666666666667
0 0.6541666666666667 0.5270833333333333 0.06875 0.10833333333333334
0 0.7802083333333333 0.571875 0.07083333333333333 0.08541666666666667
0 0.5447916666666667 0.5875 0.07291666666666667 0.10416666666666667
0 0.7020833333333333 0.5927083333333333 0.10833333333333334 0.18541666666666667
0 0.91875 0.6677083333333333 0.1625 0.26458333333333334
0 0.6322916666666667 0.8 0.13333333333333333 0.20833333333333334
0 0.9177083333333333 0.9197916666666667 0.16354166666666667 0.159375