0 0.46979166666666666 0.359375 0.027083333333333334 0.03125
0 0.546875 0.365625 0.0625 0.08958333333333333
0 0.4791666666666667 0.36875 0.034375 0.0375
0 0.48020833333333335 0.39479166666666665 0.03333333333333333 0.04375
0 0.48854166666666665 0.40729166666666666 0.03333333333333333 0.03125
0 0.553125 0.41354166666666664 0.040625 0.04375
0 0.4979166666666667 0.434375 0.052083333333333336 0.05625
0 0.5645833333333333 0.44375 0.035416666666666666 0.058333333333333334
0 0.5083333333333333 0.4791666666666667 0.052083333333333336 0.08333333333333333
0 0.721875 0.5052083333333334 0.046875 0.07708333333333334
0 0.646875 0.5135416666666667 0.125 0.21458333333333332
0 0.5302083333333333 0.5364583333333334 0.07708333333333334 0.09791666666666667
0 0.5614583333333333 0.6489583333333333 0.08958333333333333 0.12291666666666666
0 0.8604166666666667 0.7572916666666667 0.2791666666666667 0.48541666666666666
0 0.20729166666666668 0.81875 0.13333333333333333 0.15833333333333333
0 0.6427083333333333 0.8895833333333333 0.15208333333333332 0.22083333333333333
0 0.3625 0.41354166666666664 0.041666666666666664 0.051041666666666666