0 0.609375 0.3614583333333333 0.05 0.08958333333333333
0 0.5489583333333333 0.37916666666666665 0.06458333333333334 0.1
0 0.6729166666666667 0.42291666666666666 0.08958333333333333 0.12916666666666668
0 0.496875 0.4239583333333333 0.040625 0.04375
0 0.5770833333333333 0.440625 0.05 0.10208333333333333
0 0.7427083333333333 0.453125 0.04791666666666667 0.052083333333333336
0 0.18854166666666666 0.465625 0.058333333333333334 0.06041666666666667
0 0.5083333333333333 0.46979166666666666 0.04583333333333333 0.06041666666666667
0 0.3458333333333333 0.47604166666666664 0.05 0.06041666666666667
0 0.6302083333333334 0.48125 0.09166666666666666 0.15416666666666667
0 0.8333333333333334 0.5291666666666667 0.08333333333333333 0.1
0 0.5375 0.5572916666666666 0.065625 0.09375
0 0.73125 0.6260416666666667 0.13125 0.23541666666666666
0 0.68125 0.9166666666666666 0.140625 0.15833333333333333