0 0.27291666666666664 0.3541666666666667 0.03333333333333333 0.05
0 0.609375 0.35625 0.065625 0.10833333333333334
0 0.5447916666666667 0.375 0.058333333333333334 0.08333333333333333
0 0.4895833333333333 0.38229166666666664 0.03958333333333333 0.04791666666666667
0 0.3177083333333333 0.396875 0.035416666666666666 0.052083333333333336
0 0.49166666666666664 0.41875 0.03958333333333333 0.041666666666666664
0 0.5833333333333334 0.44895833333333335 0.041666666666666664 0.052083333333333336
0 0.5041666666666667 0.46979166666666666 0.04375 0.07291666666666667
0 0.765625 0.5333333333333333 0.046875 0.075
0 0.6927083333333334 0.5447916666666667 0.17708333333333334 0.30625
0 0.8947916666666667 0.634375 0.21041666666666667 0.3104166666666667
0 0.565625 0.6489583333333333 0.084375 0.11458333333333333
0 0.12291666666666666 0.6760416666666667 0.11041666666666666 0.12708333333333333
0 0.6854166666666667 0.9479166666666666 0.165625 0.103125