0 0.5760416666666667 0.40208333333333335 0.08958333333333333 0.16666666666666666
0 0.27291666666666664 0.4427083333333333 0.0625 0.08541666666666667
0 0.5125 0.49166666666666664 0.06458333333333334 0.07083333333333333
0 0.6520833333333333 0.5125 0.13125 0.1875
0 0.5322916666666667 0.5614583333333333 0.07083333333333333 0.11458333333333333
0 0.041666666666666664 0.5864583333333333 0.08333333333333333 0.18541666666666667
0 0.56875 0.675 0.103125 0.1375
0 0.28020833333333334 0.6958333333333333 0.103125 0.13020833333333334
0 0.8229166666666666 0.7145833333333333 0.30625 0.46979166666666666
0 0.6083333333333333 0.825 0.14583333333333334 0.22916666666666666
0 0.04479166666666667 0.8760416666666667 0.08958333333333333 0.246875
0 0.6666666666666666 0.925 0.140625 0.15
0 0.48854166666666665 0.425 0.041666666666666664 0.05625