0 0.37916666666666665 0.359375 0.034375 0.03958333333333333
0 0.5395833333333333 0.36041666666666666 0.04375 0.08333333333333333
0 0.32083333333333336 0.365625 0.06458333333333334 0.08125
0 0.4791666666666667 0.36875 0.03333333333333333 0.04583333333333333
0 0.24583333333333332 0.3854166666666667 0.053125 0.075
0 0.6083333333333333 0.390625 0.05 0.07708333333333334
0 0.3625 0.41041666666666665 0.04375 0.0625
0 0.21354166666666666 0.5260416666666666 0.07708333333333334 0.10625
0 0.3229166666666667 0.5583333333333333 0.06041666666666667 0.08333333333333333
0 0.5770833333333333 0.596875 0.07291666666666667 0.12708333333333333
0 0.6947916666666667 0.6 0.08958333333333333 0.11666666666666667
0 0.030208333333333334 0.9260416666666667 0.06041666666666667 0.146875