0 0.3875 0.34375 0.028125 0.041666666666666664
0 0.3333333333333333 0.35833333333333334 0.05 0.08333333333333333
0 0.5822916666666667 0.42604166666666665 0.058333333333333334 0.10208333333333333
0 0.5 0.434375 0.04375 0.06041666666666667
0 0.653125 0.44895833333333335 0.053125 0.05625
0 0.7177083333333333 0.4791666666666667 0.09166666666666666 0.1375
0 0.5208333333333334 0.48541666666666666 0.06041666666666667 0.08333333333333333
0 0.6416666666666667 0.546875 0.075 0.09375
0 0.3104166666666667 0.5583333333333333 0.06666666666666667 0.075
0 0.88125 0.6010416666666667 0.2375 0.3145833333333333
0 0.7291666666666666 0.65 0.134375 0.225
0 0.5791666666666667 0.715625 0.096875 0.13541666666666666