0 0.5958333333333333 0.3729166666666667 0.0625 0.07083333333333333
0 0.37083333333333335 0.38333333333333336 0.03125 0.0375
0 0.65625 0.39166666666666666 0.0375 0.05
0 0.4895833333333333 0.4 0.0375 0.075
0 0.578125 0.43333333333333335 0.065625 0.09166666666666666
0 0.5052083333333334 0.45416666666666666 0.052083333333333336 0.075
0 0.6802083333333333 0.46458333333333335 0.07291666666666667 0.07916666666666666
0 0.621875 0.5197916666666667 0.075 0.08958333333333333
0 0.525 0.5416666666666666 0.065625 0.10416666666666667
0 0.91875 0.6677083333333333 0.115625 0.17708333333333334
0 0.7958333333333333 0.6854166666666667 0.259375 0.39166666666666666
0 0.6020833333333333 0.75 0.11875 0.16666666666666666