0 0.3802083333333333 0.37395833333333334 0.035416666666666666 0.05625
0 0.6125 0.37916666666666665 0.040625 0.07083333333333333
0 0.32083333333333336 0.3927083333333333 0.034375 0.04375
0 0.4979166666666667 0.4114583333333333 0.04583333333333333 0.06458333333333334
0 0.17083333333333334 0.434375 0.13125 0.17708333333333334
0 0.3645833333333333 0.440625 0.03958333333333333 0.04791666666666667
0 0.2760416666666667 0.4625 0.04583333333333333 0.0625
0 0.3416666666666667 0.5145833333333333 0.059375 0.07916666666666666
0 0.6145833333333334 0.5302083333333333 0.06875 0.08958333333333333
0 0.7302083333333333 0.603125 0.14166666666666666 0.2520833333333333
0 0.8708333333333333 0.621875 0.11041666666666666 0.15208333333333332
0 0.10416666666666667 0.6427083333333333 0.20833333333333334 0.27291666666666664
0 0.5677083333333334 0.65625 0.09166666666666666 0.16666666666666666
0 0.26145833333333335 0.7125 0.11458333333333333 0.15416666666666667
0 0.8510416666666667 0.7583333333333333 0.17708333333333334 0.25833333333333336
0 0.6708333333333333 0.9395833333333333 0.16354166666666667 0.11979166666666667