0 0.5416666666666666 0.36666666666666664 0.053125 0.09583333333333334
0 0.6625 0.3875 0.1 0.1125
0 0.5854166666666667 0.4354166666666667 0.08333333333333333 0.15833333333333333
0 0.3458333333333333 0.47604166666666664 0.05625 0.07708333333333334
0 0.6677083333333333 0.5020833333333333 0.12291666666666666 0.22916666666666666
0 0.22083333333333333 0.5177083333333333 0.065625 0.07708333333333334
0 0.7604166666666666 0.5260416666666666 0.065625 0.07291666666666667
0 0.5322916666666667 0.5604166666666667 0.06458333333333334 0.0875
0 0.80625 0.5854166666666667 0.0875 0.10416666666666667
0 0.5645833333333333 0.6208333333333333 0.08958333333333333 0.14583333333333334
0 0.934375 0.7010416666666667 0.13125 0.15208333333333332
0 0.7947916666666667 0.759375 0.12916666666666668 0.18125
0 0.6052083333333333 0.7697916666666667 0.11458333333333333 0.16458333333333333