0 0.265625 0.3645833333333333 0.040625 0.058333333333333334
0 0.3854166666666667 0.375 0.03125 0.041666666666666664
0 0.23854166666666668 0.390625 0.04791666666666667 0.06875
0 0.6666666666666666 0.396875 0.03958333333333333 0.04375
0 0.6166666666666667 0.4083333333333333 0.040625 0.05
0 0.565625 0.41041666666666665 0.040625 0.0625
0 0.24583333333333332 0.45 0.07291666666666667 0.10833333333333334
0 0.6697916666666667 0.4510416666666667 0.058333333333333334 0.07291666666666667
0 0.353125 0.46875 0.05 0.0625
0 0.15833333333333333 0.475 0.058333333333333334 0.08333333333333333
0 0.515625 0.5072916666666667 0.059375 0.08958333333333333
0 0.21041666666666667 0.509375 0.0875 0.14791666666666667
0 0.31666666666666665 0.578125 0.06666666666666667 0.08125
0 0.6572916666666667 0.5791666666666667 0.07708333333333334 0.09166666666666666
0 0.83125 0.5958333333333333 0.196875 0.2
0 0.5625 0.6302083333333334 0.0875 0.11875
0 0.04895833333333333 0.6583333333333333 0.09791666666666667 0.12916666666666668
0 0.26875 0.709375 0.109375 0.13125
0 0.8083333333333333 0.771875 0.128125 0.15208333333333332
0 0.17395833333333333 0.946875 0.18229166666666666 0.10520833333333333