0 0.4708333333333333 0.36875 0.028125 0.03333333333333333
0 0.5947916666666667 0.37083333333333335 0.07083333333333333 0.07083333333333333
0 0.3729166666666667 0.375 0.03125 0.04583333333333333
0 0.6364583333333333 0.3770833333333333 0.029166666666666667 0.04583333333333333
0 0.665625 0.4 0.04375 0.0625
0 0.4895833333333333 0.40520833333333334 0.04375 0.07291666666666667
0 0.5802083333333333 0.4395833333333333 0.07916666666666666 0.1125
0 0.5052083333333334 0.46458333333333335 0.058333333333333334 0.07916666666666666
0 0.684375 0.47291666666666665 0.078125 0.09166666666666666
0 0.7614583333333333 0.5135416666666667 0.08541666666666667 0.08541666666666667
0 0.628125 0.5260416666666666 0.065625 0.08958333333333333
0 0.5270833333333333 0.553125 0.07291666666666667 0.10625
0 0.9333333333333333 0.6895833333333333 0.13333333333333333 0.18333333333333332
0 0.8041666666666667 0.71875 0.296875 0.44583333333333336
0 0.6083333333333333 0.775 0.11666666666666667 0.16666666666666666