0 0.38229166666666664 0.3885416666666667 0.035416666666666666 0.05
0 0.590625 0.4322916666666667 0.057291666666666664 0.11979166666666667
0 0.2760416666666667 0.43645833333333334 0.05 0.06770833333333333
0 0.5104166666666666 0.4583333333333333 0.053125 0.06458333333333334
0 0.7958333333333333 0.5010416666666667 0.12083333333333333 0.21041666666666667
0 0.684375 0.5239583333333333 0.14375 0.24791666666666667
0 0.23854166666666668 0.496875 0.071875 0.1125
0 0.546875 0.5822916666666667 0.07083333333333333 0.09791666666666667
0 0.103125 0.496875 0.15729166666666666 0.15625
0 0.328125 0.5354166666666667 0.0625 0.078125
0 0.965625 0.6510416666666666 0.06875 0.15625
0 0.6979166666666666 0.7822916666666667 0.32083333333333336 0.4354166666666667
0 0.21354166666666666 0.9125 0.13645833333333332 0.17395833333333333
0 0.06979166666666667 0.775 0.13958333333333334 0.44583333333333336