0 0.24166666666666667 0.37604166666666666 0.046875 0.07291666666666667
0 0.3645833333333333 0.42916666666666664 0.04583333333333333 0.06041666666666667
0 0.6666666666666666 0.4354166666666667 0.096875 0.14166666666666666
0 0.6 0.44895833333333335 0.053125 0.06458333333333334
0 0.29270833333333335 0.48125 0.052083333333333336 0.05520833333333333
0 0.6354166666666666 0.5208333333333334 0.075 0.1375
0 0.53125 0.5270833333333333 0.06145833333333333 0.071875
0 0.5854166666666667 0.6125 0.08020833333333334 0.11979166666666667
0 0.7229166666666667 0.6145833333333334 0.125 0.23333333333333334
0 0.8947916666666667 0.6302083333333334 0.21041666666666667 0.41458333333333336
0 0.5416666666666666 0.6541666666666667 0.090625 0.17916666666666667
0 0.059375 0.8041666666666667 0.11875 0.34270833333333334
0 0.20416666666666666 0.9114583333333334 0.16875 0.171875
0 0.6260416666666667 0.9104166666666667 0.15416666666666667 0.17604166666666668