0 0.3645833333333333 0.30833333333333335 0.029166666666666667 0.05
0 0.46041666666666664 0.31666666666666665 0.016666666666666666 0.029166666666666667
0 0.5510416666666667 0.33645833333333336 0.010416666666666666 0.022916666666666665
0 0.5145833333333333 0.33958333333333335 0.020833333333333332 0.041666666666666664
0 0.39791666666666664 0.346875 0.021875 0.03958333333333333
0 0.478125 0.35104166666666664 0.028125 0.03958333333333333
0 0.26145833333333335 0.36354166666666665 0.041666666666666664 0.09791666666666667
0 0.32083333333333336 0.3697916666666667 0.041666666666666664 0.08958333333333333
0 0.37916666666666665 0.37916666666666665 0.03125 0.025
0 0.5416666666666666 0.38125 0.028125 0.05
0 0.49166666666666664 0.40520833333333334 0.028125 0.05625
0 0.5895833333333333 0.41458333333333336 0.075 0.14583333333333334
0 0.521875 0.4875 0.05 0.07916666666666666
0 0.33229166666666665 0.5145833333333333 0.052083333333333336 0.07083333333333333
0 0.6979166666666666 0.5635416666666667 0.16041666666666668 0.28958333333333336
0 0.6729166666666667 0.9604166666666667 0.153125 0.07916666666666666