0 0.31666666666666665 0.378125 0.04375 0.06041666666666667
0 0.6322916666666667 0.3802083333333333 0.06041666666666667 0.08958333333333333
0 0.5395833333333333 0.390625 0.028125 0.07291666666666667
0 0.4864583333333333 0.4041666666666667 0.03333333333333333 0.041666666666666664
0 0.5760416666666667 0.41458333333333336 0.06041666666666667 0.125
0 0.35625 0.4375 0.04375 0.058333333333333334
0 0.5 0.44166666666666665 0.040625 0.058333333333333334
0 0.621875 0.475 0.078125 0.14166666666666666
0 0.7708333333333334 0.5541666666666667 0.17083333333333334 0.15
0 0.5416666666666666 0.5552083333333333 0.06875 0.09375
0 0.6875 0.6885416666666667 0.121875 0.15625
0 0.6677083333333333 0.8729166666666667 0.18541666666666667 0.25416666666666665