0 0.3416666666666667 0.34791666666666665 0.05 0.08333333333333333
0 0.6927083333333334 0.4197916666666667 0.04791666666666667 0.05625
0 0.35 0.4427083333333333 0.05 0.04791666666666667
0 0.5979166666666667 0.4510416666666667 0.06666666666666667 0.11458333333333333
0 0.5041666666666667 0.46458333333333335 0.052083333333333336 0.07916666666666666
0 0.6770833333333334 0.471875 0.05416666666666667 0.06875
0 0.7541666666666667 0.5125 0.1 0.15833333333333333
0 0.5385416666666667 0.53125 0.06666666666666667 0.09166666666666666
0 0.6864583333333333 0.6 0.09583333333333334 0.12083333333333333
0 0.9114583333333334 0.6666666666666666 0.17708333333333334 0.38333333333333336
0 0.8208333333333333 0.7875 0.18958333333333333 0.31666666666666665
0 0.6427083333333333 0.903125 0.12916666666666668 0.19375