0 0.33645833333333336 0.340625 0.03958333333333333 0.06875
0 0.4822916666666667 0.36041666666666666 0.027083333333333334 0.04375
0 0.3802083333333333 0.35833333333333334 0.035416666666666666 0.041666666666666664
0 0.215625 0.39895833333333336 0.078125 0.08958333333333333
0 0.28958333333333336 0.4083333333333333 0.08541666666666667 0.125
0 0.5770833333333333 0.48020833333333335 0.052083333333333336 0.08125
0 0.109375 0.4947916666666667 0.165625 0.18125
0 0.5229166666666667 0.5229166666666667 0.0625 0.09583333333333334
0 0.32708333333333334 0.528125 0.06458333333333334 0.08854166666666667
0 0.7635416666666667 0.715625 0.12291666666666666 0.18125
0 0.07916666666666666 0.7864583333333334 0.15833333333333333 0.4270833333333333
0 0.20729166666666668 0.8989583333333333 0.15729166666666666 0.20208333333333334