0 0.37916666666666665 0.35520833333333335 0.027083333333333334 0.03125
0 0.5541666666666667 0.38229166666666664 0.065625 0.11041666666666666
0 0.640625 0.415625 0.05625 0.07291666666666667
0 0.49166666666666664 0.42083333333333334 0.040625 0.04583333333333333
0 0.3416666666666667 0.46979166666666666 0.05416666666666667 0.05625
0 0.15729166666666666 0.475 0.07708333333333334 0.09166666666666666
0 0.6010416666666667 0.48020833333333335 0.05416666666666667 0.06458333333333334
0 0.6927083333333334 0.48541666666666666 0.06041666666666667 0.07083333333333333
0 0.5354166666666667 0.5270833333333333 0.058333333333333334 0.075
0 0.7864583333333334 0.540625 0.10208333333333333 0.14791666666666667
0 0.9333333333333333 0.653125 0.13333333333333333 0.35625
0 0.5677083333333334 0.671875 0.09791666666666667 0.12291666666666666
0 0.7385416666666667 0.6822916666666666 0.12083333333333333 0.15208333333333332
0 0.703125 0.9354166666666667 0.17395833333333333 0.128125