0 0.3458333333333333 0.33541666666666664 0.03125 0.029166666666666667
0 0.48333333333333334 0.34270833333333334 0.03125 0.04375
0 0.546875 0.375 0.040625 0.05
0 0.36666666666666664 0.37604166666666666 0.04375 0.04791666666666667
0 0.5791666666666667 0.42291666666666666 0.04375 0.0625
0 0.5104166666666666 0.4395833333333333 0.053125 0.07916666666666666
0 0.32083333333333336 0.48125 0.06041666666666667 0.08333333333333333
0 0.5572916666666666 0.6020833333333333 0.09166666666666666 0.125
0 0.25729166666666664 0.6979166666666666 0.11041666666666666 0.13333333333333333
0 0.08541666666666667 0.7739583333333333 0.14375 0.18958333333333333
0 0.9104166666666667 0.89375 0.17916666666666667 0.2125