0 0.3177083333333333 0.3458333333333333 0.05416666666666667 0.0875
0 0.2708333333333333 0.3614583333333333 0.03958333333333333 0.04791666666666667
0 0.47708333333333336 0.36666666666666664 0.03125 0.041666666666666664
0 0.6010416666666667 0.3854166666666667 0.03333333333333333 0.04583333333333333
0 0.553125 0.3885416666666667 0.034375 0.052083333333333336
0 0.37604166666666666 0.41041666666666665 0.035416666666666666 0.04583333333333333
0 0.20729166666666668 0.4197916666666667 0.06041666666666667 0.08958333333333333
0 0.6416666666666667 0.42291666666666666 0.04791666666666667 0.05416666666666667
0 0.5041666666666667 0.46145833333333336 0.05 0.06875
0 0.21666666666666667 0.503125 0.09166666666666666 0.14375
0 0.6208333333333333 0.5177083333333333 0.059375 0.08125
0 0.7583333333333333 0.525 0.15 0.16666666666666666
0 0.5354166666666667 0.5489583333333333 0.06666666666666667 0.08958333333333333
0 0.32395833333333335 0.5604166666666667 0.07083333333333333 0.08333333333333333
0 0.13854166666666667 0.6125 0.12708333333333333 0.20833333333333334
0 0.7229166666666667 0.64375 0.09583333333333334 0.10833333333333334
0 0.25 0.778125 0.1125 0.13541666666666666
0 0.8833333333333333 0.84375 0.171875 0.2125