0 0.2708333333333333 0.36354166666666665 0.03958333333333333 0.06041666666666667
0 0.5520833333333334 0.38645833333333335 0.04791666666666667 0.06875
0 0.3729166666666667 0.39166666666666666 0.03958333333333333 0.041666666666666664
0 0.6541666666666667 0.42291666666666666 0.06875 0.10833333333333334
0 0.28020833333333334 0.42604166666666665 0.08333333333333333 0.13125
0 0.50625 0.43645833333333334 0.04375 0.06458333333333334
0 0.5958333333333333 0.4708333333333333 0.05 0.06666666666666667
0 0.7697916666666667 0.49895833333333334 0.16041666666666668 0.21458333333333332
0 0.6416666666666667 0.5260416666666666 0.084375 0.12708333333333333
0 0.53125 0.5572916666666666 0.065625 0.08125
0 0.7927083333333333 0.7166666666666667 0.17083333333333334 0.275
0 0.6072916666666667 0.7614583333333333 0.12083333333333333 0.19375