0 0.36875 0.3854166666666667 0.034375 0.041666666666666664
0 0.478125 0.3854166666666667 0.03125 0.04583333333333333
0 0.5604166666666667 0.390625 0.046875 0.08125
0 0.63125 0.42291666666666666 0.046875 0.058333333333333334
0 0.5104166666666666 0.44166666666666665 0.04375 0.058333333333333334
0 0.5291666666666667 0.51875 0.059375 0.08333333333333333
0 0.7427083333333333 0.5260416666666666 0.07083333333333333 0.07708333333333334
0 0.06875 0.5291666666666667 0.1375 0.25
0 0.30625 0.5479166666666667 0.06875 0.08333333333333333
0 0.653125 0.5479166666666667 0.071875 0.0875
0 0.7260416666666667 0.6583333333333333 0.09791666666666667 0.14583333333333334
0 0.5708333333333333 0.66875 0.09375 0.15416666666666667
0 0.925 0.6739583333333333 0.15 0.26458333333333334
0 0.8885416666666667 0.8489583333333334 0.22291666666666668 0.29791666666666666