0 0.4635416666666667 0.328125 0.022916666666666665 0.03125
0 0.334375 0.33229166666666665 0.05 0.06458333333333334
0 0.5125 0.33541666666666664 0.046875 0.075
0 0.5833333333333334 0.35520833333333335 0.04791666666666667 0.07708333333333334
0 0.39166666666666666 0.359375 0.035416666666666666 0.04375
0 0.31666666666666665 0.38333333333333336 0.05 0.08333333333333333
0 0.5364583333333334 0.39895833333333336 0.03958333333333333 0.05625
0 0.375 0.41354166666666664 0.046875 0.07291666666666667
0 0.5020833333333333 0.42291666666666666 0.06041666666666667 0.07083333333333333
0 0.32916666666666666 0.5135416666666667 0.07083333333333333 0.10208333333333333
0 0.5270833333333333 0.5447916666666667 0.08333333333333333 0.10625
0 0.5645833333333333 0.6770833333333334 0.10833333333333334 0.17083333333333334
0 0.9364583333333333 0.6947916666666667 0.12708333333333333 0.32708333333333334
0 0.25416666666666665 0.75625 0.15 0.17916666666666667
0 0.91875 0.8875 0.1625 0.225
0 0.6833333333333333 0.9083333333333333 0.19166666666666668 0.18333333333333332