0 0.5958333333333333 0.3729166666666667 0.040625 0.058333333333333334
0 0.37604166666666666 0.390625 0.03333333333333333 0.03958333333333333
0 0.565625 0.40208333333333335 0.0375 0.05416666666666667
0 0.3020833333333333 0.4114583333333333 0.040625 0.052083333333333336
0 0.221875 0.41770833333333335 0.0625 0.07708333333333334
0 0.16458333333333333 0.44895833333333335 0.075 0.11041666666666666
0 0.5041666666666667 0.453125 0.04375 0.07708333333333334
0 0.359375 0.459375 0.053125 0.06041666666666667
0 0.6125 0.465625 0.0625 0.10208333333333333
0 0.5208333333333334 0.51875 0.05625 0.08333333333333333
0 0.33229166666666665 0.5354166666666667 0.06666666666666667 0.08333333333333333
0 0.7822916666666667 0.5364583333333334 0.06458333333333334 0.12291666666666666
0 0.1625 0.5625 0.121875 0.16666666666666666
0 0.7395833333333334 0.6 0.21875 0.3416666666666667
0 0.9260416666666667 0.66875 0.14583333333333334 0.22916666666666666
0 0.6270833333333333 0.7114583333333333 0.215625 0.41458333333333336
0 0.24791666666666667 0.7885416666666667 0.1125 0.13541666666666666