0 0.21041666666666667 0.38645833333333335 0.09166666666666666 0.08958333333333333
0 0.5552083333333333 0.390625 0.03958333333333333 0.04791666666666667
0 0.30833333333333335 0.40208333333333335 0.0375 0.05416666666666667
0 0.4947916666666667 0.41354166666666664 0.041666666666666664 0.05625
0 0.6583333333333333 0.43854166666666666 0.06458333333333334 0.08958333333333333
0 0.5739583333333333 0.44895833333333335 0.04583333333333333 0.05625
0 0.5197916666666667 0.47604166666666664 0.04791666666666667 0.06875
0 0.6208333333333333 0.4979166666666667 0.078125 0.1125
0 0.3489583333333333 0.5 0.058333333333333334 0.07083333333333333
0 0.18020833333333333 0.503125 0.16458333333333333 0.22291666666666668
0 0.05416666666666667 0.55 0.10833333333333334 0.20416666666666666
0 0.5479166666666667 0.6239583333333333 0.0875 0.13958333333333334
0 0.8791666666666667 0.8645833333333334 0.171875 0.22916666666666666