0 0.5083333333333333 0.334375 0.025 0.03958333333333333
0 0.2791666666666667 0.346875 0.03333333333333333 0.06458333333333334
0 0.5416666666666666 0.35208333333333336 0.040625 0.0875
0 0.31979166666666664 0.35625 0.052083333333333336 0.075
0 0.47708333333333336 0.3645833333333333 0.03333333333333333 0.04583333333333333
0 0.359375 0.4125 0.040625 0.05
0 0.18541666666666667 0.5177083333333333 0.134375 0.19791666666666666
0 0.546875 0.5760416666666667 0.075 0.11875
0 0.30416666666666664 0.590625 0.08125 0.11041666666666666
0 0.7322916666666667 0.6614583333333334 0.12083333333333333 0.16458333333333333
0 0.065625 0.7260416666666667 0.13125 0.3020833333333333