0 0.375 0.3958333333333333 0.034375 0.05
0 0.5854166666666667 0.4354166666666667 0.08333333333333333 0.15833333333333333
0 0.6552083333333333 0.5 0.12291666666666666 0.22916666666666666
0 0.5145833333333333 0.50625 0.06458333333333334 0.0875
0 0.7604166666666666 0.5260416666666666 0.065625 0.07291666666666667
0 0.7979166666666667 0.578125 0.07083333333333333 0.09791666666666667
0 0.6979166666666666 0.6270833333333333 0.096875 0.14166666666666666
0 0.8625 0.6270833333333333 0.1 0.11666666666666667
0 0.559375 0.6552083333333333 0.096875 0.11875
0 0.5979166666666667 0.815625 0.125 0.20208333333333334
0 0.17291666666666666 0.9395833333333333 0.15208333333333332 0.12083333333333333
0 0.6708333333333333 0.940625 0.14270833333333333 0.11770833333333333
0 0.9010416666666666 0.8333333333333334 0.19791666666666666 0.33229166666666665