0 0.6135416666666667 0.3885416666666667 0.04583333333333333 0.08958333333333333
0 0.4895833333333333 0.40208333333333335 0.035416666666666666 0.05
0 0.5645833333333333 0.4239583333333333 0.05 0.05625
0 0.690625 0.4354166666666667 0.115625 0.16666666666666666
0 0.584375 0.45 0.05 0.08333333333333333
0 0.5083333333333333 0.46979166666666666 0.05 0.06041666666666667
0 0.12083333333333333 0.48333333333333334 0.096875 0.125
0 0.6541666666666667 0.5322916666666667 0.0875 0.14791666666666667
0 0.5385416666666667 0.553125 0.07291666666666667 0.10625
0 0.9083333333333333 0.6197916666666666 0.18333333333333332 0.22708333333333333
0 0.29375 0.6375 0.0875 0.09583333333333334
0 0.09895833333333333 0.7177083333333333 0.19791666666666666 0.36041666666666666
0 0.6395833333333333 0.8177083333333334 0.12916666666666668 0.19791666666666666
0 0.934375 0.865625 0.13125 0.2677083333333333