0 0.5083333333333333 0.321875 0.041666666666666664 0.06458333333333334
0 0.32916666666666666 0.35625 0.059375 0.07916666666666666
0 0.25416666666666665 0.37083333333333335 0.053125 0.075
0 0.5479166666666667 0.3729166666666667 0.046875 0.09583333333333334
0 0.4822916666666667 0.3770833333333333 0.03333333333333333 0.04583333333333333
0 0.371875 0.38958333333333334 0.040625 0.05416666666666667
0 0.6229166666666667 0.409375 0.053125 0.09375
0 0.24166666666666667 0.48333333333333334 0.065625 0.08333333333333333
0 0.3385416666666667 0.4979166666666667 0.058333333333333334 0.075
0 0.6145833333333334 0.6895833333333333 0.10208333333333333 0.17083333333333334
0 0.78125 0.7177083333333333 0.125 0.16875
0 0.1125 0.7270833333333333 0.121875 0.14583333333333334
0 0.1875 0.9510416666666667 0.159375 0.096875