0 0.5416666666666666 0.375 0.04375 0.07083333333333333
0 0.48541666666666666 0.39791666666666664 0.03333333333333333 0.041666666666666664
0 0.671875 0.4322916666666667 0.05 0.07291666666666667
0 0.571875 0.43854166666666666 0.04375 0.06458333333333334
0 0.49583333333333335 0.4510416666666667 0.041666666666666664 0.06041666666666667
0 0.646875 0.5010416666666667 0.125 0.20625
0 0.7645833333333333 0.53125 0.09791666666666667 0.1125
0 0.534375 0.546875 0.06875 0.09375
0 0.88125 0.6729166666666667 0.11875 0.15
0 0.796875 0.7822916666666667 0.146875 0.18541666666666667
0 0.19166666666666668 0.909375 0.15 0.18125
0 0.6770833333333334 0.9197916666666667 0.15833333333333333 0.16041666666666668