0 0.6354166666666666 0.3958333333333333 0.07708333333333334 0.1125
0 0.3645833333333333 0.39791666666666664 0.041666666666666664 0.05416666666666667
0 0.49895833333333334 0.428125 0.041666666666666664 0.05625
0 0.5895833333333333 0.43125 0.06666666666666667 0.12083333333333333
0 0.74375 0.49166666666666664 0.14375 0.20416666666666666
0 0.5208333333333334 0.5020833333333333 0.058333333333333334 0.08333333333333333
0 0.65 0.5364583333333334 0.071875 0.09375
0 0.23958333333333334 0.55 0.08333333333333333 0.0875
0 0.5614583333333333 0.615625 0.07916666666666666 0.12291666666666666
0 0.7125 0.6354166666666666 0.103125 0.12916666666666668
0 0.8833333333333333 0.8052083333333333 0.18958333333333333 0.33125
0 0.6583333333333333 0.8125 0.13541666666666666 0.20833333333333334
0 0.965625 0.6479166666666667 0.06875 0.12916666666666668