0 0.39166666666666666 0.35208333333333336 0.027083333333333334 0.0375
0 0.30833333333333335 0.35833333333333334 0.0625 0.09583333333333334
0 0.2552083333333333 0.37395833333333334 0.041666666666666664 0.052083333333333336
0 0.5895833333333333 0.37395833333333334 0.028125 0.03958333333333333
0 0.54375 0.37604166666666666 0.03125 0.04791666666666667
0 0.22395833333333334 0.40208333333333335 0.052083333333333336 0.075
0 0.6260416666666667 0.40625 0.04583333333333333 0.05416666666666667
0 0.49895833333333334 0.4375 0.04583333333333333 0.058333333333333334
0 0.17291666666666666 0.4427083333333333 0.075 0.08958333333333333
0 0.3625 0.46041666666666664 0.04375 0.0625
0 0.5979166666666667 0.4822916666666667 0.052083333333333336 0.06875
0 0.71875 0.4822916666666667 0.125 0.14375
0 0.5208333333333334 0.503125 0.058333333333333334 0.07291666666666667
0 0.1625 0.5677083333333334 0.11875 0.17708333333333334
0 0.6770833333333334 0.5802083333333333 0.07708333333333334 0.09375
0 0.28541666666666665 0.6947916666666667 0.096875 0.12708333333333333
0 0.7833333333333333 0.7104166666666667 0.12291666666666666 0.15833333333333333
0 0.07083333333333333 0.7635416666666667 0.140625 0.29791666666666666