0 0.540625 0.390625 0.03125 0.04375
0 0.35833333333333334 0.4114583333333333 0.0375 0.04375
0 0.48854166666666665 0.415625 0.03958333333333333 0.05625
0 0.5885416666666666 0.42604166666666665 0.06041666666666667 0.10208333333333333
0 0.153125 0.43645833333333334 0.11875 0.16458333333333333
0 0.6885416666666667 0.478125 0.06041666666666667 0.07708333333333334
0 0.5322916666666667 0.49895833333333334 0.05416666666666667 0.08125
0 0.32395833333333335 0.5291666666666667 0.06458333333333334 0.0875
0 0.571875 0.6583333333333333 0.0875 0.125
0 0.884375 0.6666666666666666 0.1125 0.12916666666666668
0 0.7395833333333334 0.6760416666666667 0.10833333333333334 0.14375
0 0.8791666666666667 0.88125 0.17291666666666666 0.2375