0 0.31875 0.32083333333333336 0.0375 0.05
0 0.49270833333333336 0.365625 0.03333333333333333 0.0375
0 0.32916666666666666 0.378125 0.0375 0.04791666666666667
0 0.6083333333333333 0.3854166666666667 0.04791666666666667 0.09166666666666666
0 0.29583333333333334 0.39895833333333336 0.03125 0.06041666666666667
0 0.565625 0.4114583333333333 0.04375 0.057291666666666664
0 0.21458333333333332 0.4083333333333333 0.07916666666666666 0.14583333333333334
0 0.5 0.4239583333333333 0.04583333333333333 0.065625
0 0.7083333333333334 0.4354166666666667 0.08958333333333333 0.12916666666666668
0 0.3572916666666667 0.44895833333333335 0.05416666666666667 0.05625
0 0.6145833333333334 0.4822916666666667 0.05625 0.090625
0 0.32916666666666666 0.49583333333333335 0.053125 0.06979166666666667
0 0.7041666666666667 0.5958333333333333 0.153125 0.225
0 0.54375 0.6135416666666667 0.08333333333333333 0.121875
0 0.8958333333333334 0.621875 0.16041666666666668 0.25625
0 0.10833333333333334 0.6510416666666666 0.09895833333333333 0.121875
0 0.24895833333333334 0.809375 0.13333333333333333 0.15520833333333334
0 0.6635416666666667 0.8729166666666667 0.14479166666666668 0.25416666666666665
0 0.041666666666666664 0.9083333333333333 0.08333333333333333 0.16666666666666666
0 0.36875 0.390625 0.034375 0.04375