0 0.5979166666666667 0.359375 0.059375 0.08125
0 0.546875 0.375 0.046875 0.10416666666666667
0 0.2708333333333333 0.37916666666666665 0.03958333333333333 0.0375
0 0.4864583333333333 0.3958333333333333 0.035416666666666666 0.04583333333333333
0 0.5729166666666666 0.41354166666666664 0.058333333333333334 0.11041666666666666
0 0.3541666666666667 0.43645833333333334 0.04791666666666667 0.06041666666666667
0 0.503125 0.45625 0.04375 0.06666666666666667
0 0.6833333333333333 0.4666666666666667 0.12083333333333333 0.12083333333333333
0 0.5479166666666667 0.4947916666666667 0.058333333333333334 0.06875
0 0.19791666666666666 0.5416666666666666 0.09583333333333334 0.14166666666666666
0 0.5447916666666667 0.5875 0.08333333333333333 0.16666666666666666
0 0.9166666666666666 0.7145833333333333 0.165625 0.23333333333333334
0 0.803125 0.775 0.19375 0.30833333333333335
0 0.6302083333333334 0.8010416666666667 0.13541666666666666 0.21458333333333332