0 0.5895833333333333 0.3375 0.058333333333333334 0.0875
0 0.2989583333333333 0.34375 0.041666666666666664 0.05416666666666667
0 0.5333333333333333 0.35 0.05416666666666667 0.10833333333333334
0 0.38645833333333335 0.35833333333333334 0.029166666666666667 0.0375
0 0.48333333333333334 0.3625 0.05416666666666667 0.09583333333333334
0 0.2947916666666667 0.403125 0.035416666666666666 0.06041666666666667
0 0.36666666666666664 0.4239583333333333 0.03958333333333333 0.05625
0 0.49583333333333335 0.43333333333333335 0.05 0.06666666666666667
0 0.27291666666666664 0.4375 0.05416666666666667 0.0875
0 0.19583333333333333 0.44166666666666665 0.07291666666666667 0.1
0 0.621875 0.46458333333333335 0.13125 0.19583333333333333
0 0.7489583333333333 0.49270833333333336 0.13541666666666666 0.17708333333333334
0 0.328125 0.5322916666666667 0.071875 0.08958333333333333
0 0.9572916666666667 0.728125 0.08541666666666667 0.27708333333333335
0 0.6041666666666666 0.7489583333333333 0.11458333333333333 0.17708333333333334
0 0.8666666666666667 0.840625 0.15833333333333333 0.24375