0 0.3260416666666667 0.3489583333333333 0.05416666666666667 0.08541666666666667
0 0.56875 0.409375 0.03958333333333333 0.058333333333333334
0 0.49166666666666664 0.4010416666666667 0.03125 0.03958333333333333
0 0.3645833333333333 0.415625 0.03958333333333333 0.04791666666666667
0 0.26666666666666666 0.4197916666666667 0.09479166666666666 0.134375
0 0.6822916666666666 0.46458333333333335 0.05 0.0625
0 0.7770833333333333 0.4864583333333333 0.058333333333333334 0.07291666666666667
0 0.6354166666666666 0.49583333333333335 0.08333333333333333 0.1375
0 0.7552083333333334 0.5375 0.06458333333333334 0.07291666666666667
0 0.07916666666666666 0.5510416666666667 0.11770833333333333 0.14375
0 0.53125 0.571875 0.071875 0.09479166666666666
0 0.30833333333333335 0.6270833333333333 0.090625 0.11666666666666667
0 0.8302083333333333 0.8020833333333334 0.33958333333333335 0.3958333333333333
0 0.2125 0.809375 0.128125 0.17291666666666666