0 0.31875 0.3885416666666667 0.0375 0.04375
0 0.621875 0.39479166666666665 0.075 0.11041666666666666
0 0.49375 0.40520833333333334 0.0375 0.03958333333333333
0 0.559375 0.40625 0.040625 0.04583333333333333
0 0.575 0.43645833333333334 0.03125 0.052083333333333336
0 0.5020833333333333 0.4479166666666667 0.041666666666666664 0.05416666666666667
0 0.6166666666666667 0.46458333333333335 0.06041666666666667 0.10833333333333334
0 0.5385416666666667 0.490625 0.058333333333333334 0.07708333333333334
0 0.6416666666666667 0.5479166666666667 0.075 0.09166666666666666
0 0.8947916666666667 0.6010416666666667 0.10833333333333334 0.11458333333333333
0 0.7479166666666667 0.6666666666666666 0.10208333333333333 0.16666666666666666
0 0.8927083333333333 0.690625 0.10416666666666667 0.12291666666666666
0 0.6083333333333333 0.8 0.125 0.20416666666666666
0 0.8510416666666667 0.8166666666666667 0.18958333333333333 0.3375