0 0.22916666666666666 0.378125 0.09375 0.13541666666666666
0 0.575 0.39166666666666666 0.065625 0.1
0 0.6135416666666667 0.39375 0.03333333333333333 0.05416666666666667
0 0.4895833333333333 0.40208333333333335 0.040625 0.058333333333333334
0 0.36770833333333336 0.40625 0.035416666666666666 0.041666666666666664
0 0.3104166666666667 0.40729166666666666 0.04375 0.04791666666666667
0 0.6041666666666666 0.44583333333333336 0.0625 0.075
0 0.5041666666666667 0.4552083333333333 0.04791666666666667 0.05625
0 0.24375 0.46041666666666664 0.059375 0.06666666666666667
0 0.7697916666666667 0.496875 0.12708333333333333 0.22291666666666668
0 0.32708333333333334 0.5385416666666667 0.084375 0.10625
0 0.5239583333333333 0.5416666666666666 0.06458333333333334 0.1
0 0.20104166666666667 0.55625 0.07708333333333334 0.08333333333333333
0 0.7 0.571875 0.2125 0.28541666666666665
0 0.5854166666666667 0.6895833333333333 0.10625 0.15416666666666667
0 0.24791666666666667 0.8875 0.13333333333333333 0.15416666666666667
0 0.035416666666666666 0.9291666666666667 0.07083333333333333 0.1375