0 0.30833333333333335 0.39375 0.03854166666666667 0.04895833333333333
0 0.35833333333333334 0.4270833333333333 0.041666666666666664 0.05416666666666667
0 0.5854166666666667 0.4354166666666667 0.08333333333333333 0.15833333333333333
0 0.6552083333333333 0.5 0.12291666666666666 0.22916666666666666
0 0.5166666666666667 0.5125 0.065625 0.09166666666666666
0 0.7604166666666666 0.5260416666666666 0.065625 0.07291666666666667
0 0.315625 0.559375 0.075 0.09791666666666667
0 0.5322916666666667 0.5604166666666667 0.06458333333333334 0.0875
0 0.8 0.5770833333333333 0.08125 0.10416666666666667
0 0.5614583333333333 0.5927083333333333 0.08958333333333333 0.13541666666666666
0 0.9020833333333333 0.659375 0.13125 0.15208333333333332
0 0.11458333333333333 0.6645833333333333 0.103125 0.11041666666666666
0 0.759375 0.7135416666666666 0.12291666666666666 0.16458333333333333
0 0.5885416666666666 0.7260416666666667 0.10625 0.15416666666666667