0 0.5385416666666667 0.35104166666666664 0.04791666666666667 0.09375
0 0.48333333333333334 0.36354166666666665 0.05416666666666667 0.10208333333333333
0 0.5822916666666667 0.36770833333333336 0.035416666666666666 0.06875
0 0.3802083333333333 0.3697916666666667 0.035416666666666666 0.05625
0 0.321875 0.384375 0.034375 0.04375
0 0.6145833333333334 0.38958333333333334 0.041666666666666664 0.075
0 0.49895833333333334 0.41770833333333335 0.04583333333333333 0.06458333333333334
0 0.3645833333333333 0.4322916666666667 0.03958333333333333 0.04791666666666667
0 0.17916666666666667 0.4322916666666667 0.13125 0.17708333333333334
0 0.2791666666666667 0.45416666666666666 0.04583333333333333 0.0625
0 0.346875 0.5020833333333333 0.059375 0.07916666666666666
0 0.6208333333333333 0.5416666666666666 0.06666666666666667 0.1
0 0.12291666666666666 0.6135416666666667 0.19791666666666666 0.26458333333333334
0 0.7479166666666667 0.6239583333333333 0.15833333333333333 0.26875
0 0.89375 0.6354166666666666 0.128125 0.15
0 0.271875 0.6770833333333334 0.103125 0.14583333333333334
0 0.578125 0.6927083333333334 0.1 0.18125
0 0.8822916666666667 0.8 0.20208333333333334 0.2791666666666667