0 0.3385416666666667 0.35 0.035416666666666666 0.041666666666666664
0 0.2677083333333333 0.35104166666666664 0.06458333333333334 0.07708333333333334
0 0.3854166666666667 0.36666666666666664 0.029166666666666667 0.0375
0 0.48854166666666665 0.39791666666666664 0.035416666666666666 0.05
0 0.6520833333333333 0.39895833333333336 0.071875 0.13958333333333334
0 0.28541666666666665 0.41770833333333335 0.05625 0.09375
0 0.59375 0.42291666666666666 0.09375 0.15
0 0.5041666666666667 0.4552083333333333 0.05 0.07291666666666667
0 0.3541666666666667 0.46458333333333335 0.05625 0.07083333333333333
0 0.10416666666666667 0.490625 0.1875 0.23958333333333334
0 0.23020833333333332 0.5291666666666667 0.07708333333333334 0.07083333333333333
0 0.31666666666666665 0.5645833333333333 0.07708333333333334 0.1
0 0.5552083333333333 0.6416666666666667 0.08541666666666667 0.12916666666666668
0 0.8145833333333333 0.68125 0.240625 0.4
0 0.05520833333333333 0.7291666666666666 0.11041666666666666 0.1625