0 0.2916666666666667 0.4083333333333333 0.053125 0.084375
0 0.36770833333333336 0.409375 0.03958333333333333 0.05520833333333333
0 0.6802083333333333 0.42604166666666665 0.09270833333333334 0.15729166666666666
0 0.6052083333333333 0.4354166666666667 0.08958333333333333 0.1625
0 0.21145833333333333 0.4479166666666667 0.04583333333333333 0.053125
0 0.8135416666666667 0.51875 0.07083333333333333 0.0875
0 0.55 0.5135416666666667 0.12083333333333333 0.20833333333333334
0 0.3416666666666667 0.5104166666666666 0.06041666666666667 0.07708333333333334
0 0.20520833333333333 0.534375 0.0875 0.11875
0 0.8572916666666667 0.64375 0.11354166666666667 0.15729166666666666
0 0.31145833333333334 0.6416666666666667 0.0875 0.12291666666666666
0 0.05 0.7885416666666667 0.1 0.18958333333333333