0 0.58125 0.42916666666666664 0.053125 0.0625
0 0.36354166666666665 0.4354166666666667 0.058333333333333334 0.07916666666666666
0 0.2791666666666667 0.45208333333333334 0.052083333333333336 0.058333333333333334
0 0.6229166666666667 0.459375 0.078125 0.14791666666666667
0 0.5125 0.475 0.053125 0.09583333333333334
0 0.740625 0.496875 0.075 0.09375
0 0.6697916666666667 0.53125 0.09166666666666666 0.1375
0 0.07395833333333333 0.5552083333333333 0.14791666666666667 0.296875
0 0.33229166666666665 0.5677083333333334 0.07291666666666667 0.08541666666666667
0 0.5458333333333333 0.5927083333333333 0.07083333333333333 0.11041666666666666
0 0.190625 0.60625 0.0875 0.1
0 0.2625 0.7635416666666667 0.115625 0.14375
0 0.6072916666666667 0.8104166666666667 0.13333333333333333 0.225
0 0.8416666666666667 0.7791666666666667 0.31666666666666665 0.4375
0 0.90625 0.6177083333333333 0.1875 0.3260416666666667
0 0.265625 0.3489583333333333 0.06770833333333333 0.109375