0 0.253125 0.4041666666666667 0.036458333333333336 0.046875
0 0.5947916666666667 0.425 0.0625 0.12291666666666666
0 0.22291666666666668 0.4322916666666667 0.041666666666666664 0.04375
0 0.715625 0.46875 0.096875 0.13333333333333333
0 0.23854166666666668 0.49375 0.06458333333333334 0.1
0 0.165625 0.48333333333333334 0.058333333333333334 0.059375
0 0.33229166666666665 0.525 0.059375 0.07916666666666666
0 0.11354166666666667 0.6270833333333333 0.17083333333333334 0.23020833333333332
0 0.740625 0.690625 0.1 0.12291666666666666
0 0.9322916666666666 0.690625 0.12916666666666668 0.16666666666666666
0 0.6072916666666667 0.8177083333333334 0.128125 0.16979166666666667
0 0.234375 0.8489583333333334 0.14375 0.22291666666666668
0 0.53125 0.3375 0.04791666666666667 0.08645833333333333