0 0.515625 0.334375 0.040625 0.06875
0 0.575 0.34270833333333334 0.05625 0.08125
0 0.315625 0.3572916666666667 0.065625 0.08958333333333333
0 0.48541666666666666 0.4010416666666667 0.034375 0.04791666666666667
0 0.5791666666666667 0.4239583333333333 0.0375 0.04791666666666667
0 0.7166666666666667 0.45416666666666666 0.128125 0.1875
0 0.5916666666666667 0.465625 0.05416666666666667 0.07291666666666667
0 0.5322916666666667 0.5239583333333333 0.06666666666666667 0.09375
0 0.32083333333333336 0.5395833333333333 0.06666666666666667 0.07083333333333333
0 0.8979166666666667 0.6385416666666667 0.20416666666666666 0.3020833333333333
0 0.8 0.78125 0.15 0.18333333333333332
0 0.65625 0.8927083333333333 0.14375 0.21458333333333332