0 0.353125 0.33125 0.03125 0.0375
0 0.3927083333333333 0.33958333333333335 0.022916666666666665 0.029166666666666667
0 0.571875 0.353125 0.034375 0.03958333333333333
0 0.5291666666666667 0.36770833333333336 0.029166666666666667 0.03958333333333333
0 0.35833333333333334 0.36875 0.03333333333333333 0.0375
0 0.5916666666666667 0.37916666666666665 0.03958333333333333 0.041666666666666664
0 0.628125 0.38958333333333334 0.04375 0.058333333333333334
0 0.5541666666666667 0.40520833333333334 0.034375 0.04791666666666667
0 0.490625 0.41041666666666665 0.0375 0.05416666666666667
0 0.7072916666666667 0.44375 0.12083333333333333 0.2
0 0.6135416666666667 0.4635416666666667 0.09583333333333334 0.14375
0 0.5125 0.465625 0.059375 0.07708333333333334
0 0.5395833333333333 0.5697916666666667 0.07291666666666667 0.10625
0 0.8770833333333333 0.6739583333333333 0.11875 0.12291666666666666
0 0.5802083333333333 0.7333333333333333 0.10416666666666667 0.16666666666666666
0 0.7854166666666667 0.7666666666666667 0.125 0.15416666666666667
0 0.04583333333333333 0.5708333333333333 0.09166666666666666 0.178125