0 0.6041666666666666 0.38125 0.04375 0.09166666666666666
0 0.5614583333333333 0.409375 0.040625 0.06770833333333333
0 0.20208333333333334 0.40729166666666666 0.090625 0.10833333333333334
0 0.6854166666666667 0.42916666666666664 0.09791666666666667 0.10729166666666666
0 0.28958333333333336 0.41875 0.04583333333333333 0.05416666666666667
0 0.5 0.4166666666666667 0.03854166666666667 0.05625
0 0.6 0.4625 0.05 0.1
0 0.3541666666666667 0.4625 0.05 0.05625
0 0.31875 0.5291666666666667 0.059375 0.075
0 0.6854166666666667 0.5604166666666667 0.14791666666666667 0.21875
0 0.5354166666666667 0.58125 0.06979166666666667 0.11875
0 0.8552083333333333 0.5822916666666667 0.13645833333333332 0.23229166666666667
0 0.057291666666666664 0.7260416666666667 0.11458333333333333 0.14375
0 0.625 0.7697916666666667 0.12083333333333333 0.21041666666666667
0 0.20208333333333334 0.9270833333333334 0.16979166666666667 0.14583333333333334