0 0.5333333333333333 0.3802083333333333 0.03333333333333333 0.06458333333333334
0 0.6208333333333333 0.38125 0.06458333333333334 0.1
0 0.48854166666666665 0.39791666666666664 0.03958333333333333 0.04583333333333333
0 0.5645833333333333 0.40208333333333335 0.06041666666666667 0.11666666666666667
0 0.296875 0.403125 0.053125 0.07291666666666667
0 0.4947916666666667 0.43125 0.04791666666666667 0.058333333333333334
0 0.6020833333333333 0.46145833333333336 0.07083333333333333 0.13125
0 0.525 0.5166666666666667 0.059375 0.08333333333333333
0 0.734375 0.5166666666666667 0.15625 0.15
0 0.321875 0.5333333333333333 0.065625 0.0875
0 0.6260416666666667 0.6104166666666667 0.09166666666666666 0.1375
0 0.6104166666666667 0.76875 0.1375 0.275