0 0.3885416666666667 0.36354166666666665 0.029166666666666667 0.03958333333333333
0 0.3020833333333333 0.36666666666666664 0.06666666666666667 0.1
0 0.5395833333333333 0.37083333333333335 0.028125 0.04583333333333333
0 0.24583333333333332 0.3802083333333333 0.04583333333333333 0.052083333333333336
0 0.6166666666666667 0.4 0.041666666666666664 0.05
0 0.21145833333333333 0.41354166666666664 0.052083333333333336 0.08125
0 0.49583333333333335 0.425 0.041666666666666664 0.05416666666666667
0 0.5895833333333333 0.46458333333333335 0.05 0.058333333333333334
0 0.15208333333333332 0.465625 0.084375 0.09791666666666667
0 0.7020833333333333 0.46875 0.115625 0.13333333333333333
0 0.5166666666666667 0.4875 0.05416666666666667 0.07083333333333333
0 0.35208333333333336 0.49583333333333335 0.052083333333333336 0.07083333333333333
0 0.6583333333333333 0.553125 0.07291666666666667 0.08541666666666667
0 0.12916666666666668 0.60625 0.13958333333333334 0.20416666666666666
0 0.7479166666666667 0.6635416666666667 0.1125 0.13958333333333334
0 0.24791666666666667 0.80625 0.121875 0.15416666666666667
0 0.6541666666666667 0.9145833333333333 0.15833333333333333 0.17083333333333334
0 0.0375 0.8510416666666667 0.07395833333333333 0.296875