0 0.371875 0.378125 0.0375 0.04375
0 0.5541666666666667 0.38645833333333335 0.046875 0.07291666666666667
0 0.3125 0.4010416666666667 0.040625 0.05625
0 0.6260416666666667 0.4125 0.06041666666666667 0.05
0 0.5729166666666666 0.421875 0.03958333333333333 0.04791666666666667
0 0.35208333333333336 0.43854166666666666 0.04583333333333333 0.05625
0 0.27291666666666664 0.4552083333333333 0.053125 0.04791666666666667
0 0.13854166666666667 0.46145833333333336 0.11458333333333333 0.14375
0 0.5072916666666667 0.4666666666666667 0.04583333333333333 0.07083333333333333
0 0.7541666666666667 0.48854166666666665 0.13125 0.15208333333333332
0 0.6520833333333333 0.540625 0.075 0.08958333333333333
0 0.5260416666666666 0.54375 0.06666666666666667 0.09583333333333334
0 0.20416666666666666 0.5583333333333333 0.071875 0.08333333333333333
0 0.9239583333333333 0.5979166666666667 0.09166666666666666 0.10416666666666667
0 0.8354166666666667 0.621875 0.1 0.12708333333333333
0 0.5708333333333333 0.6385416666666667 0.09375 0.11041666666666666
0 0.9458333333333333 0.7541666666666667 0.10833333333333334 0.13333333333333333
0 0.6760416666666667 0.8875 0.14791666666666667 0.225
0 0.8145833333333333 0.7979166666666667 0.14166666666666666 0.19166666666666668
0 0.9291666666666667 0.90625 0.14166666666666666 0.18645833333333334