0 0.5822916666666667 0.328125 0.05416666666666667 0.07291666666666667
0 0.5291666666666667 0.33958333333333335 0.05 0.09583333333333334
0 0.4791666666666667 0.34375 0.053125 0.08333333333333333
0 0.49166666666666664 0.41458333333333336 0.042708333333333334 0.06041666666666667
0 0.6 0.4427083333333333 0.096875 0.17708333333333334
0 0.35833333333333334 0.45208333333333334 0.046875 0.06354166666666666
0 0.71875 0.4625 0.121875 0.17083333333333334
0 0.24583333333333332 0.48125 0.0625 0.1125
0 0.13958333333333334 0.49375 0.09375 0.12083333333333333
0 0.925 0.6302083333333334 0.15 0.19895833333333332
0 0.5697916666666667 0.6447916666666667 0.08541666666666667 0.13541666666666666
0 0.2833333333333333 0.646875 0.1 0.11458333333333333
0 0.7864583333333334 0.721875 0.12291666666666666 0.18645833333333334