0 0.2947916666666667 0.33541666666666664 0.03958333333333333 0.058333333333333334
0 0.3958333333333333 0.34375 0.027083333333333334 0.0375
0 0.5333333333333333 0.35 0.05416666666666667 0.08333333333333333
0 0.30416666666666664 0.440625 0.046875 0.05625
0 0.6072916666666667 0.453125 0.07083333333333333 0.13541666666666666
0 0.5145833333333333 0.4635416666666667 0.05 0.06875
0 0.34375 0.49895833333333334 0.05625 0.07291666666666667
0 0.75625 0.5666666666666667 0.1125 0.175
0 0.21666666666666667 0.9041666666666667 0.16666666666666666 0.19166666666666668
0 0.028125 0.865625 0.05625 0.21041666666666667
0 0.30833333333333335 0.3875 0.035416666666666666 0.05416666666666667
0 0.375 0.3875 0.035416666666666666 0.04895833333333333