0 0.37083333333333335 0.3729166666666667 0.034375 0.05
0 0.4864583333333333 0.39375 0.03854166666666667 0.04583333333333333
0 0.7302083333333333 0.43854166666666666 0.040625 0.06354166666666666
0 0.5104166666666666 0.4427083333333333 0.04583333333333333 0.06770833333333333
0 0.5333333333333333 0.5572916666666666 0.004166666666666667 0.0020833333333333333
0 0.5552083333333333 0.5927083333333333 0.078125 0.10104166666666667
0 0.30416666666666664 0.590625 0.08229166666666667 0.11875
0 0.7354166666666667 0.65 0.115625 0.203125
0 0.6177083333333333 0.8260416666666667 0.13125 0.18229166666666666
0 0.896875 0.8260416666666667 0.20625 0.346875
0 0.8802083333333334 0.6020833333333333 0.21145833333333333 0.24375
0 0.6239583333333333 0.4552083333333333 0.1 0.15520833333333334
0 0.6697916666666667 0.41458333333333336 0.08333333333333333 0.12395833333333334
0 0.5489583333333333 0.38333333333333336 0.04791666666666667 0.08229166666666667