0 0.28854166666666664 0.39479166666666665 0.07916666666666666 0.12291666666666666
0 0.6385416666666667 0.4083333333333333 0.052083333333333336 0.08333333333333333
0 0.5666666666666667 0.4114583333333333 0.041666666666666664 0.05625
0 0.7229166666666667 0.44479166666666664 0.053125 0.06458333333333334
0 0.13125 0.45729166666666665 0.13125 0.16875
0 0.496875 0.46145833333333336 0.053125 0.07708333333333334
0 0.6791666666666667 0.4708333333333333 0.06458333333333334 0.08333333333333333
0 0.5927083333333333 0.47291666666666665 0.058333333333333334 0.075
0 0.7979166666666667 0.5489583333333333 0.12708333333333333 0.18125
0 0.5541666666666667 0.58125 0.08333333333333333 0.1125
0 0.7302083333333333 0.6375 0.13333333333333333 0.24166666666666667
0 0.8927083333333333 0.8177083333333334 0.21354166666666666 0.36354166666666665