0 0.3802083333333333 0.3854166666666667 0.035416666666666666 0.05
0 0.4895833333333333 0.41354166666666664 0.0375 0.052083333333333336
0 0.29375 0.446875 0.05 0.06458333333333334
0 0.33958333333333335 0.471875 0.052083333333333336 0.06875
0 0.740625 0.478125 0.14375 0.19791666666666666
0 0.5041666666666667 0.4822916666666667 0.05625 0.07291666666666667
0 0.8395833333333333 0.5260416666666666 0.065625 0.08125
0 0.5520833333333334 0.5729166666666666 0.06875 0.10833333333333334
0 0.675 0.5791666666666667 0.103125 0.18333333333333332
0 0.8572916666666667 0.8489583333333334 0.16041666666666668 0.21458333333333332
0 0.5489583333333333 0.37083333333333335 0.04479166666666667 0.08229166666666667
0 0.33125 0.296875 0.028125 0.052083333333333336