0 0.31875 0.390625 0.0375 0.04791666666666667
0 0.6302083333333334 0.4114583333333333 0.035416666666666666 0.04791666666666667
0 0.5864583333333333 0.4166666666666667 0.06458333333333334 0.10416666666666667
0 0.49166666666666664 0.42083333333333334 0.04375 0.07083333333333333
0 0.26145833333333335 0.43854166666666666 0.04791666666666667 0.06041666666666667
0 0.6916666666666667 0.446875 0.06875 0.06875
0 0.6197916666666666 0.471875 0.06666666666666667 0.08958333333333333
0 0.5145833333333333 0.49583333333333335 0.052083333333333336 0.0625
0 0.33958333333333335 0.4979166666666667 0.06458333333333334 0.10416666666666667
0 0.23125 0.5197916666666667 0.0625 0.07291666666666667
0 0.8114583333333333 0.5208333333333334 0.14166666666666666 0.2375
0 0.5416666666666666 0.5958333333333333 0.08541666666666667 0.1125
0 0.7458333333333333 0.65625 0.26666666666666666 0.36666666666666664
0 0.2864583333333333 0.734375 0.10416666666666667 0.12708333333333333
0 0.07916666666666666 0.7822916666666667 0.1375 0.16041666666666668
0 0.6270833333333333 0.8208333333333333 0.134375 0.20833333333333334