0 0.5458333333333333 0.3729166666666667 0.041666666666666664 0.07916666666666666
0 0.48333333333333334 0.390625 0.034375 0.04375
0 0.50625 0.4041666666666667 0.034375 0.03333333333333333
0 0.6229166666666667 0.4083333333333333 0.075 0.07916666666666666
0 0.7114583333333333 0.43645833333333334 0.052083333333333336 0.05625
0 0.49895833333333334 0.4479166666666667 0.05416666666666667 0.10416666666666667
0 0.76875 0.478125 0.0625 0.06875
0 0.625 0.5052083333333334 0.0875 0.13541666666666666
0 0.203125 0.528125 0.103125 0.15625
0 0.53125 0.5302083333333333 0.071875 0.10625
0 0.7520833333333333 0.5427083333333333 0.1 0.12708333333333333
0 0.06875 0.5729166666666666 0.090625 0.0875
0 0.71875 0.6520833333333333 0.1 0.13333333333333333
0 0.8895833333333333 0.65625 0.12291666666666666 0.16666666666666666
0 0.58125 0.7072916666666667 0.103125 0.16458333333333333