0 0.2916666666666667 0.32708333333333334 0.05 0.0625
0 0.5385416666666667 0.35 0.05416666666666667 0.1
0 0.38229166666666664 0.38125 0.035416666666666666 0.041666666666666664
0 0.30520833333333336 0.384375 0.06666666666666667 0.09791666666666667
0 0.25 0.39479166666666665 0.04375 0.05625
0 0.578125 0.40520833333333334 0.075 0.13541666666666666
0 0.49583333333333335 0.4375 0.04583333333333333 0.07916666666666666
0 0.3625 0.44895833333333335 0.053125 0.06041666666666667
0 0.6791666666666667 0.4510416666666667 0.078125 0.12708333333333333
0 0.18020833333333333 0.45729166666666665 0.04791666666666667 0.04791666666666667
0 0.33958333333333335 0.528125 0.06041666666666667 0.07291666666666667
0 0.04479166666666667 0.571875 0.07708333333333334 0.08541666666666667
0 0.153125 0.5854166666666667 0.15520833333333334 0.22604166666666667
0 0.9166666666666666 0.6875 0.16666666666666666 0.23333333333333334
0 0.27291666666666664 0.7291666666666666 0.10833333333333334 0.13020833333333334
0 0.5958333333333333 0.759375 0.1125 0.15625