0 0.30625 0.378125 0.046875 0.07708333333333334
0 0.6604166666666667 0.40625 0.06458333333333334 0.09583333333333334
0 0.3645833333333333 0.421875 0.042708333333333334 0.04791666666666667
0 0.7395833333333334 0.4822916666666667 0.09583333333333334 0.11875
0 0.5104166666666666 0.49375 0.059375 0.08333333333333333
0 0.878125 0.5583333333333333 0.16875 0.125
0 0.6697916666666667 0.5614583333333333 0.11458333333333333 0.20208333333333334
0 0.5229166666666667 0.5708333333333333 0.06041666666666667 0.1
0 0.559375 0.6510416666666666 0.0875 0.13958333333333334
0 0.85625 0.7166666666666667 0.21875 0.3333333333333333
0 0.9260416666666667 0.8427083333333333 0.14791666666666667 0.3145833333333333
0 0.6104166666666667 0.884375 0.13958333333333334 0.23125