0 0.521875 0.3614583333333333 0.03125 0.035416666666666666
0 0.253125 0.36770833333333336 0.0625 0.07708333333333334
0 0.30833333333333335 0.37604166666666666 0.075 0.10625
0 0.490625 0.38333333333333336 0.034375 0.05
0 0.16666666666666666 0.44166666666666665 0.121875 0.12916666666666668
0 0.35520833333333335 0.44166666666666665 0.052083333333333336 0.07083333333333333
0 0.16041666666666668 0.5770833333333333 0.184375 0.25833333333333336
0 0.30520833333333336 0.5822916666666667 0.08333333333333333 0.10625
0 0.6302083333333334 0.584375 0.07916666666666666 0.11875
0 0.036458333333333336 0.5875 0.07291666666666667 0.17083333333333334
0 0.5895833333333333 0.7364583333333333 0.115625 0.21041666666666667