0 0.61875 0.36875 0.065625 0.09583333333333334
0 0.5864583333333333 0.4239583333333333 0.058333333333333334 0.10208333333333333
0 0.2833333333333333 0.446875 0.04479166666666667 0.0625
0 0.5270833333333333 0.46145833333333336 0.046875 0.07083333333333333
0 0.6052083333333333 0.48125 0.05416666666666667 0.07083333333333333
0 0.7635416666666667 0.5020833333333333 0.08333333333333333 0.0875
0 0.6697916666666667 0.5479166666666667 0.07708333333333334 0.1125
0 0.8072916666666666 0.59375 0.07291666666666667 0.09583333333333334
0 0.553125 0.628125 0.08333333333333333 0.13125
0 0.7302083333333333 0.6364583333333333 0.12291666666666666 0.23958333333333334
0 0.9333333333333333 0.7010416666666667 0.13333333333333333 0.30625
0 0.6645833333333333 0.8864583333333333 0.1625 0.22708333333333333