0 0.6270833333333333 0.3770833333333333 0.058333333333333334 0.0875
0 0.3729166666666667 0.390625 0.035416666666666666 0.04375
0 0.571875 0.39166666666666666 0.071875 0.11666666666666667
0 0.25416666666666665 0.3927083333333333 0.041666666666666664 0.052083333333333336
0 0.49375 0.39479166666666665 0.034375 0.04375
0 0.509375 0.4625 0.05 0.05416666666666667
0 0.725 0.475 0.115625 0.15833333333333333
0 0.61875 0.496875 0.071875 0.12291666666666666
0 0.5322916666666667 0.540625 0.06041666666666667 0.08125
0 0.31979166666666664 0.5458333333333333 0.07291666666666667 0.07916666666666666
0 0.8760416666666667 0.5760416666666667 0.08541666666666667 0.10625
0 0.7020833333333333 0.5770833333333333 0.13333333333333333 0.2375
0 0.5927083333333333 0.715625 0.10833333333333334 0.15208333333333332
0 0.8791666666666667 0.815625 0.240625 0.36875