0 0.321875 0.4 0.040625 0.05
0 0.671875 0.4041666666666667 0.04375 0.05
0 0.35520833333333335 0.421875 0.04583333333333333 0.05625
0 0.49375 0.43020833333333336 0.04375 0.05625
0 0.515625 0.5177083333333333 0.0625 0.08541666666666667
0 0.7864583333333334 0.5208333333333334 0.17083333333333334 0.22916666666666666
0 0.95625 0.6291666666666667 0.0875 0.12083333333333333
0 0.5729166666666666 0.6510416666666666 0.090625 0.13958333333333334
0 0.746875 0.6625 0.134375 0.23333333333333334
0 0.19583333333333333 0.9114583333333334 0.16875 0.17708333333333334
0 0.5572916666666666 0.384375 0.052083333333333336 0.08958333333333333