0 0.5729166666666666 0.415625 0.052083333333333336 0.11979166666666667
0 0.290625 0.41041666666666665 0.052083333333333336 0.0875
0 0.496875 0.4239583333333333 0.04791666666666667 0.07083333333333333
0 0.3697916666666667 0.43645833333333334 0.04479166666666667 0.065625
0 0.7354166666666667 0.4666666666666667 0.12083333333333333 0.190625
0 0.65625 0.4895833333333333 0.121875 0.20625
0 0.22708333333333333 0.5020833333333333 0.06354166666666666 0.09375
0 0.5145833333333333 0.5208333333333334 0.034375 0.09583333333333334
0 0.8739583333333333 0.5614583333333333 0.09270833333333334 0.09479166666666666
0 0.15208333333333332 0.621875 0.11041666666666666 0.16666666666666666
0 0.041666666666666664 0.6166666666666667 0.08333333333333333 0.23125
0 0.6145833333333334 0.6760416666666667 0.18333333333333332 0.3770833333333333
0 0.24270833333333333 0.7729166666666667 0.1125 0.14166666666666666