0 0.3854166666666667 0.36770833333333336 0.03125 0.03958333333333333
0 0.29791666666666666 0.371875 0.07083333333333333 0.10208333333333333
0 0.24166666666666667 0.38125 0.04375 0.05
0 0.6125 0.3958333333333333 0.04375 0.05
0 0.203125 0.421875 0.053125 0.08958333333333333
0 0.49375 0.421875 0.040625 0.052083333333333336
0 0.58125 0.4479166666666667 0.046875 0.058333333333333334
0 0.6958333333333333 0.45 0.11666666666666667 0.12916666666666668
0 0.14270833333333333 0.478125 0.09166666666666666 0.11458333333333333
0 0.5125 0.48020833333333335 0.053125 0.06875
0 0.3458333333333333 0.5145833333333333 0.058333333333333334 0.075
0 0.6510416666666666 0.540625 0.07083333333333333 0.08125
0 0.734375 0.6395833333333333 0.103125 0.12916666666666668
0 0.10833333333333334 0.6427083333333333 0.15625 0.23125
0 0.22708333333333333 0.8854166666666666 0.146875 0.17916666666666667
0 0.6364583333333333 0.8895833333333333 0.14583333333333334 0.22083333333333333