0 0.37083333333333335 0.3854166666666667 0.0375 0.041666666666666664
0 0.31666666666666665 0.4239583333333333 0.04791666666666667 0.06458333333333334
0 0.4979166666666667 0.4239583333333333 0.04375 0.05625
0 0.575 0.44895833333333335 0.028125 0.06458333333333334
0 0.18645833333333334 0.4583333333333333 0.058333333333333334 0.08333333333333333
0 0.709375 0.4708333333333333 0.071875 0.12916666666666668
0 0.6229166666666667 0.47604166666666664 0.078125 0.14791666666666667
0 0.5229166666666667 0.48333333333333334 0.05416666666666667 0.07083333333333333
0 0.225 0.5104166666666666 0.084375 0.11666666666666667
0 0.5333333333333333 0.5770833333333333 0.07083333333333333 0.10416666666666667
0 0.6635416666666667 0.93125 0.16458333333333333 0.13645833333333332