0 0.5354166666666667 0.35833333333333334 0.03958333333333333 0.06666666666666667
0 0.47708333333333336 0.37916666666666665 0.03333333333333333 0.04583333333333333
0 0.6125 0.3854166666666667 0.071875 0.07916666666666666
0 0.503125 0.390625 0.034375 0.035416666666666666
0 0.6802083333333333 0.41041666666666665 0.04791666666666667 0.058333333333333334
0 0.4947916666666667 0.42916666666666664 0.04583333333333333 0.09166666666666666
0 0.7229166666666667 0.43854166666666666 0.053125 0.05625
0 0.6041666666666666 0.46979166666666666 0.078125 0.11875
0 0.5197916666666667 0.49895833333333334 0.06666666666666667 0.08958333333333333
0 0.7229166666666667 0.5052083333333334 0.08541666666666667 0.11875
0 0.6770833333333334 0.5916666666666667 0.084375 0.1125
0 0.8354166666666667 0.5958333333333333 0.10416666666666667 0.12916666666666668
0 0.5552083333333333 0.6260416666666667 0.09583333333333334 0.13125
0 0.10104166666666667 0.684375 0.17291666666666666 0.24895833333333334
0 0.6854166666666667 0.9416666666666667 0.16458333333333333 0.115625
0 0.8802083333333334 0.809375 0.23854166666666668 0.3802083333333333