0 0.37604166666666666 0.37604166666666666 0.035416666666666666 0.04375
0 0.6322916666666667 0.38125 0.07708333333333334 0.125
0 0.315625 0.38229166666666664 0.046875 0.05625
0 0.565625 0.3854166666666667 0.075 0.12916666666666668
0 0.20833333333333334 0.4125 0.0875 0.10416666666666667
0 0.5083333333333333 0.41875 0.084375 0.1375
0 0.28541666666666665 0.4239583333333333 0.06458333333333334 0.08958333333333333
0 0.721875 0.4395833333333333 0.053125 0.058333333333333334
0 0.36354166666666665 0.440625 0.04791666666666667 0.05625
0 0.22291666666666668 0.47708333333333336 0.09375 0.1
0 0.7041666666666667 0.4875 0.06875 0.10416666666666667
0 0.8604166666666667 0.6114583333333333 0.11875 0.18125
0 0.13229166666666667 0.6302083333333334 0.13333333333333333 0.19791666666666666
0 0.2833333333333333 0.665625 0.103125 0.12291666666666666
0 0.6208333333333333 0.8614583333333333 0.14166666666666666 0.19791666666666666