0 0.5416666666666666 0.3697916666666667 0.03958333333333333 0.04791666666666667
0 0.48541666666666666 0.384375 0.035416666666666666 0.04375
0 0.2833333333333333 0.4270833333333333 0.053125 0.07916666666666666
0 0.4979166666666667 0.434375 0.0375 0.052083333333333336
0 0.36041666666666666 0.4354166666666667 0.040625 0.04583333333333333
0 0.61875 0.4635416666666667 0.06875 0.13541666666666666
0 0.5302083333333333 0.4979166666666667 0.06458333333333334 0.07916666666666666
0 0.17083333333333334 0.5291666666666667 0.16041666666666668 0.22916666666666666
0 0.8416666666666667 0.5447916666666667 0.203125 0.2604166666666667
0 0.32083333333333336 0.5729166666666666 0.065625 0.08333333333333333
0 0.75625 0.609375 0.2 0.33541666666666664
0 0.5854166666666667 0.6979166666666666 0.10729166666666666 0.15833333333333333
0 0.7770833333333333 0.875 0.371875 0.25
0 0.20104166666666667 0.8708333333333333 0.14895833333333333 0.178125