0 0.54375 0.3697916666666667 0.05625 0.08958333333333333
0 0.6604166666666667 0.396875 0.09583333333333334 0.11875
0 0.19166666666666668 0.4239583333333333 0.096875 0.11875
0 0.36041666666666666 0.440625 0.04583333333333333 0.05625
0 0.6041666666666666 0.459375 0.09583333333333334 0.16458333333333333
0 0.5166666666666667 0.4947916666666667 0.06041666666666667 0.06041666666666667
0 0.5364583333333334 0.553125 0.06666666666666667 0.08125
0 0.8229166666666666 0.584375 0.071875 0.11458333333333333
0 0.7458333333333333 0.5958333333333333 0.17916666666666667 0.29583333333333334
0 0.5572916666666666 0.640625 0.08958333333333333 0.12291666666666666
0 0.9385416666666667 0.73125 0.12291666666666666 0.14166666666666666
0 0.21041666666666667 0.896875 0.16041666666666668 0.196875
0 0.6666666666666666 0.8864583333333333 0.18333333333333332 0.22604166666666667