0 0.3770833333333333 0.3802083333333333 0.035416666666666666 0.04375
0 0.6354166666666666 0.38333333333333336 0.058333333333333334 0.0875
0 0.2635416666666667 0.3885416666666667 0.03958333333333333 0.04375
0 0.49583333333333335 0.39895833333333336 0.034375 0.04375
0 0.578125 0.40208333333333335 0.071875 0.11666666666666667
0 0.5145833333333333 0.46875 0.05 0.05416666666666667
0 0.7333333333333333 0.478125 0.125 0.15625
0 0.621875 0.5010416666666667 0.065625 0.11458333333333333
0 0.3229166666666667 0.5197916666666667 0.06041666666666667 0.08125
0 0.5333333333333333 0.5510416666666667 0.06041666666666667 0.08125
0 0.7114583333333333 0.5895833333333333 0.13333333333333333 0.2375
0 0.903125 0.5979166666666667 0.090625 0.10833333333333334
0 0.603125 0.7479166666666667 0.115625 0.17916666666666667
0 0.8916666666666667 0.828125 0.21666666666666667 0.34375