0 0.3645833333333333 0.4239583333333333 0.041666666666666664 0.053125
0 0.225 0.4197916666666667 0.052083333333333336 0.07708333333333334
0 0.5135416666666667 0.4427083333333333 0.052083333333333336 0.035416666666666666
0 0.6322916666666667 0.48125 0.11458333333333333 0.175
0 0.246875 0.4947916666666667 0.06041666666666667 0.078125
0 0.5072916666666667 0.503125 0.058333333333333334 0.08125
0 0.790625 0.55625 0.12083333333333333 0.12916666666666668
0 0.5354166666666667 0.5916666666666667 0.0875 0.10416666666666667
0 0.5666666666666667 0.678125 0.10833333333333334 0.13958333333333334
0 0.26979166666666665 0.6864583333333333 0.09479166666666666 0.10833333333333334
0 0.9416666666666667 0.7083333333333334 0.11666666666666667 0.22916666666666666
0 0.6125 0.80625 0.128125 0.19479166666666667
0 0.8666666666666667 0.86875 0.16770833333333332 0.22708333333333333
0 0.6666666666666666 0.9322916666666666 0.15833333333333333 0.13541666666666666