0 0.584375 0.3489583333333333 0.03958333333333333 0.07708333333333334
0 0.32708333333333334 0.3614583333333333 0.052083333333333336 0.08020833333333334
0 0.5354166666666667 0.365625 0.046875 0.07395833333333333
0 0.37395833333333334 0.3802083333333333 0.027083333333333334 0.022916666666666665
0 0.48541666666666666 0.3770833333333333 0.036458333333333336 0.053125
0 0.6427083333333333 0.384375 0.0375 0.05416666666666667
0 0.7229166666666667 0.45208333333333334 0.05520833333333333 0.075
0 0.509375 0.4625 0.05416666666666667 0.07604166666666666
0 0.065625 0.5458333333333333 0.13125 0.17083333333333334
0 0.8354166666666667 0.5895833333333333 0.121875 0.2
0 0.5958333333333333 0.69375 0.10416666666666667 0.15208333333333332
0 0.2635416666666667 0.7166666666666667 0.09791666666666667 0.128125
0 0.8875 0.853125 0.16458333333333333 0.21979166666666666