0 0.2552083333333333 0.3697916666666667 0.046875 0.065625
0 0.37395833333333334 0.4 0.034375 0.04895833333333333
0 0.3145833333333333 0.42916666666666664 0.042708333333333334 0.04895833333333333
0 0.671875 0.440625 0.10625 0.15208333333333332
0 0.596875 0.44479166666666664 0.04895833333333333 0.057291666666666664
0 0.534375 0.5333333333333333 0.06041666666666667 0.084375
0 0.6416666666666667 0.534375 0.0875 0.14791666666666667
0 0.8958333333333334 0.6104166666666667 0.20833333333333334 0.37916666666666665
0 0.13541666666666666 0.6083333333333333 0.14895833333333333 0.209375
0 0.5885416666666666 0.6197916666666666 0.07708333333333334 0.1125
0 0.75 0.6489583333333333 0.153125 0.2677083333333333
0 0.290625 0.6479166666666667 0.09375 0.11354166666666667
0 0.5416666666666666 0.6666666666666666 0.08125 0.17604166666666668
0 0.19270833333333334 0.921875 0.16354166666666667 0.15520833333333334
0 0.6364583333333333 0.9489583333333333 0.140625 0.10208333333333333