0 0.3697916666666667 0.37916666666666665 0.035416666666666666 0.041666666666666664
0 0.5520833333333334 0.409375 0.040625 0.05625
0 0.18854166666666666 0.41354166666666664 0.10208333333333333 0.13958333333333334
0 0.49270833333333336 0.42916666666666664 0.041666666666666664 0.0625
0 0.6083333333333333 0.44895833333333335 0.071875 0.11041666666666666
0 0.35208333333333336 0.453125 0.05 0.06875
0 0.7208333333333333 0.5145833333333333 0.07083333333333333 0.09166666666666666
0 0.54375 0.540625 0.0625 0.09791666666666667
0 0.7989583333333333 0.7604166666666666 0.12916666666666668 0.17916666666666667
0 0.6104166666666667 0.7708333333333334 0.10416666666666667 0.17083333333333334
0 0.16458333333333333 0.884375 0.15 0.18125
0 0.9604166666666667 0.765625 0.07916666666666666 0.15208333333333332