0 0.3645833333333333 0.39895833333333336 0.041666666666666664 0.04791666666666667
0 0.509375 0.415625 0.040625 0.052083333333333336
0 0.640625 0.41875 0.046875 0.0625
0 0.5666666666666667 0.4197916666666667 0.041666666666666664 0.05625
0 0.7322916666666667 0.446875 0.05416666666666667 0.05625
0 0.61875 0.47604166666666664 0.06875 0.12291666666666666
0 0.5104166666666666 0.47708333333333336 0.052083333333333336 0.07916666666666666
0 0.7041666666666667 0.49375 0.05416666666666667 0.0625
0 0.7979166666666667 0.5510416666666667 0.11875 0.18958333333333333
0 0.5552083333333333 0.5770833333333333 0.07708333333333334 0.10416666666666667
0 0.7354166666666667 0.671875 0.115625 0.14791666666666667
0 0.06145833333333333 0.796875 0.12291666666666666 0.14791666666666667
0 0.9041666666666667 0.8791666666666667 0.19166666666666668 0.2375