0 0.3072916666666667 0.3770833333333333 0.052083333333333336 0.07916666666666666
0 0.5614583333333333 0.40208333333333335 0.04583333333333333 0.1
0 0.234375 0.4197916666666667 0.046875 0.05625
0 0.49583333333333335 0.4270833333333333 0.040625 0.05
0 0.6604166666666667 0.434375 0.1 0.08958333333333333
0 0.525 0.4510416666666667 0.040625 0.052083333333333336
0 0.5229166666666667 0.5260416666666666 0.065625 0.12708333333333333
0 0.31666666666666665 0.5458333333333333 0.065625 0.06666666666666667
0 0.8822916666666667 0.575 0.08958333333333333 0.10833333333333334
0 0.7229166666666667 0.6458333333333334 0.140625 0.21666666666666667
0 0.8541666666666666 0.6489583333333333 0.134375 0.18958333333333333
0 0.5895833333333333 0.678125 0.10625 0.14791666666666667
0 0.06041666666666667 0.7760416666666666 0.12083333333333333 0.26458333333333334
0 0.9229166666666667 0.921875 0.15416666666666667 0.15625