0 0.375 0.3645833333333333 0.03125 0.03333333333333333
0 0.48333333333333334 0.39166666666666666 0.034375 0.041666666666666664
0 0.20416666666666666 0.39375 0.0875 0.125
0 0.559375 0.42083333333333334 0.04375 0.0625
0 0.36041666666666666 0.425 0.041666666666666664 0.05416666666666667
0 0.4979166666666667 0.44375 0.04583333333333333 0.06666666666666667
0 0.6197916666666666 0.4666666666666667 0.07916666666666666 0.125
0 0.7427083333333333 0.53125 0.07708333333333334 0.09583333333333334
0 0.5541666666666667 0.565625 0.07083333333333333 0.10208333333333333
0 0.23020833333333332 0.7104166666666667 0.10416666666666667 0.12083333333333333
0 0.8375 0.8197916666666667 0.146875 0.20208333333333334
0 0.634375 0.8458333333333333 0.128125 0.2