0 0.30625 0.32708333333333334 0.028125 0.05
0 0.35833333333333334 0.3302083333333333 0.028125 0.04375
0 0.5114583333333333 0.3375 0.041666666666666664 0.05416666666666667
0 0.48125 0.38958333333333334 0.034375 0.041666666666666664
0 0.5645833333333333 0.390625 0.08333333333333333 0.14791666666666667
0 0.6291666666666667 0.4083333333333333 0.03958333333333333 0.05416666666666667
0 0.6854166666666667 0.42083333333333334 0.084375 0.12916666666666668
0 0.35833333333333334 0.421875 0.04583333333333333 0.05625
0 0.49583333333333335 0.440625 0.035416666666666666 0.052083333333333336
0 0.5229166666666667 0.5052083333333334 0.06458333333333334 0.07291666666666667
0 0.803125 0.5395833333333333 0.15625 0.175
0 0.5645833333333333 0.6333333333333333 0.08333333333333333 0.1125
0 0.7114583333333333 0.6416666666666667 0.09791666666666667 0.10833333333333334