0 0.27708333333333335 0.3541666666666667 0.06666666666666667 0.10416666666666667
0 0.3385416666666667 0.3614583333333333 0.022916666666666665 0.035416666666666666
0 0.3802083333333333 0.37395833333333334 0.029166666666666667 0.03125
0 0.48333333333333334 0.37916666666666665 0.035416666666666666 0.04583333333333333
0 0.290625 0.4 0.071875 0.10416666666666667
0 0.3572916666666667 0.42604166666666665 0.04583333333333333 0.05625
0 0.6041666666666666 0.428125 0.09583333333333334 0.16041666666666668
0 0.6645833333333333 0.4375 0.052083333333333336 0.08333333333333333
0 0.5197916666666667 0.4552083333333333 0.08541666666666667 0.16041666666666668
0 0.7291666666666666 0.49375 0.078125 0.13333333333333333
0 0.3375 0.49583333333333335 0.0625 0.075
0 0.22083333333333333 0.5270833333333333 0.075 0.07916666666666666
0 0.05 0.5739583333333333 0.1 0.16041666666666668
0 0.578125 0.6104166666666667 0.090625 0.13333333333333333
0 0.26979166666666665 0.721875 0.11041666666666666 0.13958333333333334
0 0.06041666666666667 0.8041666666666667 0.12083333333333333 0.17916666666666667