0 0.37916666666666665 0.37916666666666665 0.03958333333333333 0.041666666666666664
0 0.5541666666666667 0.390625 0.052083333333333336 0.07708333333333334
0 0.30104166666666665 0.403125 0.07291666666666667 0.10625
0 0.671875 0.43333333333333335 0.06875 0.10833333333333334
0 0.50625 0.43645833333333334 0.04375 0.06458333333333334
0 0.6020833333333333 0.47708333333333336 0.05 0.06666666666666667
0 0.7885416666666667 0.5208333333333334 0.17916666666666667 0.2375
0 0.6552083333333333 0.5416666666666666 0.08541666666666667 0.15
0 0.5322916666666667 0.5708333333333333 0.06666666666666667 0.09166666666666666
0 0.8333333333333334 0.7791666666666667 0.19166666666666668 0.325
0 0.6354166666666666 0.834375 0.14375 0.22708333333333333