0 0.309375 0.3375 0.03333333333333333 0.046875
0 0.6270833333333333 0.36666666666666664 0.07083333333333333 0.08333333333333333
0 0.55625 0.3697916666666667 0.0625 0.08541666666666667
0 0.35208333333333336 0.396875 0.03958333333333333 0.052083333333333336
0 0.7083333333333334 0.4239583333333333 0.0625 0.052083333333333336
0 0.5020833333333333 0.4708333333333333 0.05416666666666667 0.07083333333333333
0 0.23958333333333334 0.48020833333333335 0.05416666666666667 0.057291666666666664
0 0.5208333333333334 0.5354166666666667 0.06458333333333334 0.09583333333333334
0 0.846875 0.5708333333333333 0.15625 0.16666666666666666
0 0.7260416666666667 0.5947916666666667 0.19791666666666666 0.3104166666666667
0 0.55625 0.6447916666666667 0.09270833333333334 0.11875
0 0.5864583333333333 0.75 0.13333333333333333 0.1625
0 0.057291666666666664 0.8166666666666667 0.11458333333333333 0.2708333333333333
0 0.6479166666666667 0.896875 0.14583333333333334 0.20625