0 0.5333333333333333 0.346875 0.058333333333333334 0.10729166666666666
0 0.3770833333333333 0.37083333333333335 0.03333333333333333 0.041666666666666664
0 0.6395833333333333 0.3729166666666667 0.0625 0.08333333333333333
0 0.4895833333333333 0.41041666666666665 0.03958333333333333 0.04583333333333333
0 0.68125 0.42916666666666664 0.084375 0.0875
0 0.2791666666666667 0.434375 0.059375 0.07708333333333334
0 0.5010416666666667 0.4479166666666667 0.04791666666666667 0.05416666666666667
0 0.615625 0.4552083333333333 0.075 0.11041666666666666
0 0.51875 0.5291666666666667 0.05625 0.07916666666666666
0 0.31354166666666666 0.575 0.07708333333333334 0.08333333333333333
0 0.7541666666666667 0.6416666666666667 0.24166666666666667 0.35
0 0.5729166666666666 0.6708333333333333 0.09166666666666666 0.15416666666666667
0 0.703125 0.9354166666666667 0.171875 0.128125