0 0.24375 0.359375 0.08125 0.09791666666666667
0 0.5614583333333333 0.38333333333333336 0.06666666666666667 0.125
0 0.32083333333333336 0.390625 0.034375 0.052083333333333336
0 0.4979166666666667 0.396875 0.06458333333333334 0.11875
0 0.6260416666666667 0.40208333333333335 0.04583333333333333 0.07916666666666666
0 0.37083333333333335 0.409375 0.035416666666666666 0.052083333333333336
0 0.6697916666666667 0.4375 0.06041666666666667 0.10416666666666667
0 0.23229166666666667 0.4552083333333333 0.08958333333333333 0.13958333333333334
0 0.53125 0.4875 0.065625 0.1
0 0.328125 0.4979166666666667 0.065625 0.07916666666666666
0 0.2760416666666667 0.6416666666666667 0.09583333333333334 0.10833333333333334
0 0.8875 0.6885416666666667 0.115625 0.16041666666666668
0 0.08229166666666667 0.7125 0.12291666666666666 0.12916666666666668
0 0.6958333333333333 0.7322916666666667 0.12083333333333333 0.16875