0 0.37604166666666666 0.37604166666666666 0.03333333333333333 0.03958333333333333
0 0.5541666666666667 0.38645833333333335 0.046875 0.07291666666666667
0 0.31666666666666665 0.39479166666666665 0.040625 0.04375
0 0.63125 0.4125 0.06041666666666667 0.05
0 0.5729166666666666 0.421875 0.03958333333333333 0.04791666666666667
0 0.35520833333333335 0.43020833333333336 0.03958333333333333 0.05625
0 0.2791666666666667 0.43854166666666666 0.04583333333333333 0.04791666666666667
0 0.15 0.44895833333333335 0.103125 0.14375
0 0.5072916666666667 0.4666666666666667 0.04583333333333333 0.07083333333333333
0 0.7583333333333333 0.49166666666666664 0.13958333333333334 0.15833333333333333
0 0.22291666666666668 0.5270833333333333 0.06458333333333334 0.0625
0 0.5260416666666666 0.54375 0.06666666666666667 0.09583333333333334
0 0.6552083333333333 0.5604166666666667 0.07916666666666666 0.1125
0 0.8354166666666667 0.621875 0.1 0.12708333333333333
0 0.9479166666666666 0.6239583333333333 0.10416666666666667 0.10625
0 0.5729166666666666 0.6510416666666666 0.096875 0.11875
0 0.9458333333333333 0.7645833333333333 0.10833333333333334 0.14166666666666666
0 0.8291666666666667 0.8125 0.14166666666666666 0.19166666666666668
0 0.6833333333333333 0.8947916666666667 0.14375 0.21041666666666667