0 0.55625 0.396875 0.034375 0.04791666666666667
0 0.6270833333333333 0.39895833333333336 0.05 0.07291666666666667
0 0.6885416666666667 0.4166666666666667 0.04583333333333333 0.05416666666666667
0 0.26458333333333334 0.42083333333333334 0.0875 0.15416666666666667
0 0.49270833333333336 0.44583333333333336 0.04583333333333333 0.07083333333333333
0 0.6583333333333333 0.44583333333333336 0.058333333333333334 0.07083333333333333
0 0.5770833333333333 0.4479166666666667 0.046875 0.0625
0 0.7625 0.5010416666666667 0.109375 0.14375
0 0.06979166666666667 0.5145833333333333 0.13958333333333334 0.225
0 0.5395833333333333 0.5395833333333333 0.065625 0.1
0 0.6875 0.575 0.1125 0.2
0 0.8375 0.7458333333333333 0.209375 0.3625