0 0.39166666666666666 0.3302083333333333 0.03125 0.03958333333333333
0 0.371875 0.375 0.040625 0.04583333333333333
0 0.4822916666666667 0.3875 0.035416666666666666 0.05
0 0.6604166666666667 0.409375 0.09375 0.13541666666666666
0 0.5708333333333333 0.4270833333333333 0.05 0.08333333333333333
0 0.4979166666666667 0.43854166666666666 0.040625 0.06041666666666667
0 0.6177083333333333 0.475 0.07708333333333334 0.13333333333333333
0 0.5208333333333334 0.4947916666666667 0.05625 0.08958333333333333
0 0.85 0.55625 0.184375 0.22083333333333333
0 0.578125 0.6489583333333333 0.0875 0.12708333333333333
0 0.8708333333333333 0.7916666666666666 0.25833333333333336 0.4166666666666667