0 0.359375 0.3177083333333333 0.03854166666666667 0.051041666666666666
0 0.375 0.36875 0.029166666666666667 0.03125
0 0.534375 0.36354166666666665 0.03125 0.05
0 0.3614583333333333 0.4125 0.041666666666666664 0.052083333333333336
0 0.6104166666666667 0.428125 0.06458333333333334 0.11458333333333333
0 0.6083333333333333 0.4375 0.0625 0.12916666666666668
0 0.7239583333333334 0.4395833333333333 0.14791666666666667 0.15833333333333333
0 0.5520833333333334 0.45 0.0625 0.075
0 0.21145833333333333 0.484375 0.13020833333333334 0.18229166666666666
0 0.5083333333333333 0.4875 0.058333333333333334 0.08333333333333333
0 0.525 0.5510416666666667 0.06979166666666667 0.08541666666666667
0 0.7333333333333333 0.5677083333333334 0.13333333333333333 0.23958333333333334
0 0.5666666666666667 0.65 0.096875 0.125
0 0.8614583333333333 0.76875 0.27708333333333335 0.4625
0 0.6 0.784375 0.13333333333333333 0.203125