0 0.375 0.371875 0.040625 0.03958333333333333
0 0.6229166666666667 0.39479166666666665 0.03958333333333333 0.06458333333333334
0 0.240625 0.39791666666666664 0.053125 0.0625
0 0.48333333333333334 0.4 0.035416666666666666 0.04583333333333333
0 0.578125 0.4125 0.078125 0.125
0 0.6666666666666666 0.44583333333333336 0.06458333333333334 0.07916666666666666
0 0.5041666666666667 0.4552083333333333 0.04583333333333333 0.05625
0 0.7385416666666667 0.521875 0.06666666666666667 0.08125
0 0.6364583333333333 0.5322916666666667 0.06666666666666667 0.08125
0 0.56875 0.6114583333333333 0.08125 0.11458333333333333
0 0.8708333333333333 0.621875 0.1375 0.19791666666666666
0 0.61875 0.8427083333333333 0.125 0.18958333333333333
0 0.8916666666666667 0.8947916666666667 0.19791666666666666 0.20208333333333334