0 0.6739583333333333 0.878125 0.16666666666666666 0.24375
0 0.290625 0.678125 0.09583333333333334 0.1125
0 0.18125 0.5864583333333333 0.07916666666666666 0.10104166666666667
0 0.3302083333333333 0.5385416666666667 0.06666666666666667 0.08333333333333333
0 0.271875 0.45208333333333334 0.05 0.06666666666666667
0 0.16041666666666668 0.4708333333333333 0.08333333333333333 0.103125
0 0.06875 0.5302083333333333 0.11875 0.15416666666666667
0 0.06458333333333334 0.7166666666666667 0.128125 0.23854166666666668
0 0.559375 0.5520833333333334 0.13229166666666667 0.24479166666666666
0 0.6541666666666667 0.49895833333333334 0.13333333333333333 0.22916666666666666
0 0.8125 0.5697916666666667 0.10625 0.17083333333333334
0 0.715625 0.48541666666666666 0.065625 0.10208333333333333
0 0.3625 0.43125 0.040625 0.053125
0 0.3145833333333333 0.365625 0.05416666666666667 0.09270833333333334
0 0.5458333333333333 0.378125 0.035416666666666666 0.046875