0 0.384375 0.346875 0.028125 0.035416666666666666
0 0.534375 0.3614583333333333 0.040625 0.06458333333333334
0 0.2791666666666667 0.36666666666666664 0.04583333333333333 0.0625
0 0.48020833333333335 0.3770833333333333 0.03333333333333333 0.041666666666666664
0 0.54375 0.40208333333333335 0.025 0.0375
0 0.6416666666666667 0.4166666666666667 0.04375 0.06666666666666667
0 0.4895833333333333 0.4197916666666667 0.03958333333333333 0.06041666666666667
0 0.5979166666666667 0.43333333333333335 0.08541666666666667 0.1375
0 0.6979166666666666 0.465625 0.075 0.08541666666666667
0 0.5114583333333333 0.48125 0.05416666666666667 0.06666666666666667
0 0.7833333333333333 0.571875 0.078125 0.09791666666666667
0 0.6770833333333334 0.5927083333333333 0.08541666666666667 0.10208333333333333
0 0.5989583333333334 0.6979166666666666 0.09583333333333334 0.14583333333333334
0 0.9385416666666667 0.7 0.12291666666666666 0.2375