0 0.30104166666666665 0.3385416666666667 0.03333333333333333 0.04791666666666667
0 0.33229166666666665 0.3416666666666667 0.052083333333333336 0.06666666666666667
0 0.371875 0.371875 0.034375 0.03958333333333333
0 0.5572916666666666 0.3729166666666667 0.04583333333333333 0.0875
0 0.48854166666666665 0.4041666666666667 0.035416666666666666 0.05
0 0.2552083333333333 0.4375 0.09166666666666666 0.14583333333333334
0 0.3458333333333333 0.4666666666666667 0.053125 0.075
0 0.18333333333333332 0.5447916666666667 0.109375 0.18958333333333333
0 0.24791666666666667 0.740625 0.1125 0.15625
0 0.6854166666666667 0.9145833333333333 0.178125 0.16979166666666667
0 0.9322916666666666 0.940625 0.13541666666666666 0.11770833333333333