0 0.24791666666666667 0.35104166666666664 0.071875 0.10208333333333333
0 0.30625 0.378125 0.04375 0.07291666666666667
0 0.48333333333333334 0.4083333333333333 0.03958333333333333 0.05416666666666667
0 0.17916666666666667 0.42083333333333334 0.096875 0.12916666666666668
0 0.609375 0.43125 0.0875 0.14583333333333334
0 0.27291666666666664 0.43333333333333335 0.075 0.07916666666666666
0 0.7541666666666667 0.503125 0.09791666666666667 0.13125
0 0.3385416666666667 0.5052083333333334 0.06458333333333334 0.07708333333333334
0 0.23854166666666668 0.5114583333333333 0.06458333333333334 0.07291666666666667
0 0.5260416666666666 0.5177083333333333 0.06041666666666667 0.08541666666666667
0 0.14583333333333334 0.5239583333333333 0.07291666666666667 0.08125
0 0.6916666666666667 0.540625 0.09791666666666667 0.18958333333333333
0 0.07604166666666666 0.7395833333333334 0.15208333333333332 0.3