0 0.33541666666666664 0.35625 0.05 0.08333333333333333
0 0.5833333333333334 0.4322916666666667 0.058333333333333334 0.10208333333333333
0 0.5020833333333333 0.4427083333333333 0.04375 0.06041666666666667
0 0.659375 0.4552083333333333 0.053125 0.05625
0 0.7291666666666666 0.48854166666666665 0.09166666666666666 0.15625
0 0.33229166666666665 0.5041666666666667 0.06666666666666667 0.075
0 0.5291666666666667 0.5041666666666667 0.06041666666666667 0.08333333333333333
0 0.6583333333333333 0.5635416666666667 0.07916666666666666 0.10625
0 0.8916666666666667 0.6291666666666667 0.215625 0.35833333333333334
0 0.7583333333333333 0.696875 0.140625 0.23541666666666666
0 0.5979166666666667 0.7708333333333334 0.11041666666666666 0.15416666666666667