0 0.32708333333333334 0.34479166666666666 0.05416666666666667 0.08541666666666667
0 0.3770833333333333 0.3770833333333333 0.03333333333333333 0.03333333333333333
0 0.6354166666666666 0.38333333333333336 0.0375 0.04583333333333333
0 0.36666666666666664 0.40520833333333334 0.03958333333333333 0.04791666666666667
0 0.2791666666666667 0.4083333333333333 0.08541666666666667 0.12916666666666668
0 0.49583333333333335 0.4125 0.0375 0.05
0 0.5760416666666667 0.42291666666666666 0.03958333333333333 0.058333333333333334
0 0.6979166666666666 0.48541666666666666 0.05 0.0625
0 0.11770833333333333 0.5104166666666666 0.08958333333333333 0.125
0 0.8166666666666667 0.5177083333333333 0.06979166666666667 0.08020833333333334
0 0.6510416666666666 0.5208333333333334 0.09166666666666666 0.15416666666666667
0 0.325 0.5666666666666667 0.071875 0.09166666666666666
0 0.7833333333333333 0.5666666666666667 0.07291666666666667 0.075
0 0.5458333333333333 0.6291666666666667 0.08333333333333333 0.12083333333333333
0 0.25 0.69375 0.103125 0.13333333333333333
0 0.8447916666666667 0.8322916666666667 0.3104166666666667 0.33541666666666664