0 0.5364583333333334 0.3572916666666667 0.05416666666666667 0.08125
0 0.25416666666666665 0.37083333333333335 0.052083333333333336 0.06666666666666667
0 0.60625 0.38125 0.046875 0.05416666666666667
0 0.48333333333333334 0.39166666666666666 0.034375 0.041666666666666664
0 0.5604166666666667 0.421875 0.040625 0.04791666666666667
0 0.6447916666666667 0.43125 0.04791666666666667 0.058333333333333334
0 0.5083333333333333 0.45208333333333334 0.05 0.058333333333333334
0 0.334375 0.46875 0.05520833333333333 0.06979166666666667
0 0.7104166666666667 0.471875 0.07291666666666667 0.11041666666666666
0 0.6322916666666667 0.51875 0.07291666666666667 0.09583333333333334
0 0.525 0.5229166666666667 0.059375 0.07083333333333333
0 0.8760416666666667 0.5822916666666667 0.24791666666666667 0.34791666666666665
0 0.5979166666666667 0.6875 0.12083333333333333 0.16666666666666666
0 0.85 0.7989583333333333 0.3 0.40208333333333335