0 0.2791666666666667 0.359375 0.04375 0.05625
0 0.3770833333333333 0.384375 0.0375 0.04791666666666667
0 0.315625 0.390625 0.0375 0.04791666666666667
0 0.6614583333333334 0.390625 0.06458333333333334 0.10208333333333333
0 0.5708333333333333 0.3927083333333333 0.075 0.13958333333333334
0 0.490625 0.41354166666666664 0.040625 0.052083333333333336
0 0.6895833333333333 0.45729166666666665 0.071875 0.09375
0 0.5041666666666667 0.459375 0.053125 0.07291666666666667
0 0.5270833333333333 0.5614583333333333 0.07916666666666666 0.11041666666666666
0 0.08125 0.6885416666666667 0.1625 0.28125
0 0.5958333333333333 0.7197916666666667 0.103125 0.14375