0 0.3104166666666667 0.3958333333333333 0.034375 0.05
0 0.6520833333333333 0.396875 0.09166666666666666 0.15625
0 0.4979166666666667 0.4114583333333333 0.03958333333333333 0.05625
0 0.5708333333333333 0.41458333333333336 0.07083333333333333 0.09583333333333334
0 0.3625 0.434375 0.04375 0.05625
0 0.5041666666666667 0.47708333333333336 0.046875 0.07083333333333333
0 0.65625 0.565625 0.071875 0.09375
0 0.5364583333333334 0.575 0.07083333333333333 0.10833333333333334
0 0.22708333333333333 0.5770833333333333 0.084375 0.09583333333333334
0 0.8604166666666667 0.7510416666666667 0.275 0.4979166666666667
0 0.640625 0.9041666666666667 0.1375 0.19166666666666668