0 0.54375 0.35833333333333334 0.0375 0.07083333333333333
0 0.48541666666666666 0.38958333333333334 0.034375 0.041666666666666664
0 0.303125 0.39375 0.05 0.0875
0 0.36666666666666664 0.421875 0.04375 0.04375
0 0.6833333333333333 0.4239583333333333 0.078125 0.14375
0 0.49270833333333336 0.425 0.03958333333333333 0.058333333333333334
0 0.1625 0.42916666666666664 0.13125 0.17916666666666667
0 0.6135416666666667 0.45 0.12083333333333333 0.17916666666666667
0 0.26145833333333335 0.48125 0.058333333333333334 0.058333333333333334
0 0.5166666666666667 0.4875 0.058333333333333334 0.08333333333333333
0 0.33541666666666664 0.496875 0.053125 0.06875
0 0.14583333333333334 0.5770833333333333 0.090625 0.10416666666666667
0 0.5989583333333334 0.7885416666666667 0.12291666666666666 0.18958333333333333
0 0.20625 0.8822916666666667 0.178125 0.23541666666666666
0 0.035416666666666666 0.9104166666666667 0.07083333333333333 0.1625