0 0.3572916666666667 0.3125 0.035416666666666666 0.0625
0 0.30833333333333335 0.3260416666666667 0.028125 0.04375
0 0.48541666666666666 0.365625 0.05 0.10208333333333333
0 0.5458333333333333 0.3875 0.035416666666666666 0.0375
0 0.6166666666666667 0.3958333333333333 0.04583333333333333 0.075
0 0.371875 0.39895833333333336 0.040625 0.04791666666666667
0 0.30104166666666665 0.4010416666666667 0.03958333333333333 0.04791666666666667
0 0.565625 0.42083333333333334 0.040625 0.05
0 0.69375 0.4375 0.04375 0.04479166666666667
0 0.5083333333333333 0.45625 0.04791666666666667 0.06666666666666667
0 0.25833333333333336 0.46979166666666666 0.04791666666666667 0.06875
0 0.6052083333333333 0.49270833333333336 0.05 0.06354166666666666
0 0.7541666666666667 0.515625 0.08125 0.12708333333333333
0 0.33958333333333335 0.5197916666666667 0.058333333333333334 0.07708333333333334
0 0.8177083333333334 0.5197916666666667 0.06145833333333333 0.078125
0 0.05416666666666667 0.559375 0.10833333333333334 0.13958333333333334
0 0.6708333333333333 0.5729166666666666 0.07708333333333334 0.1
0 0.5708333333333333 0.665625 0.10208333333333333 0.14583333333333334
0 0.9770833333333333 0.6697916666666667 0.04583333333333333 0.10208333333333333
0 0.09270833333333334 0.7291666666666666 0.18541666666666667 0.39166666666666666
0 0.7802083333333333 0.7395833333333334 0.14166666666666666 0.21666666666666667
0 0.9729166666666667 0.8104166666666667 0.053125 0.1625
0 0.246875 0.8875 0.1375 0.17291666666666666