0 0.3729166666666667 0.37604166666666666 0.029166666666666667 0.035416666666666666
0 0.5541666666666667 0.38645833333333335 0.046875 0.07291666666666667
0 0.5729166666666666 0.421875 0.03958333333333333 0.04791666666666667
0 0.35208333333333336 0.4395833333333333 0.05 0.058333333333333334
0 0.5041666666666667 0.4666666666666667 0.04583333333333333 0.07083333333333333
0 0.721875 0.46770833333333334 0.125 0.15208333333333332
0 0.6166666666666667 0.49166666666666664 0.0625 0.07916666666666666
0 0.24270833333333333 0.5083333333333333 0.06666666666666667 0.08333333333333333
0 0.5208333333333334 0.5229166666666667 0.058333333333333334 0.0875
0 0.7885416666666667 0.5697916666666667 0.08958333333333333 0.11041666666666666
0 0.309375 0.5739583333333333 0.071875 0.10208333333333333
0 0.5520833333333334 0.5802083333333333 0.075 0.09375
0 0.9604166666666667 0.6510416666666666 0.078125 0.09375
0 0.159375 0.66875 0.103125 0.1125
0 0.7354166666666667 0.6739583333333333 0.103125 0.14791666666666667
0 0.8885416666666667 0.6802083333333333 0.10416666666666667 0.12291666666666666
0 0.63125 0.7614583333333333 0.1125 0.17291666666666666
0 0.846875 0.8177083333333334 0.18125 0.29791666666666666
0 0.6177083333333333 0.9083333333333333 0.16354166666666667 0.18229166666666666
0 0.03854166666666667 0.596875 0.07708333333333334 0.23541666666666666