0 0.621875 0.40520833333333334 0.040625 0.06458333333333334
0 0.5875 0.43854166666666666 0.059375 0.09791666666666667
0 0.503125 0.4427083333333333 0.04375 0.06041666666666667
0 0.6666666666666666 0.459375 0.046875 0.05625
0 0.3333333333333333 0.48333333333333334 0.04583333333333333 0.07083333333333333
0 0.7385416666666667 0.49583333333333335 0.09166666666666666 0.15
0 0.5291666666666667 0.5041666666666667 0.06041666666666667 0.08333333333333333
0 0.6645833333333333 0.571875 0.07916666666666666 0.10625
0 0.9 0.6375 0.2 0.35833333333333334
0 0.7822916666666667 0.7322916666666667 0.16458333333333333 0.26875
0 0.6114583333333333 0.8072916666666666 0.11458333333333333 0.18541666666666667