0 0.32916666666666666 0.384375 0.0375 0.03958333333333333
0 0.5895833333333333 0.4197916666666667 0.06666666666666667 0.13125
0 0.6833333333333333 0.4354166666666667 0.109375 0.15
0 0.7552083333333334 0.471875 0.035416666666666666 0.05625
0 0.5177083333333333 0.484375 0.05416666666666667 0.07291666666666667
0 0.6520833333333333 0.5052083333333334 0.09375 0.18125
0 0.8760416666666667 0.6114583333333333 0.23541666666666666 0.3104166666666667
0 0.5604166666666667 0.63125 0.0875 0.13333333333333333
0 0.7875 0.728125 0.13125 0.16458333333333333
0 0.68125 0.9083333333333333 0.1625 0.18229166666666666
0 0.9177083333333333 0.925 0.16354166666666667 0.14895833333333333