0 0.3229166666666667 0.34375 0.041666666666666664 0.058333333333333334
0 0.353125 0.34375 0.025 0.05
0 0.5895833333333333 0.3645833333333333 0.040625 0.08333333333333333
0 0.5479166666666667 0.378125 0.052083333333333336 0.08229166666666667
0 0.6177083333333333 0.39166666666666666 0.04583333333333333 0.07083333333333333
0 0.30625 0.39375 0.046875 0.05
0 0.6572916666666667 0.42916666666666664 0.052083333333333336 0.08229166666666667
0 0.5114583333333333 0.49375 0.04791666666666667 0.09166666666666666
0 0.6625 0.5541666666666667 0.07604166666666666 0.10416666666666667
0 0.5416666666666666 0.5520833333333334 0.07083333333333333 0.1
0 0.54375 0.6239583333333333 0.08645833333333333 0.14375
0 0.8125 0.671875 0.25625 0.39375
0 0.5802083333333333 0.6875 0.096875 0.1625
0 0.6239583333333333 0.8270833333333333 0.13541666666666666 0.21666666666666667