0 0.5979166666666667 0.359375 0.053125 0.08541666666666667
0 0.334375 0.36354166666666665 0.0375 0.04375
0 0.64375 0.4041666666666667 0.084375 0.12083333333333333
0 0.49583333333333335 0.4197916666666667 0.040625 0.04791666666666667
0 0.5677083333333334 0.4197916666666667 0.03958333333333333 0.052083333333333336
0 0.7135416666666666 0.43333333333333335 0.04583333333333333 0.058333333333333334
0 0.5958333333333333 0.465625 0.04583333333333333 0.06041666666666667
0 0.5104166666666666 0.46875 0.04791666666666667 0.06666666666666667
0 0.6489583333333333 0.509375 0.08333333333333333 0.13958333333333334
0 0.5510416666666667 0.5291666666666667 0.06666666666666667 0.10833333333333334
0 0.6947916666666667 0.634375 0.10416666666666667 0.12708333333333333
0 0.9541666666666667 0.7833333333333333 0.090625 0.1375
0 0.8489583333333334 0.8166666666666667 0.15833333333333333 0.24166666666666667
0 0.18958333333333333 0.8739583333333333 0.14791666666666667 0.17708333333333334