0 0.33229166666666665 0.35520833333333335 0.035416666666666666 0.04375
0 0.25625 0.359375 0.071875 0.08958333333333333
0 0.38229166666666664 0.378125 0.035416666666666666 0.03958333333333333
0 0.6333333333333333 0.38333333333333336 0.0625 0.1125
0 0.3145833333333333 0.39479166666666665 0.035416666666666666 0.04375
0 0.5739583333333333 0.39895833333333336 0.08541666666666667 0.11458333333333333
0 0.4947916666666667 0.4197916666666667 0.035416666666666666 0.06041666666666667
0 0.26666666666666666 0.44479166666666664 0.06666666666666667 0.12291666666666666
0 0.33958333333333335 0.4979166666666667 0.065625 0.07083333333333333
0 0.5270833333333333 0.55625 0.07083333333333333 0.09583333333333334
0 0.078125 0.5625 0.15625 0.32083333333333336
0 0.7375 0.5916666666666667 0.178125 0.3125
0 0.18020833333333333 0.5989583333333334 0.09166666666666666 0.11041666666666666
0 0.2833333333333333 0.6677083333333333 0.09375 0.13541666666666666