0 0.6166666666666667 0.36875 0.0625 0.1125
0 0.325 0.3729166666666667 0.04375 0.05
0 0.23541666666666666 0.37604166666666666 0.06875 0.07708333333333334
0 0.55625 0.38229166666666664 0.078125 0.10625
0 0.484375 0.390625 0.034375 0.04791666666666667
0 0.371875 0.40520833333333334 0.0375 0.03958333333333333
0 0.2989583333333333 0.41041666666666665 0.03958333333333333 0.05
0 0.50625 0.4875 0.053125 0.075
0 0.234375 0.49166666666666664 0.090625 0.14166666666666666
0 0.6760416666666667 0.521875 0.13333333333333333 0.24375
0 0.0375 0.60625 0.075 0.31666666666666665
0 0.30416666666666664 0.6208333333333333 0.09375 0.1125
0 0.08958333333333333 0.7395833333333334 0.134375 0.13333333333333333
0 0.8822916666666667 0.771875 0.20416666666666666 0.3645833333333333
0 0.603125 0.7916666666666666 0.11875 0.17916666666666667
0 0.209375 0.8947916666666667 0.153125 0.20625