0 0.31666666666666665 0.3572916666666667 0.04583333333333333 0.06875
0 0.590625 0.36041666666666666 0.0625 0.0875
0 0.54375 0.36666666666666664 0.046875 0.09166666666666666
0 0.25729166666666664 0.38958333333333334 0.03958333333333333 0.05
0 0.4864583333333333 0.39166666666666666 0.035416666666666666 0.04583333333333333
0 0.5697916666666667 0.40625 0.052083333333333336 0.1
0 0.503125 0.440625 0.04375 0.06041666666666667
0 0.671875 0.45416666666666666 0.109375 0.09166666666666666
0 0.3416666666666667 0.46770833333333334 0.052083333333333336 0.06458333333333334
0 0.5354166666666667 0.55625 0.08333333333333333 0.14166666666666666
0 0.14791666666666667 0.6 0.121875 0.17083333333333334
0 0.9572916666666667 0.634375 0.08541666666666667 0.12708333333333333
0 0.8885416666666667 0.6822916666666666 0.15833333333333333 0.21041666666666667
0 0.7708333333333334 0.709375 0.16875 0.26458333333333334
0 0.6083333333333333 0.74375 0.12708333333333333 0.18333333333333332