0 0.5520833333333334 0.37083333333333335 0.06458333333333334 0.1
0 0.496875 0.4197916666666667 0.040625 0.04375
0 0.6729166666666667 0.42291666666666666 0.08958333333333333 0.12916666666666668
0 0.5770833333333333 0.440625 0.05 0.10208333333333333
0 0.7291666666666666 0.440625 0.029166666666666667 0.06875
0 0.5083333333333333 0.46145833333333336 0.04583333333333333 0.06041666666666667
0 0.17083333333333334 0.478125 0.058333333333333334 0.06041666666666667
0 0.6302083333333334 0.48125 0.09166666666666666 0.15416666666666667
0 0.3416666666666667 0.490625 0.058333333333333334 0.06458333333333334
0 0.8072916666666666 0.5125 0.07291666666666667 0.08333333333333333
0 0.534375 0.540625 0.065625 0.09375
0 0.7177083333333333 0.6114583333333333 0.12708333333333333 0.22708333333333333
0 0.8958333333333334 0.740625 0.20833333333333334 0.30625
0 0.671875 0.8979166666666667 0.146875 0.20416666666666666