0 0.54375 0.36041666666666666 0.053125 0.09166666666666666
0 0.5854166666666667 0.4354166666666667 0.08333333333333333 0.15833333333333333
0 0.3489583333333333 0.45729166666666665 0.052083333333333336 0.07708333333333334
0 0.23645833333333333 0.490625 0.06041666666666667 0.06458333333333334
0 0.6677083333333333 0.5020833333333333 0.12291666666666666 0.22916666666666666
0 0.7604166666666666 0.5260416666666666 0.065625 0.07291666666666667
0 0.5322916666666667 0.5604166666666667 0.06458333333333334 0.0875
0 0.80625 0.5854166666666667 0.0875 0.10416666666666667
0 0.5708333333333333 0.625 0.09375 0.15
0 0.9395833333333333 0.721875 0.12083333333333333 0.15208333333333332
0 0.8083333333333333 0.7739583333333333 0.13333333333333333 0.18958333333333333
0 0.6041666666666666 0.7864583333333334 0.12916666666666668 0.18125