0 0.278125 0.33125 0.053125 0.05
0 0.21666666666666667 0.38333333333333336 0.06875 0.07916666666666666
0 0.284375 0.3885416666666667 0.08125 0.11875
0 0.4875 0.39791666666666664 0.034375 0.04583333333333333
0 0.5697916666666667 0.41875 0.03958333333333333 0.05
0 0.6020833333333333 0.46145833333333336 0.053125 0.06875
0 0.20416666666666666 0.48333333333333334 0.1375 0.2
0 0.5239583333333333 0.515625 0.058333333333333334 0.08541666666666667
0 0.09375 0.5197916666666667 0.096875 0.11458333333333333
0 0.325 0.5625 0.06875 0.1
0 0.7854166666666667 0.565625 0.1125 0.15625
0 0.6645833333333333 0.603125 0.07916666666666666 0.09791666666666667
0 0.575 0.6552083333333333 0.090625 0.14791666666666667
0 0.8010416666666667 0.75 0.17916666666666667 0.2375