0 0.37916666666666665 0.365625 0.029166666666666667 0.035416666666666666
0 0.5541666666666667 0.38645833333333335 0.046875 0.07291666666666667
0 0.6104166666666667 0.403125 0.04791666666666667 0.04375
0 0.5729166666666666 0.421875 0.03958333333333333 0.04791666666666667
0 0.35520833333333335 0.4239583333333333 0.04583333333333333 0.052083333333333336
0 0.5041666666666667 0.4666666666666667 0.04583333333333333 0.07083333333333333
0 0.721875 0.46770833333333334 0.125 0.15208333333333332
0 0.26666666666666666 0.47291666666666665 0.059375 0.07083333333333333
0 0.8166666666666667 0.5041666666666667 0.058333333333333334 0.08333333333333333
0 0.6291666666666667 0.50625 0.07083333333333333 0.07916666666666666
0 0.5208333333333334 0.5229166666666667 0.058333333333333334 0.0875
0 0.3229166666666667 0.525 0.065625 0.075
0 0.05416666666666667 0.553125 0.10833333333333334 0.20625
0 0.7958333333333333 0.575 0.096875 0.10416666666666667
0 0.20416666666666666 0.5854166666666667 0.08333333333333333 0.09583333333333334
0 0.5541666666666667 0.6052083333333333 0.075 0.09375
0 0.896875 0.6979166666666666 0.109375 0.12916666666666668
0 0.7541666666666667 0.7010416666666667 0.115625 0.16041666666666668
0 0.64375 0.79375 0.121875 0.175
0 0.8729166666666667 0.85 0.2 0.29583333333333334
0 0.03125 0.909375 0.0625 0.18020833333333333
0 0.6416666666666667 0.9354166666666667 0.17083333333333334 0.128125