0 0.32708333333333334 0.3489583333333333 0.05 0.07708333333333334
0 0.5229166666666667 0.3614583333333333 0.029166666666666667 0.04375
0 0.47291666666666665 0.37916666666666665 0.035416666666666666 0.05
0 0.3020833333333333 0.384375 0.05416666666666667 0.08958333333333333
0 0.37083333333333335 0.4041666666666667 0.040625 0.04583333333333333
0 0.578125 0.428125 0.05 0.07708333333333334
0 0.3385416666666667 0.47291666666666665 0.058333333333333334 0.075
0 0.659375 0.5052083333333334 0.10625 0.17708333333333334
0 0.058333333333333334 0.5604166666666667 0.115625 0.1875
0 0.12083333333333333 0.6239583333333333 0.240625 0.33958333333333335
0 0.5760416666666667 0.6708333333333333 0.09166666666666666 0.12916666666666668