0 0.2708333333333333 0.36875 0.0375 0.0625
0 0.6291666666666667 0.37604166666666666 0.071875 0.12291666666666666
0 0.3104166666666667 0.38333333333333336 0.06666666666666667 0.08333333333333333
0 0.553125 0.3875 0.046875 0.0875
0 0.37083333333333335 0.41770833333333335 0.03958333333333333 0.04791666666666667
0 0.5708333333333333 0.4239583333333333 0.03333333333333333 0.052083333333333336
0 0.671875 0.43333333333333335 0.065625 0.125
0 0.5958333333333333 0.4479166666666667 0.04375 0.06666666666666667
0 0.5020833333333333 0.4625 0.03958333333333333 0.0625
0 0.315625 0.47291666666666665 0.05 0.0625
0 0.5166666666666667 0.4947916666666667 0.059375 0.08125
0 0.6229166666666667 0.509375 0.06666666666666667 0.13541666666666666
0 0.7833333333333333 0.51875 0.109375 0.17083333333333334
0 0.5302083333333333 0.534375 0.06458333333333334 0.08541666666666667
0 0.6677083333333333 0.5489583333333333 0.10833333333333334 0.20208333333333334
0 0.5583333333333333 0.5770833333333333 0.07083333333333333 0.10416666666666667
0 0.20104166666666667 0.6177083333333333 0.12083333333333333 0.14791666666666667
0 0.5354166666666667 0.6229166666666667 0.08125 0.15833333333333333
0 0.7645833333333333 0.6510416666666666 0.09791666666666667 0.16041666666666668
0 0.8635416666666667 0.734375 0.22916666666666666 0.38958333333333334
0 0.5729166666666666 0.7416666666666667 0.1 0.175
0 0.6135416666666667 0.8614583333333333 0.13541666666666666 0.20625
0 0.22083333333333333 0.9052083333333333 0.15416666666666667 0.18958333333333333
0 0.6427083333333333 0.9510416666666667 0.15208333333333332 0.09791666666666667