0 0.5510416666666667 0.3645833333333333 0.06354166666666666 0.10416666666666667
0 0.6135416666666667 0.38229166666666664 0.053125 0.08125
0 0.2833333333333333 0.38645833333333335 0.084375 0.1
0 0.20416666666666666 0.40625 0.09166666666666666 0.13020833333333334
0 0.7010416666666667 0.4666666666666667 0.07708333333333334 0.10833333333333334
0 0.5104166666666666 0.47604166666666664 0.05625 0.08229166666666667
0 0.22604166666666667 0.478125 0.121875 0.16458333333333333
0 0.353125 0.496875 0.05520833333333333 0.06979166666666667
0 0.07708333333333334 0.571875 0.08541666666666667 0.096875
0 0.8895833333333333 0.65625 0.165625 0.2604166666666667
0 0.590625 0.64375 0.090625 0.14583333333333334
0 0.7739583333333333 0.721875 0.11875 0.16458333333333333
0 0.253125 0.796875 0.13333333333333333 0.16666666666666666