0 0.31875 0.4041666666666667 0.04375 0.05
0 0.5770833333333333 0.409375 0.06041666666666667 0.12291666666666666
0 0.6697916666666667 0.42916666666666664 0.10208333333333333 0.14583333333333334
0 0.7375 0.45729166666666665 0.0375 0.06041666666666667
0 0.5125 0.47291666666666665 0.05 0.06666666666666667
0 0.6364583333333333 0.48854166666666665 0.08958333333333333 0.16041666666666668
0 0.8385416666666666 0.5802083333333333 0.20416666666666666 0.27708333333333335
0 0.5489583333333333 0.5958333333333333 0.07916666666666666 0.11666666666666667
0 0.7489583333333333 0.6708333333333333 0.11458333333333333 0.13333333333333333
0 0.646875 0.846875 0.134375 0.21875
0 0.8739583333333333 0.8770833333333333 0.17916666666666667 0.20416666666666666