0 0.5114583333333333 0.31354166666666666 0.06666666666666667 0.07708333333333334
0 0.559375 0.34270833333333334 0.040625 0.08125
0 0.5041666666666667 0.35 0.03125 0.04583333333333333
0 0.4864583333333333 0.36666666666666664 0.03958333333333333 0.0375
0 0.3885416666666667 0.3729166666666667 0.05416666666666667 0.0375
0 0.296875 0.3770833333333333 0.05625 0.08333333333333333
0 0.3770833333333333 0.41875 0.071875 0.058333333333333334
0 0.49583333333333335 0.425 0.065625 0.058333333333333334
0 0.26666666666666666 0.43854166666666666 0.06875 0.08541666666666667
0 0.5104166666666666 0.49375 0.078125 0.09583333333333334
0 0.35104166666666664 0.50625 0.06666666666666667 0.0875
0 0.846875 0.5135416666666667 0.0625 0.10208333333333333
0 0.7802083333333333 0.5354166666666667 0.11458333333333333 0.19583333333333333
0 0.678125 0.5791666666666667 0.090625 0.12916666666666668
0 0.5520833333333334 0.5822916666666667 0.10833333333333334 0.12291666666666666
0 0.2552083333333333 0.7625 0.15208333333333332 0.175
0 0.84375 0.85625 0.171875 0.25416666666666665