0 0.4864583333333333 0.3770833333333333 0.03333333333333333 0.041666666666666664
0 0.315625 0.390625 0.0375 0.04375
0 0.5666666666666667 0.41041666666666665 0.040625 0.05416666666666667
0 0.3625 0.41354166666666664 0.040625 0.03958333333333333
0 0.5229166666666667 0.45416666666666666 0.04583333333333333 0.07083333333333333
0 0.27395833333333336 0.45625 0.052083333333333336 0.0625
0 0.7364583333333333 0.5010416666666667 0.07083333333333333 0.12291666666666666
0 0.6708333333333333 0.5197916666666667 0.09791666666666667 0.18125
0 0.5895833333333333 0.6395833333333333 0.07916666666666666 0.12083333333333333
0 0.21666666666666667 0.790625 0.13125 0.15625
0 0.6447916666666667 0.8979166666666667 0.15208333333333332 0.20416666666666666