0 0.5239583333333333 0.3458333333333333 0.046875 0.08020833333333334
0 0.33958333333333335 0.34375 0.05 0.06666666666666667
0 0.596875 0.36666666666666664 0.06875 0.090625
0 0.49583333333333335 0.3854166666666667 0.03854166666666667 0.03958333333333333
0 0.496875 0.440625 0.042708333333333334 0.06354166666666666
0 0.35520833333333335 0.43854166666666666 0.04375 0.05625
0 0.6052083333333333 0.46770833333333334 0.052083333333333336 0.06458333333333334
0 0.7916666666666666 0.5166666666666667 0.17291666666666666 0.23958333333333334
0 0.6333333333333333 0.528125 0.0625 0.08645833333333333
0 0.575 0.6302083333333334 0.09166666666666666 0.13229166666666667
0 0.278125 0.671875 0.096875 0.11770833333333333
0 0.9635416666666666 0.6760416666666667 0.07291666666666667 0.19791666666666666
0 0.9395833333333333 0.9583333333333334 0.12083333333333333 0.08333333333333333
0 0.03854166666666667 0.6135416666666667 0.07708333333333334 0.15104166666666666