0 0.6135416666666667 0.40729166666666666 0.04479166666666667 0.059375
0 0.5052083333333334 0.4239583333333333 0.0375 0.058333333333333334
0 0.35520833333333335 0.43020833333333336 0.04791666666666667 0.06458333333333334
0 0.51875 0.49270833333333336 0.053125 0.06770833333333333
0 0.7114583333333333 0.49583333333333335 0.06666666666666667 0.06979166666666667
0 0.634375 0.515625 0.0625 0.071875
0 0.5541666666666667 0.6072916666666667 0.08229166666666667 0.11770833333333333
0 0.240625 0.7333333333333333 0.11041666666666666 0.128125
0 0.69375 0.6041666666666666 0.08333333333333333 0.11979166666666667
0 0.8197916666666667 0.759375 0.18854166666666666 0.296875
0 0.8604166666666667 0.6020833333333333 0.14166666666666666 0.21041666666666667
0 0.035416666666666666 0.5854166666666667 0.07083333333333333 0.26666666666666666