0 0.24895833333333334 0.39479166666666665 0.04791666666666667 0.06041666666666667
0 0.6479166666666667 0.4010416666666667 0.0875 0.12291666666666666
0 0.4895833333333333 0.41354166666666664 0.041666666666666664 0.052083333333333336
0 0.28958333333333336 0.42604166666666665 0.04791666666666667 0.06041666666666667
0 0.5864583333333333 0.4427083333333333 0.06041666666666667 0.11041666666666666
0 0.32708333333333334 0.4552083333333333 0.053125 0.05625
0 0.515625 0.46458333333333335 0.05 0.075
0 0.32916666666666666 0.5166666666666667 0.065625 0.075
0 0.7760416666666666 0.5416666666666666 0.09583333333333334 0.1375
0 0.6552083333333333 0.5520833333333334 0.07291666666666667 0.1
0 0.5739583333333333 0.68125 0.10833333333333334 0.15416666666666667
0 0.9072916666666667 0.703125 0.13333333333333333 0.17291666666666666
0 0.775 0.7854166666666667 0.14375 0.175