0 0.37916666666666665 0.365625 0.03125 0.03854166666666667
0 0.359375 0.421875 0.04375 0.05625
0 0.5854166666666667 0.4354166666666667 0.08333333333333333 0.15833333333333333
0 0.2708333333333333 0.4375 0.052083333333333336 0.058333333333333334
0 0.6677083333333333 0.5020833333333333 0.12291666666666666 0.22916666666666666
0 0.5197916666666667 0.515625 0.06041666666666667 0.08541666666666667
0 0.7604166666666666 0.5239583333333333 0.065625 0.07291666666666667
0 0.5322916666666667 0.5604166666666667 0.06458333333333334 0.0875
0 0.815625 0.5958333333333333 0.0875 0.10416666666666667
0 0.5708333333333333 0.6322916666666667 0.09375 0.16458333333333333
0 0.9583333333333334 0.7510416666666667 0.08333333333333333 0.18958333333333333
0 0.6239583333333333 0.840625 0.13333333333333333 0.19791666666666666
0 0.8416666666666667 0.81875 0.15104166666666666 0.20520833333333333