0 0.5458333333333333 0.35833333333333334 0.04375 0.08333333333333333
0 0.30520833333333336 0.384375 0.04583333333333333 0.07291666666666667
0 0.484375 0.39375 0.034375 0.041666666666666664
0 0.36666666666666664 0.421875 0.04375 0.04375
0 0.6854166666666667 0.4270833333333333 0.08333333333333333 0.15
0 0.1625 0.42916666666666664 0.13125 0.17916666666666667
0 0.49583333333333335 0.43645833333333334 0.041666666666666664 0.06041666666666667
0 0.6239583333333333 0.45416666666666666 0.12708333333333333 0.175
0 0.2635416666666667 0.459375 0.04791666666666667 0.05625
0 0.3416666666666667 0.4822916666666667 0.053125 0.06875
0 0.5208333333333334 0.5020833333333333 0.058333333333333334 0.08333333333333333
0 0.14583333333333334 0.5770833333333333 0.090625 0.10416666666666667
0 0.6114583333333333 0.8364583333333333 0.12291666666666666 0.20208333333333334
0 0.22604166666666667 0.8416666666666667 0.16666666666666666 0.25
0 0.04791666666666667 0.8416666666666667 0.09583333333333334 0.14166666666666666
0 0.8854166666666666 0.7864583333333334 0.22916666666666666 0.42291666666666666