0 0.53125 0.3572916666666667 0.04375 0.07708333333333334
0 0.4895833333333333 0.4041666666666667 0.0375 0.05416666666666667
0 0.6458333333333334 0.4427083333333333 0.04583333333333333 0.06458333333333334
0 0.7104166666666667 0.490625 0.06041666666666667 0.07291666666666667
0 0.6166666666666667 0.4947916666666667 0.058333333333333334 0.07708333333333334
0 0.5395833333333333 0.5520833333333334 0.07395833333333333 0.09479166666666666
0 0.871875 0.6052083333333333 0.228125 0.29375
0 0.7083333333333334 0.6333333333333333 0.10208333333333333 0.1375
0 0.5645833333333333 0.64375 0.090625 0.12083333333333333
0 0.615625 0.7947916666666667 0.125 0.16041666666666668
0 0.8739583333333333 0.825 0.20833333333333334 0.29583333333333334
0 0.17291666666666666 0.903125 0.1625 0.19375