0 0.5864583333333333 0.3645833333333333 0.03958333333333333 0.05
0 0.5416666666666666 0.384375 0.0375 0.03958333333333333
0 0.6083333333333333 0.39791666666666664 0.034375 0.041666666666666664
0 0.6520833333333333 0.40625 0.052083333333333336 0.06666666666666667
0 0.575 0.4375 0.040625 0.05
0 0.49895833333333334 0.4395833333333333 0.04583333333333333 0.05416666666666667
0 0.153125 0.46041666666666664 0.084375 0.09583333333333334
0 0.7520833333333333 0.4822916666666667 0.15833333333333333 0.23958333333333334
0 0.5322916666666667 0.515625 0.07083333333333333 0.09791666666666667
0 0.6583333333333333 0.5354166666666667 0.13125 0.1875
0 0.5791666666666667 0.6708333333333333 0.09375 0.14583333333333334
0 0.95 0.7885416666666667 0.1 0.15625
0 0.640625 0.8927083333333333 0.14375 0.21458333333333332