0 0.5989583333333334 0.3625 0.06041666666666667 0.0875
0 0.2791666666666667 0.37083333333333335 0.0375 0.04583333333333333
0 0.5489583333333333 0.37916666666666665 0.04791666666666667 0.1
0 0.4875 0.40520833333333334 0.0375 0.05625
0 0.5770833333333333 0.41875 0.059375 0.10833333333333334
0 0.35833333333333334 0.42083333333333334 0.04583333333333333 0.05416666666666667
0 0.50625 0.45729166666666665 0.046875 0.06041666666666667
0 0.69375 0.47604166666666664 0.1125 0.10625
0 0.5520833333333334 0.5010416666666667 0.06458333333333334 0.07708333333333334
0 0.21458333333333332 0.515625 0.08958333333333333 0.13125
0 0.5479166666666667 0.603125 0.09166666666666666 0.18541666666666667
0 0.9260416666666667 0.74375 0.14791666666666667 0.2375
0 0.8270833333333333 0.803125 0.20208333333333334 0.3229166666666667
0 0.6458333333333334 0.8364583333333333 0.14166666666666666 0.22708333333333333