0 0.32708333333333334 0.37604166666666666 0.029166666666666667 0.035416666666666666
0 0.36666666666666664 0.41770833333333335 0.029166666666666667 0.03958333333333333
0 0.6229166666666667 0.4 0.041666666666666664 0.07916666666666666
0 0.19479166666666667 0.41354166666666664 0.11041666666666666 0.14791666666666667
0 0.28958333333333336 0.4375 0.041666666666666664 0.058333333333333334
0 0.50625 0.425 0.04375 0.06666666666666667
0 0.35208333333333336 0.46979166666666666 0.04583333333333333 0.06666666666666667
0 0.1625 0.559375 0.15 0.20416666666666666
0 0.6322916666666667 0.5729166666666666 0.07708333333333334 0.1125
0 0.28958333333333336 0.6197916666666666 0.0875 0.11041666666666666
0 0.7833333333333333 0.66875 0.16666666666666666 0.30416666666666664
0 0.93125 0.6697916666666667 0.134375 0.15208333333333332
0 0.6020833333333333 0.7625 0.11458333333333333 0.2125
0 0.153125 0.953125 0.171875 0.09270833333333334