0 0.37916666666666665 0.35520833333333335 0.027083333333333334 0.03125
0 0.5541666666666667 0.38229166666666664 0.065625 0.11041666666666666
0 0.640625 0.415625 0.05625 0.07291666666666667
0 0.49166666666666664 0.42083333333333334 0.040625 0.04583333333333333
0 0.5947916666666667 0.471875 0.05416666666666667 0.06458333333333334
0 0.6864583333333333 0.478125 0.06458333333333334 0.07708333333333334
0 0.13958333333333334 0.48020833333333335 0.07916666666666666 0.12291666666666666
0 0.33229166666666665 0.4979166666666667 0.06041666666666667 0.06666666666666667
0 0.5333333333333333 0.5145833333333333 0.058333333333333334 0.075
0 0.7770833333333333 0.534375 0.10208333333333333 0.14791666666666667
0 0.928125 0.646875 0.14375 0.35625
0 0.565625 0.6583333333333333 0.09375 0.11666666666666667
0 0.71875 0.6604166666666667 0.109375 0.1375
0 0.6989583333333333 0.9177083333333333 0.19166666666666668 0.16354166666666667