0 0.54375 0.3625 0.040625 0.06666666666666667
0 0.30416666666666664 0.36770833333333336 0.04583333333333333 0.05625
0 0.6395833333333333 0.415625 0.04375 0.06458333333333334
0 0.275 0.434375 0.046875 0.06041666666666667
0 0.503125 0.44166666666666665 0.040625 0.041666666666666664
0 0.5083333333333333 0.49166666666666664 0.04375 0.08333333333333333
0 0.64375 0.528125 0.05625 0.07708333333333334
0 0.5322916666666667 0.546875 0.078125 0.06875
0 0.54375 0.628125 0.084375 0.11979166666666667
0 0.965625 0.653125 0.06875 0.128125
0 0.7864583333333334 0.6447916666666667 0.18333333333333332 0.31875
0 0.5822916666666667 0.6958333333333333 0.08541666666666667 0.1125
0 0.61875 0.815625 0.13645833333333332 0.20729166666666668