0 0.353125 0.31875 0.0375 0.0625
0 0.5333333333333333 0.35520833333333335 0.041666666666666664 0.07708333333333334
0 0.4739583333333333 0.3572916666666667 0.03333333333333333 0.035416666666666666
0 0.371875 0.36770833333333336 0.034375 0.03958333333333333
0 0.30833333333333335 0.378125 0.06458333333333334 0.08125
0 0.5958333333333333 0.378125 0.04375 0.06875
0 0.23125 0.39166666666666666 0.053125 0.075
0 0.3541666666666667 0.43333333333333335 0.052083333333333336 0.06666666666666667
0 0.5583333333333333 0.5458333333333333 0.065625 0.09583333333333334
0 0.17916666666666667 0.5697916666666667 0.08958333333333333 0.11041666666666666
0 0.30625 0.6135416666666667 0.07708333333333334 0.096875
0 0.65 0.5427083333333333 0.06875 0.1