0 0.275 0.359375 0.041666666666666664 0.065625
0 0.5447916666666667 0.371875 0.06458333333333334 0.10208333333333333
0 0.359375 0.396875 0.03958333333333333 0.04895833333333333
0 0.484375 0.396875 0.0375 0.04791666666666667
0 0.6229166666666667 0.40208333333333335 0.04791666666666667 0.0625
0 0.5739583333333333 0.44166666666666665 0.052083333333333336 0.0625
0 0.6604166666666667 0.45 0.05 0.06666666666666667
0 0.5197916666666667 0.48125 0.05416666666666667 0.07083333333333333
0 0.7395833333333334 0.5041666666666667 0.084375 0.12916666666666668
0 0.6677083333333333 0.575 0.08541666666666667 0.1125
0 0.5427083333333333 0.5822916666666667 0.07708333333333334 0.09375
0 0.8979166666666667 0.5895833333333333 0.20416666666666666 0.32083333333333336
0 0.6364583333333333 0.8 0.14583333333333334 0.22916666666666666
0 0.22708333333333333 0.8020833333333334 0.13333333333333333 0.15416666666666667
0 0.03958333333333333 0.61875 0.07395833333333333 0.17395833333333333