0 0.24166666666666667 0.36041666666666666 0.07708333333333334 0.07083333333333333
0 0.33229166666666665 0.36770833333333336 0.029166666666666667 0.04375
0 0.56875 0.4114583333333333 0.040625 0.05625
0 0.3729166666666667 0.4270833333333333 0.04375 0.05416666666666667
0 0.5020833333333333 0.446875 0.04583333333333333 0.06458333333333334
0 0.22916666666666666 0.44895833333333335 0.121875 0.17708333333333334
0 0.11875 0.4666666666666667 0.109375 0.14583333333333334
0 0.6916666666666667 0.47604166666666664 0.07708333333333334 0.11458333333333333
0 0.5989583333333334 0.48854166666666665 0.05416666666666667 0.06458333333333334
0 0.534375 0.5229166666666667 0.059375 0.0875
0 0.6645833333333333 0.5583333333333333 0.1 0.14166666666666666
0 0.09583333333333334 0.6645833333333333 0.190625 0.3875
0 0.5854166666666667 0.73125 0.115625 0.17083333333333334