0 0.603125 0.3770833333333333 0.0375 0.06666666666666667
0 0.3770833333333333 0.384375 0.035416666666666666 0.05625
0 0.49583333333333335 0.396875 0.0375 0.06041666666666667
0 0.3145833333333333 0.4010416666666667 0.0375 0.04791666666666667
0 0.359375 0.45729166666666665 0.04375 0.05625
0 0.15104166666666666 0.45729166666666665 0.15416666666666667 0.20625
0 0.26458333333333334 0.48541666666666666 0.059375 0.07916666666666666
0 0.6052083333333333 0.50625 0.06458333333333334 0.0875
0 0.334375 0.5447916666666667 0.06875 0.08541666666666667
0 0.6989583333333333 0.5604166666666667 0.12083333333333333 0.2125
0 0.8427083333333333 0.6 0.10833333333333334 0.14166666666666666
0 0.55 0.603125 0.078125 0.13958333333333334
0 0.7916666666666666 0.6947916666666667 0.13958333333333334 0.21041666666666667
0 0.08645833333333333 0.715625 0.17291666666666666 0.34375
0 0.23333333333333334 0.803125 0.13541666666666666 0.18125
0 0.6291666666666667 0.8770833333333333 0.1375 0.20833333333333334