0 0.36041666666666666 0.33125 0.022916666666666665 0.0375
0 0.48020833333333335 0.3802083333333333 0.03333333333333333 0.04375
0 0.3145833333333333 0.3875 0.034375 0.05
0 0.6520833333333333 0.396875 0.09166666666666666 0.15625
0 0.4979166666666667 0.4114583333333333 0.03958333333333333 0.05625
0 0.5708333333333333 0.41458333333333336 0.07083333333333333 0.09583333333333334
0 0.3697916666666667 0.42083333333333334 0.03958333333333333 0.041666666666666664
0 0.5041666666666667 0.47708333333333336 0.046875 0.07083333333333333
0 0.24791666666666667 0.540625 0.07708333333333334 0.07708333333333334
0 0.665625 0.5697916666666667 0.065625 0.08958333333333333
0 0.5364583333333334 0.575 0.07083333333333333 0.10833333333333334
0 0.8666666666666667 0.7583333333333333 0.26458333333333334 0.48333333333333334
0 0.6541666666666667 0.9114583333333334 0.140625 0.17708333333333334