0 0.3104166666666667 0.35520833333333335 0.06458333333333334 0.09791666666666667
0 0.5583333333333333 0.40625 0.035416666666666666 0.04583333333333333
0 0.6416666666666667 0.41041666666666665 0.078125 0.10833333333333334
0 0.259375 0.41770833333333335 0.096875 0.14375
0 0.49583333333333335 0.41875 0.040625 0.05
0 0.3645833333333333 0.4375 0.046875 0.0625
0 0.17916666666666667 0.4427083333333333 0.065625 0.07708333333333334
0 0.5927083333333333 0.45416666666666666 0.04791666666666667 0.058333333333333334
0 0.10520833333333333 0.50625 0.09166666666666666 0.11666666666666667
0 0.6447916666666667 0.521875 0.07083333333333333 0.08958333333333333
0 0.5520833333333334 0.6083333333333333 0.075 0.11666666666666667
0 0.9166666666666666 0.6885416666666667 0.16041666666666668 0.21458333333333332
0 0.7645833333333333 0.7697916666666667 0.12708333333333333 0.15625
0 0.646875 0.884375 0.153125 0.22291666666666668