0 0.5052083333333334 0.32916666666666666 0.022916666666666665 0.03333333333333333
0 0.5375 0.34479166666666666 0.040625 0.08125
0 0.278125 0.35625 0.040625 0.058333333333333334
0 0.4739583333333333 0.3572916666666667 0.03333333333333333 0.04375
0 0.315625 0.3625 0.059375 0.0875
0 0.34791666666666665 0.4322916666666667 0.046875 0.05625
0 0.5260416666666666 0.5166666666666667 0.06666666666666667 0.10416666666666667
0 0.15416666666666667 0.5583333333333333 0.17291666666666666 0.23333333333333334
0 0.6854166666666667 0.59375 0.1 0.12916666666666668
0 0.27291666666666664 0.6822916666666666 0.10625 0.14791666666666667
0 0.03958333333333333 0.846875 0.075 0.30520833333333336