0 0.4875 0.39479166666666665 0.034375 0.04375
0 0.27395833333333336 0.39895833333333336 0.08541666666666667 0.12708333333333333
0 0.37395833333333334 0.40729166666666666 0.03958333333333333 0.052083333333333336
0 0.6541666666666667 0.415625 0.09375 0.12291666666666666
0 0.20416666666666666 0.41875 0.059375 0.06666666666666667
0 0.565625 0.42291666666666666 0.040625 0.05
0 0.5010416666666667 0.440625 0.04583333333333333 0.06041666666666667
0 0.146875 0.4708333333333333 0.075 0.1
0 0.6104166666666667 0.48541666666666666 0.05625 0.06666666666666667
0 0.6666666666666666 0.5552083333333333 0.07916666666666666 0.10625
0 0.05416666666666667 0.5645833333333333 0.10833333333333334 0.15833333333333333
0 0.56875 0.675 0.09375 0.15
0 0.271875 0.7510416666666667 0.1125 0.13958333333333334
0 0.9510416666666667 0.7770833333333333 0.09791666666666667 0.2708333333333333
0 0.828125 0.8895833333333333 0.159375 0.20416666666666666