0 0.33541666666666664 0.37604166666666666 0.0375 0.03958333333333333
0 0.559375 0.3958333333333333 0.05625 0.1
0 0.49583333333333335 0.40729166666666666 0.041666666666666664 0.05625
0 0.5947916666666667 0.42604166666666665 0.06666666666666667 0.13125
0 0.6895833333333333 0.4395833333333333 0.109375 0.14583333333333334
0 0.7677083333333333 0.4875 0.04583333333333333 0.07083333333333333
0 0.5208333333333334 0.49270833333333336 0.05416666666666667 0.07291666666666667
0 0.6604166666666667 0.5197916666666667 0.10208333333333333 0.18541666666666667
0 0.8864583333333333 0.625 0.22708333333333333 0.32083333333333336
0 0.5708333333333333 0.6520833333333333 0.0875 0.13333333333333333
0 0.8104166666666667 0.7604166666666666 0.13958333333333334 0.175
0 0.696875 0.9375 0.15 0.12395833333333334