0 0.621875 0.36666666666666664 0.071875 0.11666666666666667
0 0.559375 0.37395833333333334 0.06875 0.11875
0 0.5020833333333333 0.40208333333333335 0.06666666666666667 0.12083333333333333
0 0.6833333333333333 0.40208333333333335 0.04583333333333333 0.05
0 0.36666666666666664 0.41354166666666664 0.041666666666666664 0.04791666666666667
0 0.29583333333333334 0.41458333333333336 0.05 0.0625
0 0.16875 0.4552083333333333 0.10625 0.13541666666666666
0 0.6854166666666667 0.46875 0.058333333333333334 0.0875
0 0.25104166666666666 0.48333333333333334 0.06041666666666667 0.10416666666666667
0 0.34791666666666665 0.5177083333333333 0.06041666666666667 0.06458333333333334
0 0.7927083333333333 0.528125 0.09166666666666666 0.09791666666666667
0 0.13541666666666666 0.578125 0.125 0.16041666666666668
0 0.5760416666666667 0.7125 0.09791666666666667 0.13333333333333333
0 0.8729166666666667 0.7947916666666667 0.253125 0.41041666666666665