0 0.29270833333333335 0.428125 0.041666666666666664 0.06041666666666667
0 0.1375 0.47291666666666665 0.08854166666666667 0.10729166666666666
0 0.8447916666666667 0.5229166666666667 0.23020833333333332 0.26666666666666666
0 0.6739583333333333 0.55 0.11666666666666667 0.19791666666666666
0 0.18333333333333332 0.6125 0.08854166666666667 0.09791666666666667
0 0.5385416666666667 0.63125 0.08229166666666667 0.15833333333333333
0 0.8125 0.7354166666666667 0.10104166666666667 0.184375
0 0.5895833333333333 0.7958333333333333 0.11666666666666667 0.19375
0 0.64375 0.928125 0.17083333333333334 0.14375
0 0.9197916666666667 0.8260416666666667 0.16041666666666668 0.34375
0 0.65 0.39895833333333336 0.09166666666666666 0.10104166666666667
0 0.5333333333333333 0.521875 0.06041666666666667 0.06770833333333333
0 0.553125 0.38333333333333336 0.04583333333333333 0.078125