0 0.6239583333333333 0.3802083333333333 0.07291666666666667 0.11458333333333333
0 0.4864583333333333 0.39791666666666664 0.03958333333333333 0.04583333333333333
0 0.5666666666666667 0.409375 0.052083333333333336 0.09791666666666667
0 0.503125 0.4354166666666667 0.046875 0.06666666666666667
0 0.19895833333333332 0.44166666666666665 0.07083333333333333 0.0875
0 0.71875 0.48854166666666665 0.075 0.11458333333333333
0 0.6208333333333333 0.4947916666666667 0.06041666666666667 0.07708333333333334
0 0.24166666666666667 0.503125 0.06875 0.08541666666666667
0 0.5416666666666666 0.5802083333333333 0.07916666666666666 0.11458333333333333
0 0.24166666666666667 0.5833333333333334 0.084375 0.09583333333333334
0 0.8135416666666667 0.6072916666666667 0.10208333333333333 0.13958333333333334
0 0.6916666666666667 0.6416666666666667 0.09791666666666667 0.12916666666666668
0 0.27395833333333336 0.6822916666666666 0.10208333333333333 0.12291666666666666
0 0.7302083333333333 0.9354166666666667 0.18645833333333334 0.128125
0 0.9854166666666667 0.7645833333333333 0.029166666666666667 0.24166666666666667
0 0.271875 0.3416666666666667 0.059375 0.08229166666666667
0 0.33958333333333335 0.32916666666666666 0.04375 0.08333333333333333