0 0.5760416666666667 0.3458333333333333 0.042708333333333334 0.08020833333333334
0 0.5333333333333333 0.35833333333333334 0.05 0.08333333333333333
0 0.48333333333333334 0.36875 0.03333333333333333 0.041666666666666664
0 0.6270833333333333 0.375 0.03125 0.051041666666666666
0 0.26979166666666665 0.38958333333333334 0.03333333333333333 0.06666666666666667
0 0.31354166666666666 0.38645833333333335 0.057291666666666664 0.08958333333333333
0 0.6885416666666667 0.425 0.05 0.065625
0 0.36666666666666664 0.421875 0.04791666666666667 0.052083333333333336
0 0.5020833333333333 0.4427083333333333 0.05 0.07291666666666667
0 0.365625 0.4666666666666667 0.05 0.058333333333333334
0 0.8229166666666666 0.5114583333333333 0.058333333333333334 0.11875
0 0.765625 0.534375 0.096875 0.16458333333333333
0 0.5614583333333333 0.60625 0.08125 0.12395833333333334
0 0.7854166666666667 0.7135416666666666 0.12291666666666666 0.15833333333333333
0 0.16875 0.9489583333333333 0.16666666666666666 0.10208333333333333
0 0.021875 0.6270833333333333 0.042708333333333334 0.178125