0 0.5145833333333333 0.32916666666666666 0.034375 0.07083333333333333
0 0.5583333333333333 0.334375 0.035416666666666666 0.06458333333333334
0 0.3333333333333333 0.34479166666666666 0.05416666666666667 0.08541666666666667
0 0.284375 0.35 0.05625 0.07083333333333333
0 0.234375 0.384375 0.08125 0.08541666666666667
0 0.3770833333333333 0.3854166666666667 0.03125 0.041666666666666664
0 0.55 0.40208333333333335 0.0375 0.05416666666666667
0 0.50625 0.4197916666666667 0.040625 0.06875
0 0.34791666666666665 0.446875 0.04583333333333333 0.06041666666666667
0 0.25729166666666664 0.4479166666666667 0.10416666666666667 0.14583333333333334
0 0.14270833333333333 0.4708333333333333 0.07916666666666666 0.1125
0 0.2875 0.6270833333333333 0.1 0.125
0 0.8020833333333334 0.909375 0.16041666666666668 0.18125