0 0.5927083333333333 0.34270833333333334 0.04791666666666667 0.07708333333333334
0 0.540625 0.35833333333333334 0.059375 0.09583333333333334
0 0.203125 0.39895833333333336 0.084375 0.11458333333333333
0 0.30104166666666665 0.40208333333333335 0.06666666666666667 0.07083333333333333
0 0.49166666666666664 0.4322916666666667 0.03958333333333333 0.06458333333333334
0 0.3541666666666667 0.45416666666666666 0.046875 0.05416666666666667
0 0.271875 0.4625 0.059375 0.07083333333333333
0 0.6291666666666667 0.46458333333333335 0.10833333333333334 0.1875
0 0.18333333333333332 0.48125 0.06458333333333334 0.05416666666666667
0 0.803125 0.5489583333333333 0.146875 0.16041666666666668
0 0.5479166666666667 0.5916666666666667 0.07291666666666667 0.1125
0 0.746875 0.6020833333333333 0.1375 0.24583333333333332
0 0.15416666666666667 0.603125 0.12916666666666668 0.20208333333333334
0 0.225 0.8947916666666667 0.15625 0.20208333333333334