0 0.3260416666666667 0.353125 0.051041666666666666 0.08020833333333334
0 0.26145833333333335 0.4 0.05 0.06770833333333333
0 0.571875 0.39895833333333336 0.08125 0.13541666666666666
0 0.6854166666666667 0.43645833333333334 0.10625 0.14791666666666667
0 0.3489583333333333 0.45208333333333334 0.04791666666666667 0.05625
0 0.521875 0.5135416666666667 0.0625 0.09375
0 0.8291666666666667 0.5270833333333333 0.1375 0.13333333333333333
0 0.2 0.5322916666666667 0.071875 0.07708333333333334
0 0.6739583333333333 0.5697916666666667 0.078125 0.121875
0 0.11770833333333333 0.646875 0.12083333333333333 0.18125
0 0.28541666666666665 0.6979166666666666 0.09895833333333333 0.12604166666666666
0 0.8489583333333334 0.7635416666666667 0.30104166666666665 0.471875
0 0.6677083333333333 0.8114583333333333 0.140625 0.21458333333333332
0 0.478125 0.3572916666666667 0.05 0.10208333333333333