0 0.3770833333333333 0.3625 0.029166666666666667 0.03333333333333333
0 0.55 0.38125 0.046875 0.08333333333333333
0 0.48854166666666665 0.3958333333333333 0.035416666666666666 0.05
0 0.6770833333333334 0.421875 0.084375 0.12708333333333333
0 0.7395833333333334 0.4427083333333333 0.05416666666666667 0.06875
0 0.5104166666666666 0.44479166666666664 0.04375 0.06458333333333334
0 0.6270833333333333 0.46041666666666664 0.10208333333333333 0.16666666666666666
0 0.315625 0.553125 0.071875 0.11458333333333333
0 0.5583333333333333 0.6041666666666666 0.07916666666666666 0.1
0 0.8947916666666667 0.609375 0.21041666666666667 0.24791666666666667
0 0.7479166666666667 0.665625 0.12708333333333333 0.20625
0 0.6333333333333333 0.86875 0.13125 0.19583333333333333