0 0.5135416666666667 0.32708333333333334 0.041666666666666664 0.0625
0 0.3375 0.34375 0.051041666666666666 0.07291666666666667
0 0.2677083333333333 0.3645833333333333 0.04583333333333333 0.06666666666666667
0 0.3770833333333333 0.37604166666666666 0.0375 0.051041666666666666
0 0.5583333333333333 0.3854166666666667 0.05625 0.10416666666666667
0 0.484375 0.3927083333333333 0.0375 0.05625
0 0.6458333333333334 0.4322916666666667 0.078125 0.10625
0 0.2625 0.459375 0.0625 0.07708333333333334
0 0.3489583333333333 0.46875 0.04791666666666667 0.0625
0 0.178125 0.6302083333333334 0.09479166666666666 0.11354166666666667
0 0.24583333333333332 0.8135416666666667 0.12708333333333333 0.17708333333333334
0 0.6614583333333334 0.8104166666666667 0.12604166666666666 0.20625
0 0.8958333333333334 0.8854166666666666 0.16770833333333332 0.22916666666666666