0 0.5989583333333334 0.34479166666666666 0.052083333333333336 0.07708333333333334
0 0.5489583333333333 0.37083333333333335 0.06666666666666667 0.1
0 0.478125 0.371875 0.03125 0.04375
0 0.21458333333333332 0.38645833333333335 0.08333333333333333 0.09791666666666667
0 0.31354166666666666 0.390625 0.052083333333333336 0.06041666666666667
0 0.35833333333333334 0.4375 0.040625 0.05416666666666667
0 0.2791666666666667 0.4479166666666667 0.052083333333333336 0.0625
0 0.4979166666666667 0.44895833333333335 0.04791666666666667 0.07291666666666667
0 0.19791666666666666 0.45208333333333334 0.05416666666666667 0.05
0 0.646875 0.4739583333333333 0.115625 0.20208333333333334
0 0.17916666666666667 0.559375 0.109375 0.16458333333333333
0 0.8354166666666667 0.5854166666666667 0.171875 0.1875
0 0.559375 0.6416666666666667 0.0875 0.14166666666666666
0 0.784375 0.6510416666666666 0.1625 0.28125
0 0.2604166666666667 0.765625 0.12708333333333333 0.15625