0 0.5270833333333333 0.33541666666666664 0.034375 0.06666666666666667
0 0.25 0.359375 0.071875 0.08958333333333333
0 0.33125 0.36041666666666666 0.04375 0.05
0 0.48333333333333334 0.375 0.034375 0.041666666666666664
0 0.6333333333333333 0.38333333333333336 0.0625 0.1125
0 0.3770833333333333 0.38958333333333334 0.0375 0.05
0 0.5739583333333333 0.39895833333333336 0.08541666666666667 0.11458333333333333
0 0.4895833333333333 0.4010416666666667 0.034375 0.04791666666666667
0 0.30833333333333335 0.40208333333333335 0.03958333333333333 0.05
0 0.49270833333333336 0.41354166666666664 0.035416666666666666 0.04791666666666667
0 0.2604166666666667 0.4583333333333333 0.075 0.125
0 0.334375 0.5302083333333333 0.071875 0.08125
0 0.525 0.5375 0.065625 0.09166666666666666
0 0.078125 0.5625 0.15625 0.32083333333333336
0 0.7229166666666667 0.5729166666666666 0.17291666666666666 0.29583333333333334
0 0.17083333333333334 0.6114583333333333 0.09166666666666666 0.11041666666666666
0 0.271875 0.6979166666666666 0.109375 0.14166666666666666
0 0.9479166666666666 0.859375 0.10416666666666667 0.28020833333333334