0 0.3854166666666667 0.37916666666666665 0.03125 0.041666666666666664
0 0.48125 0.3802083333333333 0.034375 0.04791666666666667
0 0.6541666666666667 0.38958333333333334 0.0375 0.041666666666666664
0 0.6125 0.40208333333333335 0.0375 0.05
0 0.5604166666666667 0.4083333333333333 0.040625 0.0625
0 0.6645833333333333 0.44583333333333336 0.05416666666666667 0.06666666666666667
0 0.24583333333333332 0.45 0.07291666666666667 0.10833333333333334
0 0.3489583333333333 0.4822916666666667 0.05416666666666667 0.06458333333333334
0 0.146875 0.48541666666666666 0.059375 0.0875
0 0.5125 0.496875 0.05625 0.08125
0 0.19791666666666666 0.525 0.09375 0.15
0 0.6479166666666667 0.5645833333333333 0.071875 0.0875
0 0.8145833333333333 0.578125 0.19375 0.18958333333333333
0 0.30625 0.6020833333333333 0.078125 0.0875
0 0.55625 0.6083333333333333 0.08125 0.10833333333333334
0 0.0375 0.684375 0.075 0.13958333333333334
0 0.7854166666666667 0.734375 0.125 0.13541666666666666
0 0.24791666666666667 0.7635416666666667 0.125 0.14375
0 0.328125 0.340625 0.05416666666666667 0.084375