0 0.25833333333333336 0.34479166666666666 0.06666666666666667 0.06875
0 0.38125 0.38645833333333335 0.034375 0.03958333333333333
0 0.259375 0.4166666666666667 0.096875 0.15
0 0.17604166666666668 0.4197916666666667 0.08333333333333333 0.11041666666666666
0 0.5822916666666667 0.43020833333333336 0.04583333333333333 0.06041666666666667
0 0.5104166666666666 0.47291666666666665 0.053125 0.075
0 0.7270833333333333 0.509375 0.090625 0.13125
0 0.625 0.53125 0.065625 0.07916666666666666
0 0.13645833333333332 0.55625 0.19166666666666668 0.2708333333333333
0 0.5489583333333333 0.5645833333333333 0.07083333333333333 0.10833333333333334
0 0.7125 0.625 0.125 0.17083333333333334
0 0.2552083333333333 0.79375 0.12083333333333333 0.17083333333333334
0 0.6416666666666667 0.884375 0.15833333333333333 0.23125
0 0.5979166666666667 0.36354166666666665 0.057291666666666664 0.08125