0 0.23958333333333334 0.3802083333333333 0.08333333333333333 0.13125
0 0.3145833333333333 0.390625 0.0375 0.04791666666666667
0 0.58125 0.40520833333333334 0.059375 0.10208333333333333
0 0.49166666666666664 0.415625 0.03958333333333333 0.06875
0 0.2552083333333333 0.43854166666666666 0.04791666666666667 0.06041666666666667
0 0.684375 0.43854166666666666 0.053125 0.052083333333333336
0 0.6197916666666666 0.471875 0.06666666666666667 0.08958333333333333
0 0.5125 0.4791666666666667 0.046875 0.06666666666666667
0 0.33229166666666665 0.5083333333333333 0.06458333333333334 0.10416666666666667
0 0.7979166666666667 0.5239583333333333 0.14166666666666666 0.24791666666666667
0 0.22083333333333333 0.5302083333333333 0.0625 0.07291666666666667
0 0.5354166666666667 0.5802083333333333 0.07083333333333333 0.11041666666666666
0 0.7395833333333334 0.61875 0.2520833333333333 0.32083333333333336
0 0.6104166666666667 0.7666666666666667 0.121875 0.17916666666666667
0 0.27708333333333335 0.78125 0.109375 0.1375
0 0.0625 0.8385416666666666 0.125 0.16041666666666668