0 0.27708333333333335 0.3541666666666667 0.06666666666666667 0.10416666666666667
0 0.3416666666666667 0.3572916666666667 0.022916666666666665 0.035416666666666666
0 0.38333333333333336 0.3697916666666667 0.025 0.03125
0 0.2916666666666667 0.3927083333333333 0.06666666666666667 0.09791666666666667
0 0.3614583333333333 0.41354166666666664 0.035416666666666666 0.04791666666666667
0 0.6083333333333333 0.4354166666666667 0.09791666666666667 0.175
0 0.6708333333333333 0.4479166666666667 0.05625 0.09583333333333334
0 0.340625 0.4791666666666667 0.05625 0.0625
0 0.534375 0.48125 0.10625 0.1875
0 0.7395833333333334 0.5 0.090625 0.1375
0 0.225 0.5114583333333333 0.065625 0.07291666666666667
0 0.06041666666666667 0.5614583333333333 0.12083333333333333 0.16041666666666668
0 0.5854166666666667 0.6447916666666667 0.103125 0.15625
0 0.28229166666666666 0.6864583333333333 0.10208333333333333 0.13125
0 0.07083333333333333 0.7666666666666667 0.121875 0.17916666666666667
0 0.19375 0.9677083333333333 0.17291666666666666 0.06354166666666666