0 0.48020833333333335 0.37083333333333335 0.03958333333333333 0.05
0 0.3458333333333333 0.42291666666666666 0.04791666666666667 0.058333333333333334
0 0.49270833333333336 0.4270833333333333 0.04791666666666667 0.075
0 0.6083333333333333 0.4395833333333333 0.10625 0.2
0 0.16666666666666666 0.45 0.07916666666666666 0.1
0 0.6760416666666667 0.45625 0.04791666666666667 0.07916666666666666
0 0.76875 0.50625 0.15 0.22083333333333333
0 0.23125 0.5270833333333333 0.071875 0.08333333333333333
0 0.525 0.5354166666666667 0.0625 0.09166666666666666
0 0.9395833333333333 0.7145833333333333 0.12083333333333333 0.2791666666666667
0 0.5916666666666667 0.7197916666666667 0.121875 0.15208333333333332