0 0.5208333333333334 0.35520833333333335 0.028125 0.04375
0 0.4708333333333333 0.359375 0.03333333333333333 0.04791666666666667
0 0.3145833333333333 0.3625 0.06041666666666667 0.09166666666666666
0 0.29270833333333335 0.4010416666666667 0.05416666666666667 0.08958333333333333
0 0.5677083333333334 0.4125 0.04583333333333333 0.058333333333333334
0 0.3625 0.4239583333333333 0.040625 0.04791666666666667
0 0.6354166666666666 0.478125 0.08333333333333333 0.14791666666666667
0 0.3260416666666667 0.5072916666666667 0.06041666666666667 0.08125
0 0.035416666666666666 0.5895833333333333 0.07083333333333333 0.1625
0 0.10520833333333333 0.7354166666666667 0.21041666666666667 0.4708333333333333
0 0.546875 0.5885416666666666 0.06875 0.09583333333333334