0 0.5354166666666667 0.37395833333333334 0.04791666666666667 0.06875
0 0.23333333333333334 0.38333333333333336 0.05416666666666667 0.075
0 0.6458333333333334 0.4114583333333333 0.0625 0.10208333333333333
0 0.4979166666666667 0.4197916666666667 0.04375 0.06458333333333334
0 0.3572916666666667 0.43854166666666666 0.052083333333333336 0.06041666666666667
0 0.5760416666666667 0.44479166666666664 0.04583333333333333 0.05625
0 0.7375 0.46145833333333336 0.134375 0.18541666666666667
0 0.23854166666666668 0.4708333333333333 0.11458333333333333 0.15416666666666667
0 0.6125 0.4864583333333333 0.071875 0.11458333333333333
0 0.51875 0.5114583333333333 0.05625 0.08541666666666667
0 0.7270833333333333 0.6302083333333334 0.128125 0.21875
0 0.5739583333333333 0.6541666666666667 0.09583333333333334 0.14583333333333334