0 0.25416666666666665 0.3625 0.07916666666666666 0.11666666666666667
0 0.6364583333333333 0.41458333333333336 0.035416666666666666 0.05416666666666667
0 0.27708333333333335 0.4197916666666667 0.052083333333333336 0.06875
0 0.5927083333333333 0.42291666666666666 0.06041666666666667 0.12916666666666668
0 0.4979166666666667 0.43125 0.041666666666666664 0.07083333333333333
0 0.6958333333333333 0.45208333333333334 0.058333333333333334 0.07083333333333333
0 0.6291666666666667 0.47708333333333336 0.075 0.10833333333333334
0 0.34375 0.48333333333333334 0.065625 0.09583333333333334
0 0.23958333333333334 0.503125 0.058333333333333334 0.06875
0 0.5177083333333333 0.509375 0.058333333333333334 0.07708333333333334
0 0.825 0.540625 0.153125 0.24791666666666667
0 0.5489583333333333 0.6229166666666667 0.08333333333333333 0.12916666666666668
0 0.7791666666666667 0.66875 0.31666666666666665 0.4083333333333333
0 0.2989583333333333 0.696875 0.09583333333333334 0.11458333333333333
0 0.10625 0.7510416666666667 0.125 0.14375
0 0.6479166666666667 0.8739583333333333 0.14791666666666667 0.23541666666666666
0 0.040625 0.5947916666666667 0.078125 0.2520833333333333