0 0.284375 0.34479166666666666 0.0625 0.10208333333333333
0 0.34791666666666665 0.353125 0.022916666666666665 0.035416666666666666
0 0.3854166666666667 0.3614583333333333 0.025 0.03125
0 0.4864583333333333 0.38125 0.035416666666666666 0.04583333333333333
0 0.30104166666666665 0.38229166666666664 0.06666666666666667 0.09791666666666667
0 0.3614583333333333 0.41354166666666664 0.035416666666666666 0.04791666666666667
0 0.6145833333333334 0.44583333333333336 0.10416666666666667 0.18333333333333332
0 0.6770833333333334 0.446875 0.05625 0.08541666666666667
0 0.34375 0.475 0.05625 0.0625
0 0.534375 0.48125 0.10625 0.1875
0 0.234375 0.49895833333333334 0.0625 0.07291666666666667
0 0.7520833333333333 0.5104166666666666 0.090625 0.1375
0 0.075 0.54375 0.109375 0.15
0 0.28958333333333336 0.6510416666666666 0.09166666666666666 0.11458333333333333
0 0.596875 0.66875 0.10625 0.1625
0 0.09791666666666667 0.7229166666666667 0.109375 0.15833333333333333
0 0.209375 0.9260416666666667 0.1625 0.14791666666666667