0 0.5791666666666667 0.334375 0.053125 0.08541666666666667
0 0.5333333333333333 0.35208333333333336 0.05 0.08958333333333333
0 0.48125 0.3645833333333333 0.034375 0.04791666666666667
0 0.6229166666666667 0.37083333333333335 0.035416666666666666 0.036458333333333336
0 0.30625 0.3885416666666667 0.05416666666666667 0.08958333333333333
0 0.6822916666666666 0.42083333333333334 0.046875 0.06458333333333334
0 0.49895833333333334 0.43645833333333334 0.046875 0.06458333333333334
0 0.36041666666666666 0.47604166666666664 0.052083333333333336 0.06875
0 0.7520833333333333 0.5145833333333333 0.09375 0.14895833333333333
0 0.5541666666666667 0.5875 0.07604166666666666 0.11145833333333334
0 0.7645833333333333 0.6895833333333333 0.11145833333333334 0.15416666666666667
0 0.94375 0.7510416666666667 0.1125 0.2864583333333333
0 0.6833333333333333 0.9572916666666667 0.14791666666666667 0.08541666666666667