0 0.5302083333333333 0.3614583333333333 0.035416666666666666 0.052083333333333336
0 0.2677083333333333 0.3697916666666667 0.058333333333333334 0.08541666666666667
0 0.37916666666666665 0.38229166666666664 0.04375 0.035416666666666666
0 0.38229166666666664 0.4197916666666667 0.03958333333333333 0.03958333333333333
0 0.5833333333333334 0.4239583333333333 0.078125 0.1125
0 0.6635416666666667 0.42604166666666665 0.07083333333333333 0.13541666666666666
0 0.27291666666666664 0.46770833333333334 0.05416666666666667 0.07291666666666667
0 0.521875 0.484375 0.059375 0.07291666666666667
0 0.20833333333333334 0.540625 0.0875 0.11770833333333333
0 0.8447916666666667 0.5572916666666666 0.08958333333333333 0.11458333333333333
0 0.034375 0.5802083333333333 0.06875 0.19375
0 0.30833333333333335 0.621875 0.078125 0.11770833333333333
0 0.058333333333333334 0.7364583333333333 0.11354166666666667 0.13229166666666667
0 0.6583333333333333 0.8947916666666667 0.15 0.21041666666666667