0 0.315625 0.40625 0.03854166666666667 0.05
0 0.209375 0.41041666666666665 0.06041666666666667 0.08125
0 0.6520833333333333 0.4083333333333333 0.09375 0.109375
0 0.6239583333333333 0.509375 0.07395833333333333 0.13020833333333334
0 0.528125 0.5270833333333333 0.06458333333333334 0.078125
0 0.6895833333333333 0.5697916666666667 0.11770833333333333 0.21770833333333334
0 0.8770833333333333 0.5958333333333333 0.24583333333333332 0.3875
0 0.575 0.5979166666666667 0.07395833333333333 0.11354166666666667
0 0.303125 0.609375 0.075 0.09583333333333334
0 0.5395833333333333 0.6479166666666667 0.08541666666666667 0.165625
0 0.60625 0.8708333333333333 0.1375 0.22916666666666666
0 0.9208333333333333 0.875 0.15833333333333333 0.25
0 0.14375 0.8927083333333333 0.14166666666666666 0.16041666666666668
0 0.5520833333333334 0.3854166666666667 0.052083333333333336 0.08854166666666667