0 0.6020833333333333 0.378125 0.034375 0.06875
0 0.3770833333333333 0.384375 0.035416666666666666 0.05625
0 0.49375 0.39479166666666665 0.0375 0.06041666666666667
0 0.3145833333333333 0.4010416666666667 0.0375 0.04791666666666667
0 0.359375 0.45729166666666665 0.04375 0.05625
0 0.14166666666666666 0.46770833333333334 0.15833333333333333 0.20208333333333334
0 0.6041666666666666 0.49270833333333336 0.06041666666666667 0.08125
0 0.25729166666666664 0.49895833333333334 0.06041666666666667 0.07708333333333334
0 0.6854166666666667 0.54375 0.1125 0.20833333333333334
0 0.32708333333333334 0.559375 0.07291666666666667 0.08958333333333333
0 0.8260416666666667 0.5822916666666667 0.10208333333333333 0.13125
0 0.5458333333333333 0.5864583333333333 0.078125 0.13958333333333334
0 0.7708333333333334 0.6635416666666667 0.12916666666666668 0.20208333333333334
0 0.078125 0.7697916666666667 0.15625 0.38125
0 0.61875 0.825 0.115625 0.1875
0 0.21354166666666666 0.8604166666666667 0.15416666666666667 0.20416666666666666