0 0.5927083333333333 0.425 0.09791666666666667 0.14791666666666667
0 0.7041666666666667 0.4791666666666667 0.09166666666666666 0.1
0 0.7979166666666667 0.553125 0.11041666666666666 0.15520833333333334
0 0.5333333333333333 0.5604166666666667 0.06875 0.10416666666666667
0 0.07916666666666666 0.5979166666666667 0.11145833333333334 0.14583333333333334
0 0.553125 0.6583333333333333 0.1 0.14583333333333334
0 0.7625 0.70625 0.11979166666666667 0.17916666666666667
0 0.5989583333333334 0.7541666666666667 0.11458333333333333 0.178125
0 0.240625 0.81875 0.12291666666666666 0.16666666666666666
0 0.659375 0.9072916666666667 0.16354166666666667 0.18541666666666667
0 0.5114583333333333 0.49583333333333335 0.05520833333333333 0.075
0 0.375 0.3729166666666667 0.036458333333333336 0.04375
0 0.65 0.39375 0.0625 0.09479166666666666