0 0.36666666666666664 0.4114583333333333 0.040625 0.052083333333333336
0 0.29583333333333334 0.4114583333333333 0.04375 0.052083333333333336
0 0.634375 0.4197916666666667 0.04375 0.04791666666666667
0 0.23333333333333334 0.42604166666666665 0.04791666666666667 0.05625
0 0.5833333333333334 0.4395833333333333 0.046875 0.058333333333333334
0 0.7010416666666667 0.459375 0.07708333333333334 0.11875
0 0.5125 0.46979166666666666 0.05 0.07708333333333334
0 0.6125 0.475 0.05625 0.07916666666666666
0 0.665625 0.5520833333333334 0.096875 0.15833333333333333
0 0.7802083333333333 0.5625 0.09791666666666667 0.1125
0 0.571875 0.6260416666666667 0.0875 0.12708333333333333
0 0.8708333333333333 0.8666666666666667 0.209375 0.2625
0 0.20416666666666666 0.896875 0.16041666666666668 0.20625