0 0.32916666666666666 0.3572916666666667 0.06458333333333334 0.08125
0 0.4791666666666667 0.36875 0.03333333333333333 0.04583333333333333
0 0.5458333333333333 0.36875 0.041666666666666664 0.0875
0 0.37083333333333335 0.4 0.04375 0.0625
0 0.621875 0.4010416666666667 0.05 0.07708333333333334
0 0.23958333333333334 0.49375 0.065625 0.08333333333333333
0 0.33541666666666664 0.5135416666666667 0.05 0.06041666666666667
0 0.6041666666666666 0.6625 0.08333333333333333 0.14583333333333334
0 0.753125 0.684375 0.11875 0.14791666666666667
0 0.078125 0.7708333333333334 0.1375 0.15208333333333332
0 0.2520833333333333 0.375 0.040625 0.0625