0 0.6083333333333333 0.359375 0.053125 0.09791666666666667
0 0.5520833333333334 0.37083333333333335 0.07083333333333333 0.1
0 0.22708333333333333 0.37604166666666666 0.07708333333333334 0.09791666666666667
0 0.32083333333333336 0.3770833333333333 0.04375 0.05
0 0.48333333333333334 0.384375 0.034375 0.04791666666666667
0 0.365625 0.4125 0.040625 0.05416666666666667
0 0.28958333333333336 0.4270833333333333 0.046875 0.058333333333333334
0 0.5020833333333333 0.4708333333333333 0.04791666666666667 0.07916666666666666
0 0.665625 0.5052083333333334 0.13125 0.23125
0 0.22083333333333333 0.5083333333333333 0.09375 0.15416666666666667
0 0.0375 0.60625 0.075 0.31666666666666665
0 0.9041666666666667 0.6364583333333333 0.190625 0.23958333333333334
0 0.296875 0.65 0.09375 0.125
0 0.8572916666666667 0.740625 0.19583333333333333 0.34375
0 0.5916666666666667 0.7416666666666667 0.103125 0.17083333333333334
0 0.065625 0.7822916666666667 0.13125 0.15208333333333332
0 0.190625 0.9239583333333333 0.175 0.15208333333333332