0 0.6822916666666666 0.5395833333333333 0.16979166666666667 0.25833333333333336
0 0.628125 0.7875 0.13541666666666666 0.190625
0 0.88125 0.65625 0.121875 0.15833333333333333
0 0.54375 0.5760416666666667 0.075 0.12083333333333333
0 0.503125 0.48541666666666666 0.051041666666666666 0.06875
0 0.21666666666666667 0.521875 0.09479166666666666 0.12083333333333333
0 0.3572916666666667 0.43854166666666666 0.040625 0.06770833333333333
0 0.49166666666666664 0.4322916666666667 0.046875 0.05625
0 0.5760416666666667 0.41041666666666665 0.05625 0.1
0 0.5270833333333333 0.340625 0.05416666666666667 0.1
0 0.6322916666666667 0.359375 0.058333333333333334 0.075