0 0.5520833333333334 0.3875 0.052083333333333336 0.08333333333333333
0 0.625 0.3958333333333333 0.058333333333333334 0.09270833333333334
0 0.70625 0.44583333333333336 0.075 0.10416666666666667
0 0.5052083333333334 0.4583333333333333 0.05 0.05520833333333333
0 0.5197916666666667 0.5041666666666667 0.05625 0.06666666666666667
0 0.778125 0.5114583333333333 0.115625 0.14791666666666667
0 0.665625 0.5541666666666667 0.10104166666666667 0.20208333333333334
0 0.5322916666666667 0.6135416666666667 0.078125 0.15208333333333332
0 0.8583333333333333 0.7072916666666667 0.21145833333333333 0.3125
0 0.578125 0.740625 0.109375 0.16770833333333332
0 0.6104166666666667 0.8666666666666667 0.13854166666666667 0.22083333333333333
0 0.9239583333333333 0.84375 0.15208333333333332 0.3125
0 0.64375 0.9479166666666666 0.15520833333333334 0.10416666666666667
0 0.378125 0.37083333333333335 0.030208333333333334 0.036458333333333336
0 0.3072916666666667 0.34479166666666666 0.027083333333333334 0.034375
0 0.33958333333333335 0.35520833333333335 0.029166666666666667 0.042708333333333334
0 0.384375 0.340625 0.026041666666666668 0.03125