0 0.484375 0.38229166666666664 0.040625 0.05416666666666667
0 0.36770833333333336 0.41354166666666664 0.03854166666666667 0.05
0 0.23958333333333334 0.46875 0.08645833333333333 0.128125
0 0.653125 0.503125 0.09895833333333333 0.178125
0 0.3385416666666667 0.509375 0.06041666666666667 0.0875
0 0.13125 0.5208333333333334 0.06770833333333333 0.06770833333333333
0 0.8395833333333333 0.5666666666666667 0.178125 0.24166666666666667
0 0.053125 0.5989583333333334 0.09270833333333334 0.09166666666666666
0 0.28854166666666664 0.675 0.09270833333333334 0.115625
0 0.06979166666666667 0.7677083333333333 0.13958333333333334 0.24166666666666667
0 0.17916666666666667 0.9125 0.21458333333333332 0.175
0 0.5447916666666667 0.35520833333333335 0.06041666666666667 0.10416666666666667