0 0.56875 0.3885416666666667 0.075 0.125
0 0.6541666666666667 0.425 0.07083333333333333 0.08958333333333333
0 0.334375 0.46979166666666666 0.058333333333333334 0.07395833333333333
0 0.7208333333333333 0.484375 0.08854166666666667 0.12395833333333334
0 0.5114583333333333 0.49895833333333334 0.058333333333333334 0.1
0 0.8052083333333333 0.5010416666666667 0.07916666666666666 0.08958333333333333
0 0.5333333333333333 0.5604166666666667 0.075 0.10833333333333334
0 0.5458333333333333 0.6385416666666667 0.09166666666666666 0.14791666666666667
0 0.7135416666666666 0.634375 0.09479166666666666 0.13854166666666667
0 0.5864583333333333 0.728125 0.11145833333333334 0.17291666666666666
0 0.884375 0.7791666666666667 0.23125 0.44166666666666665
0 0.6416666666666667 0.88125 0.153125 0.2375