0 0.5208333333333334 0.33229166666666665 0.034375 0.06041666666666667
0 0.33541666666666664 0.340625 0.05416666666666667 0.08541666666666667
0 0.5645833333333333 0.34270833333333334 0.035416666666666666 0.06458333333333334
0 0.2875 0.34375 0.05625 0.07083333333333333
0 0.38229166666666664 0.36770833333333336 0.03333333333333333 0.03958333333333333
0 0.23541666666666666 0.38229166666666664 0.08333333333333333 0.08541666666666667
0 0.278125 0.42083333333333334 0.090625 0.12916666666666668
0 0.17708333333333334 0.4427083333333333 0.075 0.10208333333333333
0 0.5177083333333333 0.44895833333333335 0.04791666666666667 0.07708333333333334
0 0.315625 0.5447916666666667 0.078125 0.10625
0 0.5697916666666667 0.43125 0.042708333333333334 0.06666666666666667
0 0.027083333333333334 0.8645833333333334 0.053125 0.21666666666666667
0 0.35833333333333334 0.415625 0.0375 0.052083333333333336