0 0.5572916666666666 0.37083333333333335 0.052083333333333336 0.0875
0 0.31354166666666666 0.3802083333333333 0.04583333333333333 0.07291666666666667
0 0.3729166666666667 0.396875 0.04375 0.04375
0 0.49270833333333336 0.41354166666666664 0.035416666666666666 0.04375
0 0.5729166666666666 0.41458333333333336 0.029166666666666667 0.07083333333333333
0 0.18958333333333333 0.41875 0.11875 0.16666666666666666
0 0.28229166666666666 0.43645833333333334 0.04791666666666667 0.05625
0 0.35208333333333336 0.44895833333333335 0.040625 0.05625
0 0.71875 0.459375 0.1 0.18125
0 0.5041666666666667 0.46979166666666666 0.052083333333333336 0.08125
0 0.6458333333333334 0.48854166666666665 0.153125 0.23958333333333334
0 0.18854166666666666 0.5270833333333333 0.07708333333333334 0.08333333333333333
0 0.5395833333333333 0.5625 0.07083333333333333 0.10416666666666667
0 0.28958333333333336 0.6604166666666667 0.12916666666666668 0.18333333333333332
0 0.121875 0.6802083333333333 0.1125 0.10625