0 0.540625 0.35833333333333334 0.0625 0.0875
0 0.3614583333333333 0.434375 0.041666666666666664 0.052083333333333336
0 0.5854166666666667 0.4354166666666667 0.08333333333333333 0.15833333333333333
0 0.2625 0.44166666666666665 0.046875 0.05416666666666667
0 0.6572916666666667 0.5 0.12291666666666666 0.22916666666666666
0 0.5145833333333333 0.50625 0.06458333333333334 0.0875
0 0.7604166666666666 0.5260416666666666 0.065625 0.07291666666666667
0 0.7947916666666667 0.55625 0.06666666666666667 0.058333333333333334
0 0.5520833333333334 0.5729166666666666 0.096875 0.12083333333333333
0 0.859375 0.6041666666666666 0.09375 0.07083333333333333
0 0.69375 0.6145833333333334 0.0875 0.1375
0 0.559375 0.6552083333333333 0.096875 0.11875
0 0.5802083333333333 0.75625 0.11666666666666667 0.17083333333333334
0 0.8802083333333334 0.8104166666666667 0.23958333333333334 0.37916666666666665
0 0.6479166666666667 0.8989583333333333 0.15 0.19791666666666666