0 0.36666666666666664 0.41041666666666665 0.040625 0.05
0 0.5958333333333333 0.4479166666666667 0.058333333333333334 0.08333333333333333
0 0.7416666666666667 0.5229166666666667 0.075 0.07916666666666666
0 0.5375 0.5572916666666666 0.06875 0.09791666666666667
0 0.29791666666666666 0.578125 0.078125 0.09791666666666667
0 0.6916666666666667 0.6239583333333333 0.09375 0.12708333333333333
0 0.9541666666666667 0.6927083333333334 0.09166666666666666 0.21875
0 0.8333333333333334 0.7333333333333333 0.190625 0.3125
0 0.6145833333333334 0.771875 0.128125 0.18125
0 0.553125 0.39791666666666664 0.051041666666666666 0.06875
0 0.49583333333333335 0.40625 0.03854166666666667 0.05416666666666667
0 0.603125 0.38229166666666664 0.04583333333333333 0.052083333333333336