0 0.31979166666666664 0.31666666666666665 0.03333333333333333 0.04583333333333333
0 0.38958333333333334 0.340625 0.027083333333333334 0.035416666666666666
0 0.5979166666666667 0.3458333333333333 0.059375 0.10416666666666667
0 0.5458333333333333 0.35833333333333334 0.06458333333333334 0.10833333333333334
0 0.275 0.36041666666666666 0.04375 0.058333333333333334
0 0.32395833333333335 0.36354166666666665 0.035416666666666666 0.06041666666666667
0 0.4864583333333333 0.37395833333333334 0.058333333333333334 0.09791666666666667
0 0.3729166666666667 0.3802083333333333 0.035416666666666666 0.04791666666666667
0 0.665625 0.38958333333333334 0.034375 0.041666666666666664
0 0.5208333333333334 0.50625 0.06041666666666667 0.07916666666666666
0 0.6958333333333333 0.5666666666666667 0.18541666666666667 0.29583333333333334
0 0.8583333333333333 0.58125 0.21666666666666667 0.25833333333333336
0 0.315625 0.5989583333333334 0.078125 0.09791666666666667
0 0.15416666666666667 0.609375 0.140625 0.16458333333333333