0 0.3802083333333333 0.3572916666666667 0.035416666666666666 0.04375
0 0.5385416666666667 0.3614583333333333 0.04583333333333333 0.07291666666666667
0 0.28020833333333334 0.3697916666666667 0.03958333333333333 0.04375
0 0.640625 0.38958333333333334 0.06875 0.1125
0 0.5020833333333333 0.41041666666666665 0.034375 0.05
0 0.5895833333333333 0.41041666666666665 0.08125 0.12916666666666668
0 0.7041666666666667 0.415625 0.041666666666666664 0.052083333333333336
0 0.346875 0.43645833333333334 0.05 0.06458333333333334
0 0.5239583333333333 0.4979166666666667 0.05416666666666667 0.07083333333333333
0 0.7729166666666667 0.509375 0.15625 0.17291666666666666
0 0.6520833333333333 0.5354166666666667 0.078125 0.14166666666666666
0 0.55 0.6104166666666667 0.075 0.10416666666666667
0 0.7645833333333333 0.659375 0.17083333333333334 0.30625
0 0.6625 0.8979166666666667 0.15833333333333333 0.203125