0 0.2833333333333333 0.3489583333333333 0.041666666666666664 0.06041666666666667
0 0.5458333333333333 0.378125 0.06458333333333334 0.10208333333333333
0 0.36875 0.378125 0.034375 0.04375
0 0.5989583333333334 0.38125 0.03958333333333333 0.05
0 0.6291666666666667 0.41041666666666665 0.04791666666666667 0.0625
0 0.490625 0.4114583333333333 0.0375 0.04791666666666667
0 0.5854166666666667 0.45625 0.052083333333333336 0.0625
0 0.6697916666666667 0.46041666666666664 0.06041666666666667 0.07083333333333333
0 0.5239583333333333 0.49166666666666664 0.05416666666666667 0.07083333333333333
0 0.7447916666666666 0.5083333333333333 0.09583333333333334 0.1375
0 0.06041666666666667 0.5604166666666667 0.12083333333333333 0.15833333333333333
0 0.6833333333333333 0.59375 0.1 0.125
0 0.55 0.603125 0.08125 0.10625
0 0.2791666666666667 0.6489583333333333 0.103125 0.11041666666666666
0 0.6541666666666667 0.8489583333333334 0.17083333333333334 0.24375
0 0.9041666666666667 0.6322916666666667 0.19166666666666668 0.3729166666666667