0 0.37604166666666666 0.37604166666666666 0.035416666666666666 0.04375
0 0.6322916666666667 0.38125 0.07708333333333334 0.125
0 0.315625 0.384375 0.046875 0.05625
0 0.565625 0.3854166666666667 0.075 0.12916666666666668
0 0.20625 0.41458333333333336 0.0875 0.10416666666666667
0 0.5083333333333333 0.41875 0.084375 0.1375
0 0.2833333333333333 0.43020833333333336 0.06458333333333334 0.08958333333333333
0 0.721875 0.4395833333333333 0.053125 0.058333333333333334
0 0.3614583333333333 0.44895833333333335 0.04791666666666667 0.05625
0 0.21354166666666666 0.4875 0.09583333333333334 0.10416666666666667
0 0.7041666666666667 0.4875 0.06875 0.10416666666666667
0 0.84375 0.5885416666666666 0.11875 0.18125
0 0.10416666666666667 0.6666666666666666 0.15 0.225
0 0.2708333333333333 0.715625 0.11458333333333333 0.13541666666666666
0 0.6208333333333333 0.8614583333333333 0.14166666666666666 0.19791666666666666