0 0.33125 0.33958333333333335 0.05 0.0875
0 0.2552083333333333 0.35833333333333334 0.06666666666666667 0.09166666666666666
0 0.615625 0.37395833333333334 0.06875 0.11041666666666666
0 0.5583333333333333 0.403125 0.04791666666666667 0.09375
0 0.5010416666666667 0.425 0.041666666666666664 0.058333333333333334
0 0.6958333333333333 0.46770833333333334 0.06666666666666667 0.10625
0 0.6041666666666666 0.471875 0.05625 0.07291666666666667
0 0.16041666666666668 0.4875 0.08333333333333333 0.1
0 0.5270833333333333 0.5416666666666666 0.071875 0.09583333333333334
0 0.21770833333333334 0.5447916666666667 0.07708333333333334 0.10208333333333333
0 0.7729166666666667 0.5677083333333334 0.084375 0.11875
0 0.6604166666666667 0.5916666666666667 0.08541666666666667 0.1125
0 0.13229166666666667 0.7427083333333333 0.12708333333333333 0.14375
0 0.6604166666666667 0.8458333333333333 0.15 0.225
0 0.20416666666666666 0.9041666666666667 0.153125 0.19166666666666668