0 0.4666666666666667 0.32708333333333334 0.040625 0.0625
0 0.51875 0.3385416666666667 0.040625 0.06875
0 0.47604166666666664 0.3572916666666667 0.035416666666666666 0.03125
0 0.38125 0.35833333333333334 0.034375 0.04583333333333333
0 0.33229166666666665 0.3614583333333333 0.03333333333333333 0.03958333333333333
0 0.54375 0.3697916666666667 0.05625 0.08958333333333333
0 0.4791666666666667 0.38333333333333336 0.03125 0.0375
0 0.6604166666666667 0.396875 0.09583333333333334 0.11875
0 0.49270833333333336 0.40729166666666666 0.03958333333333333 0.03125
0 0.5458333333333333 0.4197916666666667 0.022916666666666665 0.052083333333333336
0 0.5947916666666667 0.440625 0.09583333333333334 0.16458333333333333
0 0.49895833333333334 0.4479166666666667 0.052083333333333336 0.05416666666666667
0 0.5135416666666667 0.4864583333333333 0.06041666666666667 0.06041666666666667
0 0.5239583333333333 0.5302083333333333 0.06666666666666667 0.08125
0 0.7958333333333333 0.5489583333333333 0.07083333333333333 0.09375
0 0.7020833333333333 0.55625 0.17291666666666666 0.2708333333333333
0 0.06979166666666667 0.5572916666666666 0.13958333333333334 0.23541666666666666
0 0.3229166666666667 0.5625 0.071875 0.08333333333333333
0 0.5479166666666667 0.6010416666666667 0.084375 0.11875
0 0.86875 0.6541666666666667 0.115625 0.13333333333333333
0 0.6145833333333334 0.76875 0.13125 0.2375