0 0.48854166666666665 0.396875 0.035416666666666666 0.052083333333333336
0 0.2760416666666667 0.41875 0.058333333333333334 0.09583333333333334
0 0.3645833333333333 0.4239583333333333 0.041666666666666664 0.04791666666666667
0 0.6333333333333333 0.425 0.04375 0.058333333333333334
0 0.578125 0.43020833333333336 0.040625 0.06458333333333334
0 0.19791666666666666 0.4354166666666667 0.046875 0.07083333333333333
0 0.7166666666666667 0.43854166666666666 0.053125 0.06041666666666667
0 0.24791666666666667 0.46041666666666664 0.06666666666666667 0.125
0 0.6958333333333333 0.47708333333333336 0.06666666666666667 0.07916666666666666
0 0.34270833333333334 0.4947916666666667 0.05416666666666667 0.06041666666666667
0 0.528125 0.5479166666666667 0.06875 0.1
0 0.13541666666666666 0.565625 0.08541666666666667 0.09791666666666667
0 0.315625 0.575 0.075 0.09166666666666666
0 0.7020833333333333 0.6541666666666667 0.09166666666666666 0.12083333333333333
0 0.8916666666666667 0.6791666666666667 0.21666666666666667 0.24166666666666667
0 0.26666666666666666 0.7072916666666667 0.11041666666666666 0.13958333333333334
0 0.6 0.7333333333333333 0.1125 0.15416666666666667
0 0.9135416666666667 0.9125 0.17291666666666666 0.175
0 0.09895833333333333 0.925 0.17708333333333334 0.15