0 0.56875 0.3885416666666667 0.06875 0.13541666666666666
0 0.6375 0.4 0.059375 0.09166666666666666
0 0.4979166666666667 0.45 0.04583333333333333 0.075
0 0.26458333333333334 0.45729166666666665 0.052083333333333336 0.06041666666666667
0 0.5208333333333334 0.490625 0.059375 0.07291666666666667
0 0.09895833333333333 0.503125 0.12916666666666668 0.17291666666666666
0 0.5208333333333334 0.5427083333333333 0.071875 0.09791666666666667
0 0.7 0.5510416666666667 0.153125 0.21875
0 0.553125 0.6083333333333333 0.075 0.125
0 0.578125 0.6864583333333333 0.1 0.15208333333333332
0 0.6260416666666667 0.8666666666666667 0.13541666666666666 0.20416666666666666