0 0.30104166666666665 0.4010416666666667 0.058333333333333334 0.09270833333333334
0 0.49583333333333335 0.44479166666666664 0.046875 0.06875
0 0.6989583333333333 0.47708333333333336 0.03333333333333333 0.075
0 0.22604166666666667 0.484375 0.07395833333333333 0.103125
0 0.628125 0.46458333333333335 0.13333333333333333 0.23229166666666667
0 0.528125 0.5260416666666666 0.07083333333333333 0.08541666666666667
0 0.5510416666666667 0.61875 0.07708333333333334 0.12916666666666668
0 0.9541666666666667 0.6677083333333333 0.090625 0.11145833333333334
0 0.278125 0.690625 0.09166666666666666 0.11458333333333333
0 0.7822916666666667 0.66875 0.228125 0.30833333333333335
0 0.5979166666666667 0.76875 0.11875 0.159375