0 0.30520833333333336 0.32395833333333335 0.04583333333333333 0.07708333333333334
0 0.32395833333333335 0.359375 0.041666666666666664 0.06458333333333334
0 0.23333333333333334 0.38333333333333336 0.0625 0.0875
0 0.553125 0.3875 0.046875 0.0875
0 0.3770833333333333 0.3927083333333333 0.03958333333333333 0.04375
0 0.6895833333333333 0.42291666666666666 0.1125 0.18333333333333332
0 0.5708333333333333 0.4239583333333333 0.03333333333333333 0.052083333333333336
0 0.35208333333333336 0.45416666666666666 0.04791666666666667 0.06666666666666667
0 0.7583333333333333 0.5083333333333333 0.109375 0.1625
0 0.6229166666666667 0.509375 0.06666666666666667 0.13541666666666666
0 0.5302083333333333 0.534375 0.06458333333333334 0.08541666666666667
0 0.6677083333333333 0.5489583333333333 0.10833333333333334 0.20208333333333334
0 0.5583333333333333 0.5770833333333333 0.07083333333333333 0.10416666666666667
0 0.30104166666666665 0.5979166666666667 0.07916666666666666 0.10416666666666667
0 0.5354166666666667 0.6229166666666667 0.08125 0.15833333333333333
0 0.7645833333333333 0.6510416666666666 0.09791666666666667 0.16041666666666668
0 0.8635416666666667 0.734375 0.22916666666666666 0.38958333333333334
0 0.5729166666666666 0.7416666666666667 0.1 0.175
0 0.6135416666666667 0.8614583333333333 0.13541666666666666 0.20625
0 0.6427083333333333 0.9510416666666667 0.15208333333333332 0.09791666666666667