0 0.6166666666666667 0.79375 0.11041666666666666 0.22083333333333333
0 0.7260416666666667 0.571875 0.18333333333333332 0.29791666666666666
0 0.9239583333333333 0.6572916666666667 0.15104166666666666 0.2552083333333333
0 0.575 0.6802083333333333 0.09375 0.1375
0 0.54375 0.6125 0.08333333333333333 0.11145833333333334
0 0.221875 0.5114583333333333 0.06875 0.09166666666666666
0 0.2791666666666667 0.4041666666666667 0.057291666666666664 0.07916666666666666
0 0.32916666666666666 0.37083333333333335 0.030208333333333334 0.04479166666666667
0 0.3177083333333333 0.31666666666666665 0.035416666666666666 0.05625
0 0.6145833333333334 0.49166666666666664 0.04791666666666667 0.07916666666666666
0 0.5302083333333333 0.5364583333333334 0.06979166666666667 0.05
0 0.5072916666666667 0.484375 0.053125 0.071875
0 0.6166666666666667 0.39166666666666666 0.053125 0.06875
0 0.525 0.34479166666666666 0.057291666666666664 0.096875
0 0.821875 0.5208333333333334 0.053125 0.07916666666666666