0 0.31979166666666664 0.35 0.05416666666666667 0.09583333333333334
0 0.6072916666666667 0.3645833333333333 0.06458333333333334 0.1
0 0.22708333333333333 0.3802083333333333 0.07916666666666666 0.11041666666666666
0 0.5489583333333333 0.3875 0.04583333333333333 0.08333333333333333
0 0.496875 0.41770833333333335 0.04375 0.06458333333333334
0 0.6729166666666667 0.44375 0.06041666666666667 0.09583333333333334
0 0.59375 0.4510416666666667 0.053125 0.06875
0 0.5145833333333333 0.5104166666666666 0.06041666666666667 0.09166666666666666
0 0.7375 0.5333333333333333 0.078125 0.10833333333333334
0 0.6354166666666666 0.5427083333333333 0.071875 0.09375
0 0.0875 0.55 0.109375 0.11666666666666667
0 0.8604166666666667 0.55625 0.075 0.09166666666666666
0 0.16666666666666666 0.628125 0.10416666666666667 0.12708333333333333
0 0.6145833333333334 0.7333333333333333 0.12708333333333333 0.175
0 0.8916666666666667 0.8333333333333334 0.21666666666666667 0.32916666666666666