0 0.3229166666666667 0.3541666666666667 0.04583333333333333 0.07083333333333333
0 0.26458333333333334 0.38958333333333334 0.03958333333333333 0.04583333333333333
0 0.48854166666666665 0.39479166666666665 0.03333333333333333 0.04375
0 0.5708333333333333 0.41354166666666664 0.052083333333333336 0.09791666666666667
0 0.34791666666666665 0.4510416666666667 0.052083333333333336 0.05625
0 0.50625 0.4510416666666667 0.04375 0.06875
0 0.6770833333333334 0.4583333333333333 0.11666666666666667 0.10416666666666667
0 0.540625 0.478125 0.05 0.05625
0 0.17604166666666668 0.5697916666666667 0.11041666666666666 0.14791666666666667
0 0.54375 0.571875 0.0875 0.15208333333333332
0 0.9072916666666667 0.7020833333333333 0.15833333333333333 0.22083333333333333
0 0.7854166666666667 0.7354166666666667 0.17291666666666666 0.2708333333333333
0 0.6208333333333333 0.771875 0.13333333333333333 0.18541666666666667