0 0.6395833333333333 0.384375 0.07604166666666666 0.12395833333333334
0 0.22604166666666667 0.40520833333333334 0.07708333333333334 0.10416666666666667
0 0.5739583333333333 0.4010416666666667 0.06979166666666667 0.12395833333333334
0 0.36875 0.42291666666666666 0.03958333333333333 0.052083333333333336
0 0.5135416666666667 0.434375 0.0875 0.13958333333333334
0 0.25 0.45416666666666666 0.071875 0.0875
0 0.75625 0.47291666666666665 0.04895833333333333 0.0625
0 0.7229166666666667 0.5083333333333333 0.07395833333333333 0.103125
0 0.175 0.5708333333333333 0.11041666666666666 0.16979166666666667
0 0.30833333333333335 0.5947916666666667 0.07708333333333334 0.096875
0 0.8895833333333333 0.6354166666666666 0.13229166666666667 0.19375
0 0.034375 0.64375 0.06875 0.1