0 0.5541666666666667 0.3958333333333333 0.04583333333333333 0.0625
0 0.35 0.4041666666666667 0.034375 0.041666666666666664
0 0.4979166666666667 0.44895833333333335 0.046875 0.07291666666666667
0 0.6197916666666666 0.5072916666666667 0.06458333333333334 0.08541666666666667
0 0.5270833333333333 0.5447916666666667 0.06666666666666667 0.09791666666666667
0 0.2916666666666667 0.6052083333333333 0.08541666666666667 0.10625
0 0.740625 0.6177083333333333 0.134375 0.22291666666666668
0 0.03958333333333333 0.5697916666666667 0.07916666666666666 0.20625
0 0.042708333333333334 0.753125 0.08229166666666667 0.15520833333333334
0 0.675 0.8958333333333334 0.15 0.20729166666666668
0 0.9479166666666666 0.753125 0.10416666666666667 0.19375