0 0.6229166666666667 0.4041666666666667 0.05416666666666667 0.075
0 0.3572916666666667 0.4114583333333333 0.041666666666666664 0.052083333333333336
0 0.5041666666666667 0.4322916666666667 0.04375 0.05625
0 0.14479166666666668 0.44479166666666664 0.12916666666666668 0.14375
0 0.584375 0.44895833333333335 0.059375 0.08958333333333333
0 0.25 0.475 0.053125 0.08333333333333333
0 0.51875 0.521875 0.065625 0.09375
0 0.7302083333333333 0.6447916666666667 0.10833333333333334 0.13541666666666666
0 0.09479166666666666 0.6625 0.18958333333333333 0.37916666666666665
0 0.5979166666666667 0.7541666666666667 0.1125 0.17916666666666667
0 0.25833333333333336 0.8072916666666666 0.12708333333333333 0.16041666666666668
0 0.9260416666666667 0.865625 0.14791666666666667 0.2677083333333333