0 0.29791666666666666 0.3375 0.03333333333333333 0.04583333333333333
0 0.3385416666666667 0.34479166666666666 0.029166666666666667 0.052083333333333336
0 0.3802083333333333 0.3572916666666667 0.029166666666666667 0.035416666666666666
0 0.609375 0.3625 0.059375 0.10416666666666667
0 0.553125 0.371875 0.059375 0.10208333333333333
0 0.49166666666666664 0.38333333333333336 0.07083333333333333 0.10833333333333334
0 0.7135416666666666 0.434375 0.04583333333333333 0.052083333333333336
0 0.665625 0.446875 0.053125 0.08125
0 0.35208333333333336 0.46979166666666666 0.052083333333333336 0.06041666666666667
0 0.24895833333333334 0.4791666666666667 0.08541666666666667 0.09583333333333334
0 0.10833333333333334 0.5114583333333333 0.14583333333333334 0.17291666666666666
0 0.5427083333333333 0.5885416666666666 0.07708333333333334 0.11041666666666666
0 0.15208333333333332 0.6177083333333333 0.12916666666666668 0.19375
0 0.9041666666666667 0.6635416666666667 0.19166666666666668 0.33541666666666664
0 0.7791666666666667 0.684375 0.2520833333333333 0.41875
0 0.29375 0.715625 0.1 0.12291666666666666