0 0.5854166666666667 0.3625 0.03958333333333333 0.05
0 0.5385416666666667 0.384375 0.029166666666666667 0.03958333333333333
0 0.6041666666666666 0.3958333333333333 0.034375 0.041666666666666664
0 0.48541666666666666 0.39791666666666664 0.034375 0.041666666666666664
0 0.6520833333333333 0.40625 0.052083333333333336 0.06666666666666667
0 0.5770833333333333 0.42916666666666664 0.052083333333333336 0.058333333333333334
0 0.496875 0.4375 0.0375 0.05416666666666667
0 0.14270833333333333 0.4666666666666667 0.09166666666666666 0.10833333333333334
0 0.7510416666666667 0.4822916666666667 0.15520833333333334 0.23958333333333334
0 0.5239583333333333 0.5020833333333333 0.06041666666666667 0.0875
0 0.6416666666666667 0.51875 0.12083333333333333 0.17083333333333334
0 0.571875 0.65625 0.09375 0.14583333333333334
0 0.94375 0.7697916666666667 0.1125 0.12708333333333333
0 0.6333333333333333 0.88125 0.14166666666666666 0.2375