0 0.6177083333333333 0.378125 0.06354166666666666 0.109375
0 0.590625 0.4270833333333333 0.051041666666666666 0.09479166666666666
0 0.2916666666666667 0.43645833333333334 0.04479166666666667 0.06041666666666667
0 0.528125 0.4635416666666667 0.05 0.07083333333333333
0 0.6083333333333333 0.49166666666666664 0.059375 0.07083333333333333
0 0.7791666666666667 0.5104166666666666 0.07916666666666666 0.0875
0 0.8197916666666667 0.6104166666666667 0.07291666666666667 0.09583333333333334
0 0.559375 0.6479166666666667 0.0875 0.13541666666666666
0 0.7510416666666667 0.653125 0.14583333333333334 0.23958333333333334
0 0.9447916666666667 0.7125 0.11041666666666666 0.2833333333333333
0 0.6802083333333333 0.9072916666666667 0.16666666666666666 0.18541666666666667