0 0.3020833333333333 0.3489583333333333 0.027083333333333334 0.03958333333333333
0 0.37604166666666666 0.35208333333333336 0.03333333333333333 0.041666666666666664
0 0.6270833333333333 0.35625 0.07291666666666667 0.0625
0 0.54375 0.365625 0.065625 0.11041666666666666
0 0.4895833333333333 0.41041666666666665 0.040625 0.05416666666666667
0 0.5708333333333333 0.42916666666666664 0.027083333333333334 0.058333333333333334
0 0.359375 0.4375 0.053125 0.06666666666666667
0 0.17083333333333334 0.4552083333333333 0.071875 0.10208333333333333
0 0.709375 0.45625 0.06875 0.11666666666666667
0 0.240625 0.4625 0.10625 0.15833333333333333
0 0.6333333333333333 0.478125 0.121875 0.18125
0 0.51875 0.48541666666666666 0.0625 0.0875
0 0.771875 0.5552083333333333 0.078125 0.08958333333333333
0 0.3229166666666667 0.5760416666666667 0.07708333333333334 0.09375
0 0.5552083333333333 0.609375 0.08541666666666667 0.12708333333333333
0 0.07604166666666666 0.6666666666666666 0.15208333333333332 0.1875
0 0.6458333333333334 0.875 0.13541666666666666 0.23333333333333334