0 0.340625 0.3458333333333333 0.0375 0.06666666666666667
0 0.37916666666666665 0.3802083333333333 0.03333333333333333 0.03958333333333333
0 0.5416666666666666 0.38125 0.035416666666666666 0.05
0 0.6083333333333333 0.384375 0.04375 0.06875
0 0.3104166666666667 0.3885416666666667 0.034375 0.04375
0 0.25 0.39166666666666666 0.053125 0.07083333333333333
0 0.4895833333333333 0.40520833333333334 0.034375 0.04791666666666667
0 0.5739583333333333 0.41875 0.041666666666666664 0.0625
0 0.19166666666666668 0.4197916666666667 0.06875 0.10208333333333333
0 0.3645833333333333 0.43125 0.05 0.05
0 0.6729166666666667 0.45 0.053125 0.06666666666666667
0 0.5135416666666667 0.48333333333333334 0.05416666666666667 0.09583333333333334
0 0.3458333333333333 0.4864583333333333 0.05416666666666667 0.06875
0 0.6322916666666667 0.49583333333333335 0.07083333333333333 0.1125
0 0.20416666666666666 0.5135416666666667 0.09583333333333334 0.13541666666666666
0 0.5354166666666667 0.5572916666666666 0.06875 0.10208333333333333
0 0.8416666666666667 0.5739583333333333 0.035416666666666666 0.13125
0 0.035416666666666666 0.5989583333333334 0.07083333333333333 0.16041666666666668
0 0.28958333333333336 0.6604166666666667 0.08541666666666667 0.1125
0 0.7947916666666667 0.6802083333333333 0.2604166666666667 0.4270833333333333
0 0.6791666666666667 0.7802083333333333 0.2947916666666667 0.43854166666666666
0 0.959375 0.753125 0.08125 0.28541666666666665