0 0.515625 0.334375 0.040625 0.06875
0 0.39375 0.3375 0.025 0.03333333333333333
0 0.5875 0.35104166666666664 0.05625 0.08125
0 0.32083333333333336 0.3541666666666667 0.05416666666666667 0.08333333333333333
0 0.490625 0.40729166666666666 0.034375 0.04791666666666667
0 0.5833333333333334 0.42604166666666665 0.04375 0.052083333333333336
0 0.7395833333333334 0.4708333333333333 0.1375 0.20833333333333334
0 0.6072916666666667 0.48020833333333335 0.05416666666666667 0.07291666666666667
0 0.3333333333333333 0.4979166666666667 0.06666666666666667 0.07083333333333333
0 0.54375 0.5489583333333333 0.071875 0.09791666666666667
0 0.8583333333333333 0.8802083333333334 0.17291666666666666 0.22291666666666668
0 0.48541666666666666 0.3729166666666667 0.034375 0.05