0 0.3072916666666667 0.37604166666666666 0.041666666666666664 0.053125
0 0.309375 0.37916666666666665 0.04479166666666667 0.065625
0 0.3645833333333333 0.4114583333333333 0.040625 0.04895833333333333
0 0.49895833333333334 0.46041666666666664 0.04479166666666667 0.065625
0 0.7479166666666667 0.5177083333333333 0.05 0.071875
0 0.19791666666666666 0.48854166666666665 0.165625 0.253125
0 0.65625 0.5208333333333334 0.14375 0.25833333333333336
0 0.53125 0.546875 0.08125 0.090625
0 0.8947916666666667 0.5854166666666667 0.21041666666666667 0.26875
0 0.3072916666666667 0.5958333333333333 0.07604166666666666 0.09791666666666667
0 0.5583333333333333 0.6458333333333334 0.08854166666666667 0.13125
0 0.8583333333333333 0.7822916666666667 0.2833333333333333 0.428125
0 0.625 0.8697916666666666 0.140625 0.20208333333333334