0 0.34479166666666666 0.37083333333333335 0.035416666666666666 0.0375
0 0.36875 0.3875 0.040625 0.04583333333333333
0 0.625 0.390625 0.046875 0.08125
0 0.5677083333333334 0.396875 0.04791666666666667 0.09375
0 0.7104166666666667 0.434375 0.053125 0.06458333333333334
0 0.4979166666666667 0.45208333333333334 0.046875 0.06666666666666667
0 0.5291666666666667 0.565625 0.071875 0.10625
0 0.8541666666666666 0.584375 0.21041666666666667 0.29375
0 0.290625 0.6229166666666667 0.09375 0.10416666666666667
0 0.6135416666666667 0.784375 0.12083333333333333 0.19791666666666666
0 0.8479166666666667 0.7989583333333333 0.17916666666666667 0.3229166666666667