0 0.38645833333333335 0.36041666666666666 0.03125 0.03958333333333333
0 0.24166666666666667 0.390625 0.06979166666666667 0.09791666666666667
0 0.3177083333333333 0.3958333333333333 0.04583333333333333 0.06979166666666667
0 0.49270833333333336 0.43125 0.052083333333333336 0.058333333333333334
0 0.3729166666666667 0.43333333333333335 0.06041666666666667 0.058333333333333334
0 0.6260416666666667 0.45625 0.13333333333333333 0.17916666666666667
0 0.740625 0.46875 0.14166666666666666 0.19375
0 0.5291666666666667 0.4791666666666667 0.07916666666666666 0.0625
0 0.3489583333333333 0.4864583333333333 0.05416666666666667 0.06458333333333334
0 0.5260416666666666 0.5104166666666666 0.06041666666666667 0.07916666666666666
0 0.2125 0.5166666666666667 0.109375 0.15520833333333334
0 0.8822916666666667 0.6 0.08645833333333333 0.10833333333333334
0 0.7239583333333334 0.59375 0.18333333333333332 0.253125
0 0.5447916666666667 0.5989583333333334 0.07708333333333334 0.12291666666666666
0 0.5854166666666667 0.73125 0.1125 0.140625
0 0.041666666666666664 0.79375 0.078125 0.25
0 0.8791666666666667 0.79375 0.240625 0.403125
0 0.6375 0.915625 0.16145833333333334 0.16875