0 0.346875 0.32708333333333334 0.05 0.06666666666666667
0 0.528125 0.3458333333333333 0.04375 0.075
0 0.3885416666666667 0.34791666666666665 0.027083333333333334 0.03333333333333333
0 0.47291666666666665 0.35520833333333335 0.027083333333333334 0.035416666666666666
0 0.5854166666666667 0.3697916666666667 0.05 0.07708333333333334
0 0.37083333333333335 0.3770833333333333 0.035416666666666666 0.04583333333333333
0 0.30625 0.3854166666666667 0.071875 0.1
0 0.21979166666666666 0.40520833333333334 0.052083333333333336 0.08541666666666667
0 0.346875 0.4552083333333333 0.0625 0.07708333333333334
0 0.6229166666666667 0.5010416666666667 0.0625 0.08958333333333333
0 0.14270833333333333 0.6208333333333333 0.09791666666666667 0.12083333333333333
0 0.284375 0.6864583333333333 0.09375 0.11354166666666667
0 0.5458333333333333 0.5125 0.059375 0.09479166666666666