0 0.29791666666666666 0.33229166666666665 0.053125 0.07291666666666667
0 0.546875 0.365625 0.05625 0.08958333333333333
0 0.6604166666666667 0.4010416666666667 0.09583333333333334 0.11875
0 0.49583333333333335 0.42083333333333334 0.041666666666666664 0.0375
0 0.5572916666666666 0.4322916666666667 0.03958333333333333 0.05625
0 0.5083333333333333 0.4739583333333333 0.053125 0.08541666666666667
0 0.6416666666666667 0.4979166666666667 0.12916666666666668 0.2125
0 0.5270833333333333 0.534375 0.06666666666666667 0.09791666666666667
0 0.553125 0.6322916666666667 0.090625 0.11458333333333333
0 0.8572916666666667 0.7479166666666667 0.28541666666666665 0.4791666666666667
0 0.6229166666666667 0.8520833333333333 0.13541666666666666 0.225
0 0.35625 0.4354166666666667 0.046875 0.057291666666666664