0 0.259375 0.37083333333333335 0.046875 0.06666666666666667
0 0.5520833333333334 0.38645833333333335 0.04791666666666667 0.06875
0 0.3645833333333333 0.4166666666666667 0.03958333333333333 0.041666666666666664
0 0.6541666666666667 0.42291666666666666 0.06875 0.10833333333333334
0 0.2760416666666667 0.434375 0.09166666666666666 0.12708333333333333
0 0.50625 0.43645833333333334 0.04375 0.06458333333333334
0 0.5916666666666667 0.4625 0.05 0.06666666666666667
0 0.7604166666666666 0.4947916666666667 0.15416666666666667 0.21458333333333332
0 0.634375 0.5177083333333333 0.084375 0.12708333333333333
0 0.5291666666666667 0.5447916666666667 0.065625 0.08125
0 0.7729166666666667 0.6916666666666667 0.15625 0.2625
0 0.5989583333333334 0.725 0.11458333333333333 0.16666666666666666