0 0.38958333333333334 0.34270833333333334 0.03125 0.03958333333333333
0 0.4791666666666667 0.3770833333333333 0.03125 0.05
0 0.365625 0.39375 0.040625 0.04583333333333333
0 0.646875 0.4010416666666667 0.09375 0.13541666666666666
0 0.56875 0.4166666666666667 0.05 0.08333333333333333
0 0.49583333333333335 0.42291666666666666 0.03958333333333333 0.05416666666666667
0 0.6041666666666666 0.4583333333333333 0.06875 0.11666666666666667
0 0.5125 0.47708333333333336 0.0625 0.07916666666666666
0 0.8125 0.5354166666666667 0.165625 0.20833333333333334
0 0.5635416666666667 0.5979166666666667 0.07291666666666667 0.10416666666666667
0 0.8416666666666667 0.7333333333333333 0.275 0.42083333333333334