0 0.48541666666666666 0.40520833333333334 0.034375 0.052083333333333336
0 0.5791666666666667 0.41354166666666664 0.058333333333333334 0.09375
0 0.3489583333333333 0.4322916666666667 0.041666666666666664 0.04791666666666667
0 0.13125 0.45 0.128125 0.17083333333333334
0 0.671875 0.4583333333333333 0.05625 0.06666666666666667
0 0.5260416666666666 0.48333333333333334 0.052083333333333336 0.07916666666666666
0 0.30625 0.59375 0.075 0.10416666666666667
0 0.5604166666666667 0.6145833333333334 0.07708333333333334 0.10833333333333334
0 0.84375 0.625 0.1 0.1125
0 0.7166666666666667 0.64375 0.09791666666666667 0.12916666666666668
0 0.8333333333333334 0.8114583333333333 0.14791666666666667 0.21041666666666667
0 0.6604166666666667 0.9 0.15208333333333332 0.19895833333333332