0 0.24583333333333332 0.38645833333333335 0.075 0.08541666666666667
0 0.3770833333333333 0.390625 0.029166666666666667 0.03958333333333333
0 0.5833333333333334 0.40729166666666666 0.07916666666666666 0.13229166666666667
0 0.6520833333333333 0.40208333333333335 0.084375 0.14166666666666666
0 0.715625 0.43854166666666666 0.0375 0.053125
0 0.5197916666666667 0.453125 0.09583333333333334 0.165625
0 0.3375 0.5 0.06354166666666666 0.07083333333333333
0 0.228125 0.49583333333333335 0.08125 0.14270833333333333
0 0.8177083333333334 0.521875 0.06354166666666666 0.08541666666666667
0 0.753125 0.5375 0.08125 0.11145833333333334
0 0.109375 0.5520833333333334 0.07916666666666666 0.078125
0 0.94375 0.696875 0.1125 0.23125
0 0.06458333333333334 0.815625 0.125 0.24895833333333334
0 0.240625 0.8229166666666666 0.13333333333333333 0.17604166666666668