0 0.34479166666666666 0.32916666666666666 0.04791666666666667 0.07083333333333333
0 0.5239583333333333 0.34270833333333334 0.03958333333333333 0.07291666666666667
0 0.47291666666666665 0.346875 0.029166666666666667 0.03958333333333333
0 0.3854166666666667 0.35 0.03333333333333333 0.041666666666666664
0 0.5770833333333333 0.35833333333333334 0.04375 0.07083333333333333
0 0.36770833333333336 0.38645833333333335 0.03958333333333333 0.04791666666666667
0 0.29583333333333334 0.396875 0.07083333333333333 0.11458333333333333
0 0.20833333333333334 0.4125 0.0625 0.09166666666666666
0 0.33958333333333335 0.475 0.06041666666666667 0.075
0 0.6020833333333333 0.47604166666666664 0.058333333333333334 0.07708333333333334
0 0.5354166666666667 0.48854166666666665 0.05625 0.08958333333333333
0 0.10520833333333333 0.678125 0.11458333333333333 0.15208333333333332
0 0.25833333333333336 0.7739583333333333 0.11458333333333333 0.14791666666666667