0 0.8729166666666667 0.7958333333333333 0.25416666666666665 0.4083333333333333
0 0.534375 0.35833333333333334 0.0625 0.0875
0 0.3145833333333333 0.37916666666666665 0.03333333333333333 0.03854166666666667
0 0.3625 0.38645833333333335 0.03854166666666667 0.035416666666666666
0 0.5854166666666667 0.4354166666666667 0.08333333333333333 0.15833333333333333
0 0.34791666666666665 0.475 0.04791666666666667 0.06979166666666667
0 0.228125 0.4822916666666667 0.05520833333333333 0.065625
0 0.6552083333333333 0.5 0.12291666666666666 0.22916666666666666
0 0.5145833333333333 0.50625 0.06458333333333334 0.0875
0 0.7947916666666667 0.55625 0.06666666666666667 0.058333333333333334
0 0.5520833333333334 0.5729166666666666 0.096875 0.12083333333333333
0 0.69375 0.6145833333333334 0.0875 0.1375
0 0.5614583333333333 0.65625 0.09270833333333334 0.12083333333333333
0 0.584375 0.7604166666666666 0.11354166666666667 0.178125
0 0.6447916666666667 0.8916666666666667 0.14375 0.20208333333333334