0 0.334375 0.35520833333333335 0.0375 0.04791666666666667
0 0.25416666666666665 0.359375 0.071875 0.08958333333333333
0 0.38229166666666664 0.378125 0.035416666666666666 0.03958333333333333
0 0.48541666666666666 0.38645833333333335 0.034375 0.04791666666666667
0 0.31875 0.39166666666666666 0.0375 0.041666666666666664
0 0.6375 0.39479166666666665 0.071875 0.13541666666666666
0 0.5770833333333333 0.41458333333333336 0.09166666666666666 0.14583333333333334
0 0.4979166666666667 0.4270833333333333 0.03958333333333333 0.0625
0 0.27291666666666664 0.43645833333333334 0.06666666666666667 0.12291666666666666
0 0.33958333333333335 0.4979166666666667 0.065625 0.07083333333333333
0 0.084375 0.5333333333333333 0.16875 0.2916666666666667
0 0.5333333333333333 0.571875 0.075 0.10208333333333333
0 0.19166666666666668 0.5739583333333333 0.08125 0.10208333333333333
0 0.7614583333333333 0.6020833333333333 0.20833333333333334 0.3333333333333333
0 0.29583333333333334 0.634375 0.09166666666666666 0.11458333333333333