0 0.3802083333333333 0.37395833333333334 0.035416666666666666 0.04375
0 0.26979166666666665 0.37604166666666666 0.03958333333333333 0.04375
0 0.6375 0.384375 0.0625 0.10208333333333333
0 0.6927083333333334 0.403125 0.041666666666666664 0.052083333333333336
0 0.4979166666666667 0.4041666666666667 0.040625 0.05416666666666667
0 0.5833333333333334 0.40729166666666666 0.08125 0.12708333333333333
0 0.33958333333333335 0.4791666666666667 0.05625 0.06666666666666667
0 0.5177083333333333 0.4791666666666667 0.05416666666666667 0.07083333333333333
0 0.7520833333333333 0.49270833333333336 0.134375 0.15208333333333332
0 0.6322916666666667 0.521875 0.07708333333333334 0.13541666666666666
0 0.540625 0.584375 0.06875 0.10208333333333333
0 0.7333333333333333 0.6197916666666666 0.146875 0.26875
0 0.9583333333333334 0.64375 0.08333333333333333 0.12083333333333333
0 0.6322916666666667 0.8270833333333333 0.12916666666666668 0.20833333333333334
0 0.9135416666666667 0.8572916666666667 0.17291666666666666 0.28541666666666665