0 0.29270833333333335 0.39166666666666666 0.07916666666666666 0.12916666666666668
0 0.37083333333333335 0.403125 0.035416666666666666 0.04791666666666667
0 0.5583333333333333 0.4041666666666667 0.041666666666666664 0.058333333333333334
0 0.6364583333333333 0.40520833333333334 0.058333333333333334 0.08541666666666667
0 0.6770833333333334 0.4114583333333333 0.04791666666666667 0.06041666666666667
0 0.490625 0.425 0.05 0.07083333333333333
0 0.35208333333333336 0.4583333333333333 0.052083333333333336 0.075
0 0.6145833333333334 0.47604166666666664 0.0625 0.09375
0 0.7552083333333334 0.5 0.06041666666666667 0.075
0 0.11145833333333334 0.521875 0.075 0.08645833333333333
0 0.5260416666666666 0.528125 0.06458333333333334 0.08958333333333333
0 0.20104166666666667 0.5625 0.08958333333333333 0.1125
0 0.6895833333333333 0.575 0.109375 0.2
0 0.80625 0.5833333333333334 0.096875 0.10833333333333334
0 0.9489583333333333 0.6041666666666666 0.10208333333333333 0.18333333333333332
0 0.3020833333333333 0.609375 0.078125 0.11145833333333334
0 0.023958333333333335 0.6354166666666666 0.04791666666666667 0.13333333333333333
0 0.5979166666666667 0.6791666666666667 0.09791666666666667 0.15416666666666667
0 0.8895833333333333 0.796875 0.22083333333333333 0.40625
0 0.052083333333333336 0.8572916666666667 0.103125 0.21041666666666667
0 0.22604166666666667 0.8791666666666667 0.14166666666666666 0.21666666666666667