0 0.2791666666666667 0.35208333333333336 0.052083333333333336 0.07708333333333334
0 0.3333333333333333 0.3614583333333333 0.040625 0.05625
0 0.5854166666666667 0.371875 0.040625 0.05520833333333333
0 0.5291666666666667 0.36875 0.05416666666666667 0.07916666666666666
0 0.484375 0.39375 0.03958333333333333 0.04895833333333333
0 0.3770833333333333 0.390625 0.03958333333333333 0.052083333333333336
0 0.5739583333333333 0.4354166666666667 0.05 0.06458333333333334
0 0.28125 0.44166666666666665 0.04479166666666667 0.057291666666666664
0 0.19895833333333332 0.4635416666666667 0.07083333333333333 0.103125
0 0.7677083333333333 0.471875 0.07604166666666666 0.10208333333333333
0 0.6739583333333333 0.4635416666666667 0.06041666666666667 0.07708333333333334
0 0.33229166666666665 0.5125 0.05416666666666667 0.07291666666666667
0 0.9375 0.5625 0.125 0.11354166666666667
0 0.5552083333333333 0.5864583333333333 0.07083333333333333 0.11458333333333333
0 0.7145833333333333 0.60625 0.10520833333333333 0.16875
0 0.17604166666666668 0.6135416666666667 0.08645833333333333 0.096875
0 0.9041666666666667 0.8072916666666666 0.19166666666666668 0.3854166666666667
0 0.18854166666666666 0.9010416666666666 0.15833333333333333 0.196875