0 0.28541666666666665 0.33958333333333335 0.04375 0.06666666666666667
0 0.37916666666666665 0.37083333333333335 0.03958333333333333 0.041666666666666664
0 0.30520833333333336 0.38958333333333334 0.07291666666666667 0.09583333333333334
0 0.5583333333333333 0.3958333333333333 0.04583333333333333 0.0875
0 0.48854166666666665 0.40729166666666666 0.041666666666666664 0.04375
0 0.671875 0.43333333333333335 0.06875 0.10833333333333334
0 0.5104166666666666 0.45 0.053125 0.075
0 0.6083333333333333 0.48541666666666666 0.052083333333333336 0.075
0 0.8041666666666667 0.5239583333333333 0.2 0.24375
0 0.6666666666666666 0.55625 0.096875 0.1625
0 0.5416666666666666 0.5958333333333333 0.07291666666666667 0.10833333333333334
0 0.8604166666666667 0.8239583333333333 0.21041666666666667 0.35208333333333336
0 0.6520833333333333 0.8739583333333333 0.159375 0.24791666666666667
0 0.17291666666666666 0.9458333333333333 0.15833333333333333 0.10729166666666666