0 0.5864583333333333 0.35 0.04791666666666667 0.07916666666666666
0 0.5385416666666667 0.359375 0.04791666666666667 0.08541666666666667
0 0.4791666666666667 0.38125 0.03958333333333333 0.041666666666666664
0 0.29791666666666666 0.3927083333333333 0.06041666666666667 0.08958333333333333
0 0.5583333333333333 0.39375 0.04791666666666667 0.08333333333333333
0 0.49583333333333335 0.4197916666666667 0.041666666666666664 0.052083333333333336
0 0.6520833333333333 0.43125 0.09791666666666667 0.09166666666666666
0 0.21458333333333332 0.4322916666666667 0.04791666666666667 0.04791666666666667
0 0.5208333333333334 0.4395833333333333 0.04583333333333333 0.041666666666666664
0 0.5197916666666667 0.5072916666666667 0.07083333333333333 0.12708333333333333
0 0.8364583333333333 0.5291666666666667 0.07916666666666666 0.0875
0 0.6979166666666666 0.609375 0.12708333333333333 0.20625
0 0.8270833333333333 0.6145833333333334 0.12916666666666668 0.17916666666666667
0 0.28958333333333336 0.6239583333333333 0.08958333333333333 0.09791666666666667
0 0.9510416666666667 0.6291666666666667 0.09791666666666667 0.1375
0 0.5708333333333333 0.64375 0.09791666666666667 0.15
0 0.8854166666666666 0.884375 0.171875 0.23125
0 0.675 0.934375 0.15416666666666667 0.13020833333333334