0 0.5416666666666666 0.36666666666666664 0.041666666666666664 0.07916666666666666
0 0.48333333333333334 0.390625 0.034375 0.04375
0 0.6208333333333333 0.39791666666666664 0.075 0.07916666666666666
0 0.5083333333333333 0.4010416666666667 0.03125 0.03958333333333333
0 0.7041666666666667 0.428125 0.052083333333333336 0.05625
0 0.49895833333333334 0.44583333333333336 0.05416666666666667 0.10416666666666667
0 0.7541666666666667 0.465625 0.0625 0.06041666666666667
0 0.6208333333333333 0.4947916666666667 0.08125 0.12708333333333333
0 0.53125 0.5302083333333333 0.071875 0.10625
0 0.746875 0.540625 0.1 0.12708333333333333
0 0.18541666666666667 0.546875 0.115625 0.18125
0 0.04583333333333333 0.6041666666666666 0.090625 0.10416666666666667
0 0.7083333333333334 0.6416666666666667 0.1 0.13333333333333333
0 0.8739583333333333 0.6458333333333334 0.12291666666666666 0.16666666666666666
0 0.5729166666666666 0.6864583333333333 0.103125 0.16458333333333333