0 0.2708333333333333 0.35833333333333334 0.05 0.06666666666666667
0 0.5427083333333333 0.371875 0.06041666666666667 0.10208333333333333
0 0.6145833333333334 0.3875 0.04791666666666667 0.0625
0 0.484375 0.396875 0.0375 0.04791666666666667
0 0.35520833333333335 0.4083333333333333 0.041666666666666664 0.05
0 0.5739583333333333 0.44166666666666665 0.052083333333333336 0.0625
0 0.6604166666666667 0.45 0.05 0.06666666666666667
0 0.5114583333333333 0.46458333333333335 0.05416666666666667 0.07083333333333333
0 0.73125 0.49583333333333335 0.084375 0.12916666666666668
0 0.6583333333333333 0.5583333333333333 0.08541666666666667 0.1125
0 0.5385416666666667 0.5677083333333334 0.07708333333333334 0.09375
0 0.8916666666666667 0.5875 0.215625 0.3333333333333333
0 0.6260416666666667 0.7739583333333333 0.14583333333333334 0.21875
0 0.18541666666666667 0.9125 0.1625 0.17083333333333334
0 0.875 0.85 0.25 0.2989583333333333