0 0.34479166666666666 0.290625 0.027083333333333334 0.04791666666666667
0 0.36666666666666664 0.30416666666666664 0.03125 0.058333333333333334
0 0.5927083333333333 0.34270833333333334 0.03333333333333333 0.035416666666666666
0 0.525 0.35 0.053125 0.07083333333333333
0 0.38958333333333334 0.353125 0.034375 0.03958333333333333
0 0.26458333333333334 0.36770833333333336 0.05625 0.09375
0 0.5791666666666667 0.371875 0.035416666666666666 0.04375
0 0.48541666666666666 0.3802083333333333 0.03958333333333333 0.052083333333333336
0 0.32708333333333334 0.38229166666666664 0.041666666666666664 0.06458333333333334
0 0.6395833333333333 0.38333333333333336 0.05416666666666667 0.058333333333333334
0 0.36875 0.409375 0.040625 0.04791666666666667
0 0.5666666666666667 0.4322916666666667 0.05625 0.07291666666666667
0 0.65625 0.44583333333333336 0.06875 0.07916666666666666
0 0.7354166666666667 0.44583333333333336 0.078125 0.1
0 0.2635416666666667 0.484375 0.07291666666666667 0.08541666666666667
0 0.8708333333333333 0.49270833333333336 0.109375 0.10208333333333333
0 0.16041666666666668 0.5166666666666667 0.09375 0.14166666666666666
0 0.5385416666666667 0.53125 0.09166666666666666 0.10416666666666667
0 0.6833333333333333 0.5635416666666667 0.10208333333333333 0.16875
0 0.89375 0.565625 0.165625 0.08125
0 0.31875 0.5791666666666667 0.109375 0.1125
0 0.09895833333333333 0.75625 0.14166666666666666 0.17083333333333334
0 0.8697916666666666 0.76875 0.2604166666666667 0.4625