0 0.53125 0.33958333333333335 0.034375 0.06666666666666667
0 0.2604166666666667 0.3614583333333333 0.06666666666666667 0.10208333333333333
0 0.38229166666666664 0.378125 0.035416666666666666 0.03958333333333333
0 0.31979166666666664 0.3875 0.035416666666666666 0.04583333333333333
0 0.6458333333333334 0.39479166666666665 0.071875 0.13541666666666666
0 0.5833333333333334 0.41458333333333336 0.09166666666666666 0.14583333333333334
0 0.278125 0.42916666666666664 0.065625 0.1125
0 0.5010416666666667 0.434375 0.035416666666666666 0.06041666666666667
0 0.346875 0.4875 0.06145833333333333 0.06666666666666667
0 0.090625 0.51875 0.175 0.26666666666666666
0 0.20625 0.553125 0.07916666666666666 0.08541666666666667
0 0.5395833333333333 0.5927083333333333 0.07916666666666666 0.11458333333333333
0 0.303125 0.609375 0.07916666666666666 0.10833333333333334
0 0.7708333333333334 0.63125 0.21041666666666667 0.3541666666666667
0 0.030208333333333334 0.8270833333333333 0.059375 0.20416666666666666
0 0.296875 0.31875 0.04583333333333333 0.08125
0 0.3375 0.353125 0.034375 0.052083333333333336