0 0.625 0.4114583333333333 0.04375 0.04791666666666667
0 0.578125 0.42916666666666664 0.046875 0.058333333333333334
0 0.36041666666666666 0.434375 0.046875 0.06458333333333334
0 0.27708333333333335 0.4375 0.052083333333333336 0.0625
0 0.684375 0.440625 0.071875 0.10625
0 0.50625 0.4510416666666667 0.05 0.06875
0 0.2125 0.4583333333333333 0.05625 0.06666666666666667
0 0.5979166666666667 0.4635416666666667 0.053125 0.07291666666666667
0 0.6489583333333333 0.525 0.09166666666666666 0.15416666666666667
0 0.7510416666666667 0.534375 0.08958333333333333 0.11041666666666666
0 0.5583333333333333 0.596875 0.08125 0.12291666666666666
0 0.8229166666666666 0.7770833333333333 0.178125 0.2375