0 0.31145833333333334 0.3614583333333333 0.058333333333333334 0.09375
0 0.60625 0.39479166666666665 0.040625 0.03958333333333333
0 0.37083333333333335 0.40208333333333335 0.035416666666666666 0.041666666666666664
0 0.3572916666666667 0.4479166666666667 0.04583333333333333 0.06666666666666667
0 0.6625 0.45 0.05 0.058333333333333334
0 0.7354166666666667 0.453125 0.04791666666666667 0.05625
0 0.24166666666666667 0.45625 0.10833333333333334 0.17916666666666667
0 0.6145833333333334 0.4791666666666667 0.075 0.125
0 0.7177083333333333 0.5041666666666667 0.05416666666666667 0.0625
0 0.5177083333333333 0.5197916666666667 0.05416666666666667 0.07291666666666667
0 0.035416666666666666 0.6489583333333333 0.07083333333333333 0.18958333333333333
0 0.7708333333333334 0.725 0.27708333333333335 0.32916666666666666
0 0.2677083333333333 0.7604166666666666 0.11666666666666667 0.15416666666666667