0 0.3333333333333333 0.3614583333333333 0.040625 0.05625
0 0.3770833333333333 0.390625 0.03958333333333333 0.052083333333333336
0 0.28854166666666664 0.434375 0.046875 0.06041666666666667
0 0.5770833333333333 0.446875 0.053125 0.06458333333333334
0 0.21041666666666667 0.4510416666666667 0.06041666666666667 0.09479166666666666
0 0.6822916666666666 0.4666666666666667 0.06458333333333334 0.075
0 0.784375 0.4822916666666667 0.08125 0.10625
0 0.3385416666666667 0.496875 0.05520833333333333 0.06875
0 0.19583333333333333 0.5833333333333334 0.07916666666666666 0.08958333333333333
0 0.5635416666666667 0.6072916666666667 0.07083333333333333 0.11458333333333333
0 0.7291666666666666 0.6208333333333333 0.11666666666666667 0.17916666666666667
0 0.915625 0.815625 0.16875 0.36875
0 0.21666666666666667 0.8145833333333333 0.13645833333333332 0.16875