0 0.3489583333333333 0.34270833333333334 0.027083333333333334 0.03958333333333333
0 0.284375 0.3489583333333333 0.053125 0.08125
0 0.3729166666666667 0.38229166666666664 0.03333333333333333 0.04375
0 0.5729166666666666 0.415625 0.058333333333333334 0.09791666666666667
0 0.6614583333333334 0.42916666666666664 0.052083333333333336 0.058333333333333334
0 0.50625 0.4583333333333333 0.046875 0.0625
0 0.6041666666666666 0.47604166666666664 0.05 0.06458333333333334
0 0.7208333333333333 0.478125 0.0625 0.07291666666666667
0 0.5291666666666667 0.5375 0.06666666666666667 0.09166666666666666
0 0.3145833333333333 0.56875 0.078125 0.1
0 0.871875 0.5958333333333333 0.21875 0.23333333333333334
0 0.5541666666666667 0.65625 0.09583333333333334 0.14166666666666666
0 0.7833333333333333 0.7635416666666667 0.13541666666666666 0.17291666666666666
0 0.6572916666666667 0.9145833333333333 0.15416666666666667 0.17083333333333334