0 0.3645833333333333 0.4 0.040625 0.04583333333333333
0 0.496875 0.4197916666666667 0.04375 0.05625
0 0.3104166666666667 0.43645833333333334 0.04791666666666667 0.06458333333333334
0 0.571875 0.440625 0.028125 0.06458333333333334
0 0.7020833333333333 0.46145833333333336 0.06875 0.11875
0 0.6177083333333333 0.46458333333333335 0.07083333333333333 0.13333333333333333
0 0.16979166666666667 0.46875 0.06458333333333334 0.0875
0 0.5197916666666667 0.475 0.05416666666666667 0.07083333333333333
0 0.209375 0.528125 0.090625 0.12708333333333333
0 0.5270833333333333 0.5583333333333333 0.07083333333333333 0.10416666666666667
0 0.9604166666666667 0.6375 0.07916666666666666 0.1375
0 0.6395833333333333 0.9020833333333333 0.153125 0.19479166666666667