0 0.5552083333333333 0.3802083333333333 0.06458333333333334 0.10625
0 0.6135416666666667 0.38125 0.052083333333333336 0.07916666666666666
0 0.6416666666666667 0.425 0.046875 0.05416666666666667
0 0.7333333333333333 0.471875 0.13958333333333334 0.20208333333333334
0 0.6 0.484375 0.0625 0.08125
0 0.23958333333333334 0.50625 0.059375 0.075
0 0.5166666666666667 0.5072916666666667 0.059375 0.08125
0 0.8229166666666666 0.5114583333333333 0.05 0.08125
0 0.6583333333333333 0.58125 0.08020833333333334 0.115625
0 0.5416666666666666 0.5989583333333334 0.078125 0.115625
0 0.24583333333333332 0.725 0.11666666666666667 0.14583333333333334
0 0.035416666666666666 0.7458333333333333 0.07083333333333333 0.2125
0 0.8864583333333333 0.8020833333333334 0.22708333333333333 0.3958333333333333
0 0.490625 0.42604166666666665 0.041666666666666664 0.05625