0 0.37083333333333335 0.296875 0.034375 0.06041666666666667
0 0.315625 0.36875 0.0625 0.10416666666666667
0 0.6427083333333333 0.39791666666666664 0.09583333333333334 0.10833333333333334
0 0.5927083333333333 0.453125 0.04791666666666667 0.07708333333333334
0 0.5010416666666667 0.46145833333333336 0.04583333333333333 0.06041666666666667
0 0.8166666666666667 0.49375 0.225 0.25
0 0.51875 0.4979166666666667 0.059375 0.08333333333333333
0 0.6229166666666667 0.5041666666666667 0.07291666666666667 0.14583333333333334
0 0.5302083333333333 0.521875 0.04791666666666667 0.06875
0 0.66875 0.5489583333333333 0.1 0.21041666666666667
0 0.5572916666666666 0.565625 0.07708333333333334 0.11458333333333333
0 0.04583333333333333 0.5739583333333333 0.090625 0.15625
0 0.5416666666666666 0.6322916666666667 0.08541666666666667 0.18125
0 0.15520833333333334 0.6333333333333333 0.10416666666666667 0.1375
0 0.7625 0.66875 0.08125 0.17916666666666667
0 0.58125 0.7458333333333333 0.121875 0.19166666666666668
0 0.8947916666666667 0.7916666666666666 0.21041666666666667 0.4166666666666667
0 0.63125 0.896875 0.190625 0.20625