0 0.35 0.328125 0.0375 0.06041666666666667
0 0.609375 0.36354166666666665 0.071875 0.11041666666666666
0 0.2760416666666667 0.378125 0.03958333333333333 0.04791666666666667
0 0.5333333333333333 0.378125 0.03125 0.04375
0 0.48541666666666666 0.3854166666666667 0.034375 0.05
0 0.3645833333333333 0.415625 0.0375 0.04791666666666667
0 0.6791666666666667 0.42604166666666665 0.1 0.14375
0 0.5072916666666667 0.46145833333333336 0.04791666666666667 0.06875
0 0.5885416666666666 0.4625 0.05416666666666667 0.075
0 0.3489583333333333 0.46458333333333335 0.04791666666666667 0.06666666666666667
0 0.540625 0.5395833333333333 0.06875 0.10416666666666667
0 0.12708333333333333 0.5916666666666667 0.21979166666666666 0.2916666666666667
0 0.5729166666666666 0.6864583333333333 0.096875 0.14375
0 0.859375 0.7666666666666667 0.28125 0.4666666666666667