0 0.521875 0.328125 0.04375 0.08541666666666667
0 0.334375 0.36041666666666666 0.040625 0.075
0 0.2677083333333333 0.378125 0.03958333333333333 0.06041666666666667
0 0.5645833333333333 0.38958333333333334 0.04479166666666667 0.09166666666666666
0 0.6625 0.4197916666666667 0.07708333333333334 0.12291666666666666
0 0.20833333333333334 0.4510416666666667 0.04895833333333333 0.052083333333333336
0 0.35625 0.47291666666666665 0.052083333333333336 0.053125
0 0.16041666666666668 0.5 0.06458333333333334 0.06458333333333334
0 0.7729166666666667 0.5322916666666667 0.08125 0.09166666666666666
0 0.528125 0.5510416666666667 0.059375 0.109375
0 0.6416666666666667 0.5427083333333333 0.065625 0.090625
0 0.04479166666666667 0.6114583333333333 0.08958333333333333 0.09270833333333334
0 0.14270833333333333 0.6260416666666667 0.10729166666666666 0.14791666666666667
0 0.5989583333333334 0.771875 0.11458333333333333 0.18645833333333334
0 0.8979166666666667 0.8208333333333333 0.203125 0.35833333333333334
0 0.228125 0.8395833333333333 0.128125 0.17291666666666666