0 0.3729166666666667 0.37083333333333335 0.03125 0.0375
0 0.48333333333333334 0.3875 0.034375 0.041666666666666664
0 0.19583333333333333 0.4 0.09166666666666666 0.12916666666666668
0 0.5552083333333333 0.41354166666666664 0.041666666666666664 0.06041666666666667
0 0.4947916666666667 0.43854166666666666 0.041666666666666664 0.06458333333333334
0 0.35625 0.4395833333333333 0.04375 0.06666666666666667
0 0.6114583333333333 0.459375 0.07291666666666667 0.12291666666666666
0 0.73125 0.525 0.075 0.09166666666666666
0 0.5479166666666667 0.5520833333333334 0.065625 0.1
0 0.2 0.78125 0.121875 0.14166666666666666
0 0.8166666666666667 0.7895833333333333 0.1375 0.18333333333333332
0 0.6208333333333333 0.8041666666666667 0.115625 0.17916666666666667