0 0.5708333333333333 0.38645833333333335 0.065625 0.13125
0 0.6333333333333333 0.39375 0.059375 0.09166666666666666
0 0.4979166666666667 0.45 0.04583333333333333 0.075
0 0.25625 0.46145833333333336 0.05625 0.06875
0 0.5208333333333334 0.490625 0.059375 0.07291666666666667
0 0.07395833333333333 0.521875 0.14791666666666667 0.18958333333333333
0 0.69375 0.5385416666666667 0.153125 0.21875
0 0.5208333333333334 0.5427083333333333 0.071875 0.09791666666666667
0 0.553125 0.6083333333333333 0.075 0.125
0 0.578125 0.6864583333333333 0.1 0.15208333333333332
0 0.6208333333333333 0.85625 0.13541666666666666 0.20416666666666666