0 0.603125 0.3625 0.053125 0.08333333333333333
0 0.2791666666666667 0.37083333333333335 0.0375 0.04583333333333333
0 0.5520833333333334 0.3854166666666667 0.053125 0.10833333333333334
0 0.48854166666666665 0.40625 0.03958333333333333 0.058333333333333334
0 0.36041666666666666 0.4125 0.0375 0.05
0 0.58125 0.43125 0.059375 0.11666666666666667
0 0.5083333333333333 0.46875 0.052083333333333336 0.06666666666666667
0 0.6979166666666666 0.478125 0.121875 0.11041666666666666
0 0.22916666666666666 0.49166666666666664 0.078125 0.11666666666666667
0 0.559375 0.5145833333333333 0.06875 0.08333333333333333
0 0.5552083333333333 0.6177083333333333 0.09166666666666666 0.18541666666666667
0 0.6583333333333333 0.8760416666666667 0.15520833333333334 0.24375
0 0.8541666666666666 0.8364583333333333 0.22083333333333333 0.3260416666666667
0 0.934375 0.7729166666666667 0.13125 0.27708333333333335