0 0.2708333333333333 0.73125 0.10833333333333334 0.15625
0 0.8760416666666667 0.790625 0.24791666666666667 0.41770833333333335
0 0.5927083333333333 0.7541666666666667 0.11145833333333334 0.19791666666666666
0 0.6979166666666666 0.4197916666666667 0.04479166666666667 0.06041666666666667
0 0.6166666666666667 0.459375 0.07083333333333333 0.12604166666666666
0 0.50625 0.46875 0.05 0.078125
0 0.5395833333333333 0.36041666666666666 0.053125 0.09479166666666666
0 0.3729166666666667 0.384375 0.03333333333333333 0.04791666666666667
0 0.2875 0.4197916666666667 0.053125 0.08333333333333333
0 0.146875 0.45 0.11770833333333333 0.13645833333333332
0 0.128125 0.6166666666666667 0.14583333333333334 0.21145833333333333
0 0.2833333333333333 0.33958333333333335 0.05 0.07291666666666667
0 0.3333333333333333 0.359375 0.03229166666666667 0.059375
0 0.6010416666666667 0.37083333333333335 0.05520833333333333 0.06041666666666667