0 0.5510416666666667 0.56875 0.071875 0.10416666666666667
0 0.7479166666666667 0.6666666666666666 0.10520833333333333 0.140625
0 0.6770833333333334 0.9239583333333333 0.159375 0.15104166666666666
0 0.9291666666666667 0.7041666666666667 0.14166666666666666 0.24895833333333334
0 0.7416666666666667 0.5052083333333334 0.090625 0.14270833333333333
0 0.675 0.41041666666666665 0.04375 0.05625
0 0.5 0.428125 0.040625 0.059375
0 0.359375 0.48854166666666665 0.053125 0.075
0 0.3020833333333333 0.390625 0.058333333333333334 0.10104166666666667
0 0.3572916666666667 0.43333333333333335 0.051041666666666666 0.06041666666666667
0 0.4791666666666667 0.3614583333333333 0.034375 0.05520833333333333
0 0.53125 0.3489583333333333 0.040625 0.07291666666666667