0 0.30104166666666665 0.3697916666666667 0.06666666666666667 0.10625
0 0.55 0.396875 0.0375 0.04375
0 0.6291666666666667 0.396875 0.07708333333333334 0.09791666666666667
0 0.49270833333333336 0.4125 0.035416666666666666 0.05416666666666667
0 0.23958333333333334 0.43854166666666666 0.109375 0.15625
0 0.584375 0.4427083333333333 0.04375 0.05625
0 0.15 0.46979166666666666 0.075 0.08958333333333333
0 0.35208333333333336 0.4791666666666667 0.05416666666666667 0.07083333333333333
0 0.6229166666666667 0.4947916666666667 0.059375 0.08125
0 0.053125 0.5572916666666666 0.10625 0.13125
0 0.5364583333333334 0.5625 0.06666666666666667 0.10833333333333334
0 0.8520833333333333 0.628125 0.140625 0.18541666666666667
0 0.7135416666666666 0.6822916666666666 0.10416666666666667 0.11875
0 0.6083333333333333 0.7635416666666667 0.11666666666666667 0.18125
0 0.8979166666666667 0.8729166666666667 0.20416666666666666 0.25