0 0.5104166666666666 0.32395833333333335 0.0375 0.06041666666666667
0 0.32083333333333336 0.36354166666666665 0.06458333333333334 0.08125
0 0.4791666666666667 0.36875 0.03333333333333333 0.04583333333333333
0 0.5479166666666667 0.36875 0.041666666666666664 0.0875
0 0.2520833333333333 0.37916666666666665 0.053125 0.075
0 0.621875 0.4010416666666667 0.05 0.07708333333333334
0 0.371875 0.40208333333333335 0.04375 0.0625
0 0.228125 0.496875 0.06875 0.08541666666666667
0 0.3333333333333333 0.5197916666666667 0.058333333333333334 0.06458333333333334
0 0.5979166666666667 0.64375 0.09166666666666666 0.1375
0 0.065625 0.8052083333333333 0.13125 0.1625
0 0.740625 0.6614583333333334 0.1 0.13854166666666667