0 0.5354166666666667 0.34791666666666665 0.05625 0.1125
0 0.3802083333333333 0.35520833333333335 0.030208333333333334 0.03854166666666667
0 0.6395833333333333 0.3729166666666667 0.0625 0.08333333333333333
0 0.5916666666666667 0.37916666666666665 0.035416666666666666 0.04583333333333333
0 0.4895833333333333 0.41041666666666665 0.03958333333333333 0.04583333333333333
0 0.28541666666666665 0.4197916666666667 0.059375 0.07708333333333334
0 0.6822916666666666 0.42604166666666665 0.08333333333333333 0.09375
0 0.5010416666666667 0.4479166666666667 0.04791666666666667 0.05416666666666667
0 0.6291666666666667 0.465625 0.08333333333333333 0.12708333333333333
0 0.51875 0.5333333333333333 0.05625 0.07916666666666666
0 0.3260416666666667 0.5364583333333334 0.06770833333333333 0.06666666666666667
0 0.7666666666666667 0.6604166666666667 0.24166666666666667 0.35
0 0.5770833333333333 0.6895833333333333 0.09791666666666667 0.175
0 0.709375 0.95 0.159375 0.09895833333333333