0 0.3302083333333333 0.3125 0.03333333333333333 0.04583333333333333
0 0.39479166666666665 0.33229166666666665 0.027083333333333334 0.035416666666666666
0 0.29375 0.3489583333333333 0.03125 0.05625
0 0.3375 0.35104166666666664 0.034375 0.05625
0 0.38333333333333336 0.3614583333333333 0.03333333333333333 0.04375
0 0.6114583333333333 0.3645833333333333 0.06458333333333334 0.10416666666666667
0 0.5510416666666667 0.3729166666666667 0.06458333333333334 0.10833333333333334
0 0.4895833333333333 0.38958333333333334 0.0625 0.10833333333333334
0 0.7052083333333333 0.428125 0.041666666666666664 0.06041666666666667
0 0.659375 0.4427083333333333 0.046875 0.07708333333333334
0 0.34791666666666665 0.4875 0.05416666666666667 0.0625
0 0.23958333333333334 0.5010416666666667 0.09166666666666666 0.11041666666666666
0 0.09375 0.5291666666666667 0.14375 0.175
0 0.5385416666666667 0.5708333333333333 0.07291666666666667 0.1
0 0.9 0.6322916666666667 0.2 0.30625
0 0.12916666666666668 0.659375 0.14791666666666667 0.21041666666666667
0 0.7614583333333333 0.665625 0.24583333333333332 0.39791666666666664
0 0.27708333333333335 0.7822916666666667 0.11041666666666666 0.13958333333333334