0 0.24479166666666666 0.3645833333333333 0.07083333333333333 0.09583333333333334
0 0.6072916666666667 0.3645833333333333 0.06458333333333334 0.1
0 0.5583333333333333 0.3958333333333333 0.046875 0.0875
0 0.5 0.425 0.046875 0.06666666666666667
0 0.6885416666666667 0.45625 0.06041666666666667 0.10416666666666667
0 0.6020833333333333 0.4635416666666667 0.053125 0.06875
0 0.13541666666666666 0.5041666666666667 0.09166666666666666 0.10416666666666667
0 0.5229166666666667 0.5270833333333333 0.06875 0.09583333333333334
0 0.7604166666666666 0.55625 0.08125 0.1125
0 0.19895833333333332 0.5739583333333333 0.09166666666666666 0.11875
0 0.6520833333333333 0.575 0.07708333333333334 0.1
0 0.6489583333333333 0.803125 0.14166666666666666 0.19791666666666666
0 0.07604166666666666 0.834375 0.15208333333333332 0.16875
0 0.16875 0.959375 0.16041666666666668 0.08020833333333334
0 0.9197916666666667 0.871875 0.16041666666666668 0.2552083333333333
0 0.9354166666666667 0.6614583333333334 0.12916666666666668 0.21458333333333332
0 0.3260416666666667 0.3416666666666667 0.05 0.08229166666666667