0 0.5979166666666667 0.34375 0.052083333333333336 0.1
0 0.540625 0.3572916666666667 0.059375 0.11041666666666666
0 0.4864583333333333 0.365625 0.05416666666666667 0.09791666666666667
0 0.3770833333333333 0.371875 0.03333333333333333 0.04791666666666667
0 0.23958333333333334 0.3958333333333333 0.052083333333333336 0.08333333333333333
0 0.296875 0.4010416666666667 0.05625 0.09375
0 0.3572916666666667 0.4395833333333333 0.058333333333333334 0.0625
0 0.5041666666666667 0.45729166666666665 0.05416666666666667 0.08541666666666667
0 0.6458333333333334 0.5052083333333334 0.134375 0.22291666666666668
0 0.7895833333333333 0.5135416666666667 0.1625 0.22291666666666668
0 0.68125 0.9166666666666666 0.16875 0.16666666666666666