0 0.32916666666666666 0.346875 0.05416666666666667 0.08541666666666667
0 0.275 0.35208333333333336 0.05625 0.07083333333333333
0 0.22708333333333333 0.3875 0.090625 0.0875
0 0.37083333333333335 0.39375 0.035416666666666666 0.05
0 0.54375 0.39479166666666665 0.034375 0.04375
0 0.5041666666666667 0.41875 0.035416666666666666 0.0625
0 0.3416666666666667 0.4625 0.05 0.0625
0 0.24166666666666667 0.46979166666666666 0.11666666666666667 0.16041666666666668
0 0.11979166666666667 0.48541666666666666 0.09166666666666666 0.125
0 0.2604166666666667 0.6947916666666667 0.11458333333333333 0.15208333333333332
0 0.7541666666666667 0.846875 0.14166666666666666 0.21041666666666667