0 0.471875 0.35520833333333335 0.030208333333333334 0.04375
0 0.38125 0.3697916666666667 0.034375 0.04375
0 0.31354166666666666 0.36354166666666665 0.059375 0.09375
0 0.615625 0.3875 0.040625 0.07083333333333333
0 0.3697916666666667 0.40520833333333334 0.03333333333333333 0.052083333333333336
0 0.6520833333333333 0.4197916666666667 0.059375 0.11041666666666666
0 0.571875 0.4197916666666667 0.046875 0.0625
0 0.7197916666666667 0.446875 0.06041666666666667 0.06875
0 0.5010416666666667 0.45416666666666666 0.04479166666666667 0.06666666666666667
0 0.18020833333333333 0.45729166666666665 0.05625 0.06875
0 0.2604166666666667 0.47291666666666665 0.05416666666666667 0.07083333333333333
0 0.34270833333333334 0.49375 0.06041666666666667 0.07291666666666667
0 0.6427083333333333 0.5270833333333333 0.07291666666666667 0.10833333333333334
0 0.10208333333333333 0.5270833333333333 0.07395833333333333 0.09166666666666666
0 0.8552083333333333 0.5635416666666667 0.08333333333333333 0.0875
0 0.5520833333333334 0.5958333333333333 0.10208333333333333 0.12916666666666668
0 0.16458333333333333 0.6229166666666667 0.09895833333333333 0.115625
0 0.3104166666666667 0.6239583333333333 0.08229166666666667 0.11666666666666667
0 0.7552083333333334 0.6666666666666666 0.15416666666666667 0.2833333333333333
0 0.8760416666666667 0.6729166666666667 0.09791666666666667 0.13333333333333333
0 0.653125 0.8375 0.14791666666666667 0.22083333333333333
0 0.9489583333333333 0.878125 0.10208333333333333 0.24375
0 0.13229166666666667 0.94375 0.17395833333333333 0.1125