0 0.24583333333333332 0.359375 0.07291666666666667 0.06875
0 0.375 0.41458333333333336 0.040625 0.05
0 0.571875 0.4166666666666667 0.04375 0.058333333333333334
0 0.23958333333333334 0.44166666666666665 0.115625 0.1625
0 0.5041666666666667 0.4510416666666667 0.046875 0.06875
0 0.13333333333333333 0.46041666666666664 0.109375 0.14583333333333334
0 0.7 0.4875 0.08125 0.12083333333333333
0 0.6052083333333333 0.5020833333333333 0.058333333333333334 0.075
0 0.5375 0.5322916666666667 0.0625 0.09375
0 0.675 0.5760416666666667 0.103125 0.15625
0 0.1 0.6333333333333333 0.2 0.3416666666666667
0 0.5958333333333333 0.771875 0.128125 0.20208333333333334