0 0.54375 0.35833333333333334 0.0375 0.07083333333333333
0 0.48333333333333334 0.3854166666666667 0.034375 0.041666666666666664
0 0.3 0.39895833333333336 0.053125 0.09375
0 0.36666666666666664 0.421875 0.04375 0.04375
0 0.6833333333333333 0.4239583333333333 0.078125 0.14375
0 0.49270833333333336 0.425 0.03958333333333333 0.058333333333333334
0 0.603125 0.43645833333333334 0.11875 0.17708333333333334
0 0.140625 0.44479166666666664 0.1625 0.20208333333333334
0 0.5125 0.48020833333333335 0.05 0.07291666666666667
0 0.25104166666666666 0.48541666666666666 0.058333333333333334 0.058333333333333334
0 0.33541666666666664 0.496875 0.053125 0.06875
0 0.11458333333333333 0.6333333333333333 0.10833333333333334 0.11666666666666667
0 0.5854166666666667 0.7447916666666666 0.109375 0.16875
0 0.1875 0.9145833333333333 0.21875 0.17083333333333334
0 0.8666666666666667 0.7604166666666666 0.26666666666666666 0.475