0 0.646875 0.3927083333333333 0.040625 0.06041666666666667
0 0.49270833333333336 0.40729166666666666 0.040625 0.06041666666666667
0 0.271875 0.4395833333333333 0.075 0.125
0 0.696875 0.46458333333333335 0.075 0.12708333333333333
0 0.33541666666666664 0.4947916666666667 0.06458333333333334 0.08958333333333333
0 0.5270833333333333 0.5083333333333333 0.06041666666666667 0.08333333333333333
0 0.6802083333333333 0.5708333333333333 0.07916666666666666 0.10416666666666667
0 0.33541666666666664 0.5770833333333333 0.07916666666666666 0.10833333333333334
0 0.8229166666666666 0.590625 0.13125 0.19791666666666666
0 0.584375 0.7291666666666666 0.10625 0.175
0 0.9333333333333333 0.928125 0.13229166666666667 0.14270833333333333