0 0.38333333333333336 0.34791666666666665 0.029166666666666667 0.03333333333333333
0 0.28958333333333336 0.35625 0.03333333333333333 0.0375
0 0.5385416666666667 0.36354166666666665 0.04583333333333333 0.07291666666666667
0 0.48333333333333334 0.37916666666666665 0.034375 0.0375
0 0.65 0.396875 0.071875 0.11875
0 0.5041666666666667 0.41770833333333335 0.03958333333333333 0.04791666666666667
0 0.596875 0.41770833333333335 0.084375 0.13958333333333334
0 0.36041666666666666 0.4197916666666667 0.041666666666666664 0.04791666666666667
0 0.7239583333333334 0.43645833333333334 0.05416666666666667 0.06458333333333334
0 0.5291666666666667 0.5166666666666667 0.065625 0.07083333333333333
0 0.796875 0.5177083333333333 0.15625 0.17291666666666666
0 0.6697916666666667 0.5583333333333333 0.08333333333333333 0.14166666666666666
0 0.5635416666666667 0.65 0.08958333333333333 0.12083333333333333
0 0.7958333333333333 0.7041666666666667 0.184375 0.3375