0 0.6729166666666667 0.4197916666666667 0.06875 0.09791666666666667
0 0.18854166666666666 0.46041666666666664 0.05416666666666667 0.059375
0 0.7375 0.475 0.096875 0.15104166666666666
0 0.6177083333333333 0.50625 0.05416666666666667 0.13333333333333333
0 0.32395833333333335 0.5104166666666666 0.057291666666666664 0.075
0 0.6677083333333333 0.5489583333333333 0.10208333333333333 0.19375
0 0.5270833333333333 0.5770833333333333 0.07395833333333333 0.13229166666666667
0 0.15520833333333334 0.6395833333333333 0.09583333333333334 0.10416666666666667
0 0.8572916666666667 0.7072916666666667 0.228125 0.3333333333333333
0 0.571875 0.7135416666666666 0.103125 0.14895833333333333
0 0.29270833333333335 0.7104166666666667 0.10208333333333333 0.128125
0 0.6104166666666667 0.8427083333333333 0.13854166666666667 0.16875
0 0.509375 0.47708333333333336 0.05625 0.05416666666666667
0 0.640625 0.9489583333333333 0.153125 0.10104166666666667
0 0.9229166666666667 0.84375 0.15416666666666667 0.31145833333333334
0 0.5510416666666667 0.3875 0.04895833333333333 0.08125
0 0.6052083333333333 0.3770833333333333 0.057291666666666664 0.078125