0 0.3854166666666667 0.365625 0.035416666666666666 0.05625
0 0.321875 0.3802083333333333 0.034375 0.04375
0 0.6197916666666666 0.39375 0.041666666666666664 0.075
0 0.3645833333333333 0.421875 0.03958333333333333 0.04791666666666667
0 0.18541666666666667 0.42291666666666666 0.11875 0.1625
0 0.5052083333333334 0.4239583333333333 0.04583333333333333 0.06458333333333334
0 0.2833333333333333 0.4479166666666667 0.04583333333333333 0.0625
0 0.35 0.48854166666666665 0.05 0.06875
0 0.6239583333333333 0.5552083333333333 0.06666666666666667 0.09791666666666667
0 0.14166666666666666 0.5864583333333333 0.171875 0.23958333333333334
0 0.2791666666666667 0.6447916666666667 0.09583333333333334 0.12708333333333333
0 0.7625 0.6447916666666667 0.153125 0.29791666666666666
0 0.9083333333333333 0.6552083333333333 0.12291666666666666 0.16458333333333333
0 0.5875 0.7229166666666667 0.1 0.1875
0 0.9041666666666667 0.840625 0.190625 0.3020833333333333