0 0.5510416666666667 0.36875 0.052083333333333336 0.0875
0 0.30833333333333335 0.378125 0.04583333333333333 0.07291666666666667
0 0.490625 0.40208333333333335 0.034375 0.041666666666666664
0 0.36875 0.41354166666666664 0.04375 0.04375
0 0.16875 0.4270833333333333 0.13125 0.17916666666666667
0 0.6885416666666667 0.4322916666666667 0.08958333333333333 0.16041666666666668
0 0.49583333333333335 0.4479166666666667 0.04791666666666667 0.06666666666666667
0 0.27395833333333336 0.453125 0.04791666666666667 0.05625
0 0.6239583333333333 0.46145833333333336 0.12708333333333333 0.18958333333333333
0 0.3416666666666667 0.4666666666666667 0.046875 0.06666666666666667
0 0.5229166666666667 0.5104166666666666 0.058333333333333334 0.08333333333333333
0 0.1625 0.5604166666666667 0.090625 0.10416666666666667
0 0.246875 0.7875 0.159375 0.22916666666666666
0 0.059375 0.790625 0.11875 0.12291666666666666
0 0.63125 0.8864583333333333 0.14375 0.22708333333333333
0 0.9010416666666666 0.7958333333333333 0.19791666666666666 0.40729166666666666