0 0.5510416666666667 0.38958333333333334 0.052083333333333336 0.08333333333333333
0 0.49166666666666664 0.403125 0.04583333333333333 0.052083333333333336
0 0.5708333333333333 0.4479166666666667 0.04583333333333333 0.06666666666666667
0 0.5010416666666667 0.46041666666666664 0.04791666666666667 0.06666666666666667
0 0.6520833333333333 0.5010416666666667 0.134375 0.21041666666666667
0 0.7708333333333334 0.5375 0.10833333333333334 0.1125
0 0.5395833333333333 0.5614583333333333 0.06875 0.09375
0 0.8979166666666667 0.68125 0.11666666666666667 0.1375
0 0.234375 0.7864583333333334 0.121875 0.13958333333333334
0 0.8166666666666667 0.8125 0.153125 0.2
0 0.6885416666666667 0.9354166666666667 0.14791666666666667 0.128125