0 0.390625 0.3375 0.028125 0.0375
0 0.475 0.36354166666666665 0.03333333333333333 0.03958333333333333
0 0.5375 0.359375 0.04375 0.08125
0 0.37604166666666666 0.3625 0.029166666666666667 0.03333333333333333
0 0.3145833333333333 0.3729166666666667 0.065625 0.09583333333333334
0 0.596875 0.37395833333333334 0.05 0.07708333333333334
0 0.23333333333333334 0.39166666666666666 0.053125 0.075
0 0.36041666666666666 0.42916666666666664 0.053125 0.07083333333333333
0 0.6625 0.553125 0.075 0.10625
0 0.565625 0.5552083333333333 0.071875 0.11041666666666666
0 0.18958333333333333 0.5572916666666666 0.078125 0.09375
0 0.31145833333333334 0.5979166666666667 0.071875 0.08854166666666667