0 0.36666666666666664 0.38645833333333335 0.03333333333333333 0.03958333333333333
0 0.65 0.41458333333333336 0.0625 0.0875
0 0.5145833333333333 0.48333333333333334 0.046875 0.075
0 0.12395833333333334 0.49166666666666664 0.09583333333333334 0.121875
0 0.7458333333333333 0.49895833333333334 0.09166666666666666 0.16041666666666668
0 0.628125 0.515625 0.071875 0.13541666666666666
0 0.5291666666666667 0.5197916666666667 0.06354166666666666 0.06041666666666667
0 0.33541666666666664 0.5135416666666667 0.06145833333333333 0.08020833333333334
0 0.84375 0.534375 0.140625 0.12395833333333334
0 0.6666666666666666 0.5583333333333333 0.10625 0.1875
0 0.534375 0.6229166666666667 0.075 0.146875
0 0.58125 0.7260416666666667 0.1 0.14791666666666667
0 0.85625 0.734375 0.23125 0.38958333333333334
0 0.2677083333333333 0.7802083333333333 0.121875 0.15520833333333334
0 0.08125 0.7958333333333333 0.16145833333333334 0.40729166666666666
0 0.9239583333333333 0.8416666666666667 0.15104166666666666 0.31666666666666665
0 0.6114583333333333 0.8625 0.134375 0.21458333333333332
0 0.6385416666666667 0.9510416666666667 0.153125 0.09791666666666667
0 0.6114583333333333 0.3614583333333333 0.06354166666666666 0.10416666666666667