0 0.2625 0.36041666666666666 0.05625 0.07083333333333333
0 0.321875 0.36041666666666666 0.065625 0.09583333333333334
0 0.5354166666666667 0.38333333333333336 0.034375 0.04583333333333333
0 0.20833333333333334 0.40520833333333334 0.09791666666666667 0.09375
0 0.37083333333333335 0.40520833333333334 0.046875 0.06458333333333334
0 0.49895833333333334 0.40625 0.03958333333333333 0.058333333333333334
0 0.22708333333333333 0.4864583333333333 0.12291666666666666 0.17291666666666666
0 0.334375 0.4895833333333333 0.05625 0.075
0 0.10208333333333333 0.5052083333333334 0.103125 0.14375
0 0.7135416666666666 0.759375 0.12291666666666666 0.19375
0 0.22708333333333333 0.7802083333333333 0.14583333333333334 0.18541666666666667