0 0.5541666666666667 0.390625 0.052083333333333336 0.07708333333333334
0 0.3729166666666667 0.39166666666666666 0.03958333333333333 0.041666666666666664
0 0.28020833333333334 0.42604166666666665 0.08333333333333333 0.13125
0 0.6645833333333333 0.43333333333333335 0.06875 0.10833333333333334
0 0.50625 0.43645833333333334 0.04375 0.06458333333333334
0 0.5979166666666667 0.475 0.05 0.06666666666666667
0 0.7802083333333333 0.5041666666666667 0.17083333333333334 0.23333333333333334
0 0.6489583333333333 0.5354166666666667 0.08541666666666667 0.15
0 0.5322916666666667 0.5708333333333333 0.06666666666666667 0.09166666666666666
0 0.8125 0.7447916666666666 0.184375 0.29791666666666666
0 0.6208333333333333 0.7979166666666667 0.13541666666666666 0.20833333333333334