0 0.5635416666666667 0.4010416666666667 0.041666666666666664 0.052083333333333336
0 0.6291666666666667 0.4010416666666667 0.05 0.07291666666666667
0 0.271875 0.4114583333333333 0.084375 0.14375
0 0.6958333333333333 0.425 0.04583333333333333 0.058333333333333334
0 0.49270833333333336 0.44895833333333335 0.04791666666666667 0.07291666666666667
0 0.6666666666666666 0.45416666666666666 0.058333333333333334 0.07083333333333333
0 0.5822916666666667 0.459375 0.05416666666666667 0.07291666666666667
0 0.07916666666666666 0.49375 0.15833333333333333 0.2
0 0.7708333333333334 0.5166666666666667 0.11458333333333333 0.15833333333333333
0 0.5458333333333333 0.5552083333333333 0.075 0.10625
0 0.7020833333333333 0.5958333333333333 0.121875 0.21666666666666667
0 0.8625 0.7864583333333334 0.225 0.39791666666666664