0 0.534375 0.35833333333333334 0.0625 0.0875
0 0.5854166666666667 0.4354166666666667 0.08333333333333333 0.15833333333333333
0 0.26666666666666666 0.446875 0.041666666666666664 0.06458333333333334
0 0.3385416666666667 0.4479166666666667 0.04583333333333333 0.05416666666666667
0 0.6583333333333333 0.490625 0.128125 0.21041666666666667
0 0.515625 0.5020833333333333 0.0625 0.08020833333333334
0 0.7604166666666666 0.5260416666666666 0.065625 0.07291666666666667
0 0.5552083333333333 0.5729166666666666 0.08541666666666667 0.12083333333333333
0 0.6927083333333334 0.6166666666666667 0.08958333333333333 0.13333333333333333
0 0.5614583333333333 0.6552083333333333 0.09270833333333334 0.11875
0 0.2875 0.6625 0.08958333333333333 0.125
0 0.06979166666666667 0.690625 0.11041666666666666 0.11041666666666666
0 0.8552083333333333 0.7583333333333333 0.24895833333333334 0.384375
0 0.5822916666666667 0.75625 0.11354166666666667 0.17083333333333334
0 0.6333333333333333 0.8666666666666667 0.13645833333333332 0.2125