0 0.334375 0.371875 0.034375 0.04375
0 0.5541666666666667 0.38645833333333335 0.046875 0.07291666666666667
0 0.36875 0.39791666666666664 0.034375 0.05
0 0.303125 0.40208333333333335 0.0375 0.041666666666666664
0 0.19375 0.41875 0.0875 0.11770833333333333
0 0.6395833333333333 0.42291666666666666 0.06354166666666666 0.05
0 0.5739583333333333 0.42604166666666665 0.03958333333333333 0.04791666666666667
0 0.27395833333333336 0.4583333333333333 0.05 0.06145833333333333
0 0.5083333333333333 0.48125 0.05 0.075
0 0.7666666666666667 0.5052083333333334 0.14791666666666667 0.18125
0 0.5291666666666667 0.5666666666666667 0.07395833333333333 0.10729166666666666
0 0.675 0.5875 0.0875 0.11041666666666666
0 0.8666666666666667 0.6520833333333333 0.11666666666666667 0.125
0 0.5802083333333333 0.6864583333333333 0.09479166666666666 0.13125
0 0.2552083333333333 0.7322916666666667 0.109375 0.13645833333333332
0 0.8802083333333334 0.8802083333333334 0.17291666666666666 0.22708333333333333
0 0.71875 0.9291666666666667 0.175 0.140625
0 0.9708333333333333 0.8145833333333333 0.057291666666666664 0.1625