0 0.3645833333333333 0.39479166666666665 0.0375 0.052083333333333336
0 0.4895833333333333 0.396875 0.034375 0.04791666666666667
0 0.6333333333333333 0.41354166666666664 0.05416666666666667 0.07708333333333334
0 0.5541666666666667 0.4197916666666667 0.040625 0.04791666666666667
0 0.16458333333333333 0.42291666666666666 0.11666666666666667 0.125
0 0.5041666666666667 0.44479166666666664 0.053125 0.06458333333333334
0 0.2708333333333333 0.44895833333333335 0.05 0.06875
0 0.5927083333333333 0.45729166666666665 0.06458333333333334 0.09375
0 0.525 0.5416666666666666 0.06875 0.10416666666666667
0 0.10833333333333334 0.609375 0.215625 0.32708333333333334
0 0.2989583333333333 0.6697916666666667 0.09583333333333334 0.11875
0 0.7635416666666667 0.6927083333333334 0.12083333333333333 0.15208333333333332
0 0.625 0.8302083333333333 0.134375 0.21458333333333332