0 0.5677083333333334 0.39166666666666666 0.07291666666666667 0.1125
0 0.628125 0.39479166666666665 0.05625 0.08958333333333333
0 0.48541666666666666 0.396875 0.040625 0.04791666666666667
0 0.6677083333333333 0.39895833333333336 0.03333333333333333 0.052083333333333336
0 0.6572916666666667 0.44166666666666665 0.04791666666666667 0.06666666666666667
0 0.5 0.44895833333333335 0.05625 0.07708333333333334
0 0.24479166666666666 0.45729166666666665 0.06875 0.08541666666666667
0 0.5197916666666667 0.4979166666666667 0.05416666666666667 0.08333333333333333
0 0.7864583333333334 0.50625 0.16666666666666666 0.2375
0 0.11354166666666667 0.5177083333333333 0.09791666666666667 0.13125
0 0.6395833333333333 0.5385416666666667 0.071875 0.09375
0 0.5375 0.5864583333333333 0.075 0.13541666666666666
0 0.590625 0.7354166666666667 0.11875 0.1625
0 0.7729166666666667 0.7572916666666667 0.140625 0.18958333333333333
0 0.24479166666666666 0.7875 0.12291666666666666 0.175
0 0.359375 0.41875 0.046875 0.05625