0 0.5479166666666667 0.36666666666666664 0.0625 0.0875
0 0.5854166666666667 0.4354166666666667 0.08333333333333333 0.15833333333333333
0 0.5104166666666666 0.46145833333333336 0.06041666666666667 0.03958333333333333
0 0.6552083333333333 0.5 0.12291666666666666 0.22916666666666666
0 0.3333333333333333 0.5125 0.06458333333333334 0.09166666666666666
0 0.5197916666666667 0.515625 0.06041666666666667 0.08541666666666667
0 0.7604166666666666 0.5260416666666666 0.065625 0.07291666666666667
0 0.5322916666666667 0.5604166666666667 0.06458333333333334 0.0875
0 0.178125 0.5760416666666667 0.084375 0.08958333333333333
0 0.803125 0.5770833333333333 0.0875 0.10416666666666667
0 0.5614583333333333 0.5927083333333333 0.08958333333333333 0.13541666666666666
0 0.921875 0.690625 0.13125 0.15208333333333332
0 0.76875 0.7364583333333333 0.140625 0.18125
0 0.5958333333333333 0.7489583333333333 0.11875 0.16458333333333333