0 0.58125 0.6708333333333333 0.125 0.21666666666666667
0 0.23333333333333334 0.803125 0.12291666666666666 0.15625
0 0.7041666666666667 0.9291666666666667 0.1875 0.140625
0 0.9041666666666667 0.878125 0.19166666666666668 0.24270833333333333
0 0.7125 0.4947916666666667 0.13333333333333333 0.121875
0 0.5833333333333334 0.54375 0.06979166666666667 0.09479166666666666
0 0.5145833333333333 0.48125 0.051041666666666666 0.07395833333333333
0 0.26979166666666665 0.44479166666666664 0.06041666666666667 0.08854166666666667
0 0.29375 0.35625 0.029166666666666667 0.04375
0 0.34270833333333334 0.3302083333333333 0.03333333333333333 0.059375
0 0.37083333333333335 0.3802083333333333 0.029166666666666667 0.03958333333333333
0 0.4895833333333333 0.41458333333333336 0.041666666666666664 0.05625
0 0.5583333333333333 0.3854166666666667 0.05416666666666667 0.09583333333333334
0 0.5875 0.4395833333333333 0.0625 0.12916666666666668