0 0.578125 0.34791666666666665 0.05 0.07916666666666666
0 0.3104166666666667 0.378125 0.052083333333333336 0.08125
0 0.3770833333333333 0.3958333333333333 0.03958333333333333 0.03958333333333333
0 0.49270833333333336 0.41354166666666664 0.041666666666666664 0.052083333333333336
0 0.175 0.45208333333333334 0.065625 0.09479166666666666
0 0.24791666666666667 0.465625 0.090625 0.140625
0 0.353125 0.47291666666666665 0.05625 0.05416666666666667
0 0.09895833333333333 0.540625 0.09583333333333334 0.11354166666666667
0 0.7041666666666667 0.5625 0.17916666666666667 0.303125
0 0.53125 0.5552083333333333 0.06979166666666667 0.121875
0 0.28020833333333334 0.6302083333333334 0.09166666666666666 0.11458333333333333
0 0.7208333333333333 0.896875 0.15833333333333333 0.20625