0 0.6208333333333333 0.3729166666666667 0.058333333333333334 0.0875
0 0.49166666666666664 0.390625 0.034375 0.04375
0 0.571875 0.39166666666666666 0.071875 0.11666666666666667
0 0.23541666666666666 0.4114583333333333 0.041666666666666664 0.052083333333333336
0 0.3697916666666667 0.41354166666666664 0.04791666666666667 0.06041666666666667
0 0.50625 0.4479166666666667 0.05 0.05416666666666667
0 0.7083333333333334 0.45625 0.115625 0.15833333333333333
0 0.6072916666666667 0.4791666666666667 0.052083333333333336 0.10833333333333334
0 0.5229166666666667 0.5145833333333333 0.059375 0.075
0 0.8333333333333334 0.5302083333333333 0.07083333333333333 0.08541666666666667
0 0.6854166666666667 0.5489583333333333 0.11666666666666667 0.20625
0 0.29270833333333335 0.6125 0.07916666666666666 0.0875
0 0.5760416666666667 0.66875 0.09583333333333334 0.14166666666666666
0 0.8291666666666667 0.759375 0.203125 0.34375