0 0.384375 0.346875 0.028125 0.035416666666666666
0 0.5354166666666667 0.359375 0.041666666666666664 0.06041666666666667
0 0.27291666666666664 0.36875 0.04583333333333333 0.0625
0 0.48020833333333335 0.375 0.03333333333333333 0.041666666666666664
0 0.54375 0.40208333333333335 0.025 0.0375
0 0.6395833333333333 0.41041666666666665 0.03958333333333333 0.05416666666666667
0 0.4895833333333333 0.41770833333333335 0.03958333333333333 0.05625
0 0.5947916666666667 0.4270833333333333 0.08541666666666667 0.1375
0 0.690625 0.4635416666666667 0.075 0.08541666666666667
0 0.5114583333333333 0.48125 0.05416666666666667 0.06666666666666667
0 0.775 0.5635416666666667 0.078125 0.09791666666666667
0 0.6697916666666667 0.5802083333333333 0.08541666666666667 0.10208333333333333
0 0.5895833333333333 0.678125 0.08958333333333333 0.12291666666666666
0 0.93125 0.68125 0.1375 0.225
0 0.6635416666666667 0.9510416666666667 0.14791666666666667 0.096875