0 0.36666666666666664 0.403125 0.041666666666666664 0.04791666666666667
0 0.28541666666666665 0.4114583333333333 0.059375 0.09375
0 0.5708333333333333 0.421875 0.0375 0.04791666666666667
0 0.6947916666666667 0.440625 0.11041666666666666 0.13541666666666666
0 0.35520833333333335 0.44479166666666664 0.04583333333333333 0.05625
0 0.6020833333333333 0.459375 0.05625 0.07291666666666667
0 0.5041666666666667 0.465625 0.05 0.06458333333333334
0 0.521875 0.5083333333333333 0.059375 0.09166666666666666
0 0.7333333333333333 0.5145833333333333 0.07708333333333334 0.0875
0 0.6416666666666667 0.5427083333333333 0.065625 0.10208333333333333
0 0.5395833333333333 0.5552083333333333 0.06875 0.09375
0 0.22708333333333333 0.5791666666666667 0.08541666666666667 0.0875
0 0.80625 0.6 0.0875 0.0875
0 0.7052083333333333 0.6229166666666667 0.11666666666666667 0.2
0 0.6020833333333333 0.6572916666666667 0.0875 0.13125
0 0.55625 0.7416666666666667 0.109375 0.2125
0 0.878125 0.8208333333333333 0.228125 0.35833333333333334
0 0.19375 0.8979166666666667 0.1625 0.20416666666666666
0 0.928125 0.63125 0.14375 0.3333333333333333