0 0.49270833333333336 0.390625 0.03333333333333333 0.04375
0 0.35 0.39375 0.034375 0.041666666666666664
0 0.5552083333333333 0.39895833333333336 0.04791666666666667 0.06875
0 0.4979166666666667 0.44895833333333335 0.046875 0.07291666666666667
0 0.6291666666666667 0.5177083333333333 0.06666666666666667 0.09375
0 0.5322916666666667 0.5572916666666666 0.07083333333333333 0.10625
0 0.3020833333333333 0.5729166666666666 0.07916666666666666 0.1
0 0.052083333333333336 0.58125 0.103125 0.275
0 0.7583333333333333 0.6322916666666667 0.14375 0.23541666666666666
0 0.059375 0.7072916666666667 0.11875 0.14791666666666667
0 0.6916666666666667 0.9145833333333333 0.16041666666666668 0.16979166666666667
0 0.9572916666666667 0.7833333333333333 0.08541666666666667 0.19166666666666668