0 0.228125 0.371875 0.065625 0.07708333333333334
0 0.2947916666666667 0.375 0.07291666666666667 0.10833333333333334
0 0.4895833333333333 0.40625 0.035416666666666666 0.05
0 0.5760416666666667 0.43020833333333336 0.041666666666666664 0.05625
0 0.22395833333333334 0.45625 0.12083333333333333 0.17083333333333334
0 0.6125 0.47604166666666664 0.05625 0.07291666666666667
0 0.12291666666666666 0.490625 0.0875 0.09791666666666667
0 0.340625 0.5125 0.059375 0.07916666666666666
0 0.5291666666666667 0.5375 0.0625 0.09583333333333334
0 0.815625 0.5927083333333333 0.125 0.16875
0 0.6864583333333333 0.6385416666666667 0.09166666666666666 0.10625
0 0.5895833333333333 0.696875 0.10208333333333333 0.15625
0 0.8541666666666666 0.8208333333333333 0.21666666666666667 0.2875