0 0.29583333333333334 0.35104166666666664 0.0375 0.05625
0 0.5395833333333333 0.3729166666666667 0.04375 0.07083333333333333
0 0.48541666666666666 0.3885416666666667 0.03958333333333333 0.04791666666666667
0 0.55625 0.41875 0.034375 0.058333333333333334
0 0.6541666666666667 0.42916666666666664 0.05 0.08333333333333333
0 0.49270833333333336 0.434375 0.052083333333333336 0.06875
0 0.6114583333333333 0.4583333333333333 0.11041666666666666 0.17083333333333334
0 0.7208333333333333 0.4947916666666667 0.08333333333333333 0.08541666666666667
0 0.5208333333333334 0.5072916666666667 0.058333333333333334 0.07708333333333334
0 0.8197916666666667 0.6083333333333333 0.09791666666666667 0.1125
0 0.7145833333333333 0.6447916666666667 0.1 0.11875
0 0.625 0.7770833333333333 0.1125 0.17083333333333334