0 0.33958333333333335 0.33229166666666665 0.04583333333333333 0.07291666666666667
0 0.284375 0.36041666666666666 0.040625 0.0625
0 0.375 0.38125 0.0375 0.04583333333333333
0 0.59375 0.428125 0.096875 0.16041666666666668
0 0.265625 0.44166666666666665 0.046875 0.05416666666666667
0 0.7145833333333333 0.459375 0.12291666666666666 0.17291666666666666
0 0.35 0.48020833333333335 0.05 0.06041666666666667
0 0.22604166666666667 0.4979166666666667 0.06666666666666667 0.12916666666666668
0 0.09791666666666667 0.528125 0.10625 0.13541666666666666
0 0.5510416666666667 0.6 0.08333333333333333 0.12083333333333333
0 0.9145833333333333 0.6041666666666666 0.17083333333333334 0.2
0 0.7572916666666667 0.68125 0.11458333333333333 0.16666666666666666
0 0.23958333333333334 0.7583333333333333 0.13125 0.16666666666666666
0 0.9041666666666667 0.83125 0.19166666666666668 0.3375
0 0.5302083333333333 0.33958333333333335 0.05 0.08125