0 0.51875 0.33645833333333336 0.053125 0.08958333333333333
0 0.6166666666666667 0.384375 0.05625 0.08541666666666667
0 0.5583333333333333 0.3854166666666667 0.071875 0.10833333333333334
0 0.6510416666666666 0.43333333333333335 0.04583333333333333 0.05416666666666667
0 0.4947916666666667 0.4354166666666667 0.041666666666666664 0.0625
0 0.28020833333333334 0.4375 0.04791666666666667 0.05416666666666667
0 0.5104166666666666 0.47291666666666665 0.04791666666666667 0.07083333333333333
0 0.7489583333333333 0.475 0.14791666666666667 0.2125
0 0.6166666666666667 0.503125 0.06458333333333334 0.09375
0 0.31979166666666664 0.5322916666666667 0.07291666666666667 0.08541666666666667
0 0.5239583333333333 0.5395833333333333 0.06458333333333334 0.10833333333333334
0 0.90625 0.5760416666666667 0.096875 0.11041666666666666
0 0.14479166666666668 0.5791666666666667 0.11666666666666667 0.13333333333333333
0 0.6927083333333334 0.6354166666666666 0.09583333333333334 0.13333333333333333
0 0.5572916666666666 0.640625 0.09166666666666666 0.13958333333333334
0 0.93125 0.8552083333333333 0.1375 0.28854166666666664