0 0.7135416666666666 0.4510416666666667 0.07083333333333333 0.11458333333333333
0 0.5020833333333333 0.4666666666666667 0.034375 0.075
0 0.7854166666666667 0.5114583333333333 0.109375 0.14791666666666667
0 0.5260416666666666 0.5145833333333333 0.052083333333333336 0.075
0 0.6739583333333333 0.5354166666666667 0.08958333333333333 0.18333333333333332
0 0.5375 0.6145833333333334 0.075 0.15
0 0.5791666666666667 0.7302083333333333 0.10729166666666666 0.14895833333333333
0 0.8458333333333333 0.7260416666666667 0.19583333333333333 0.3854166666666667
0 0.23958333333333334 0.71875 0.109375 0.12083333333333333
0 0.6104166666666667 0.865625 0.13541666666666666 0.21770833333333334
0 0.9291666666666667 0.8479166666666667 0.14166666666666666 0.30416666666666664
0 0.64375 0.9510416666666667 0.14895833333333333 0.09791666666666667
0 0.6322916666666667 0.3958333333333333 0.06458333333333334 0.08958333333333333
0 0.5520833333333334 0.384375 0.051041666666666666 0.084375
0 0.59375 0.34479166666666666 0.053125 0.09270833333333334