0 0.5229166666666667 0.3614583333333333 0.029166666666666667 0.04375
0 0.3145833333333333 0.3625 0.06041666666666667 0.09166666666666666
0 0.471875 0.37083333333333335 0.034375 0.05416666666666667
0 0.2947916666666667 0.38645833333333335 0.05416666666666667 0.08958333333333333
0 0.3645833333333333 0.4197916666666667 0.04375 0.05625
0 0.5760416666666667 0.42083333333333334 0.04583333333333333 0.0625
0 0.6447916666666667 0.4895833333333333 0.09583333333333334 0.17083333333333334
0 0.3302083333333333 0.4947916666666667 0.06041666666666667 0.08125
0 0.04791666666666667 0.571875 0.09583333333333334 0.17291666666666666
0 0.5604166666666667 0.621875 0.07708333333333334 0.109375
0 0.11354166666666667 0.678125 0.22708333333333333 0.40208333333333335