0 0.6604166666666667 0.40520833333333334 0.08125 0.14791666666666667
0 0.590625 0.415625 0.07916666666666666 0.15416666666666667
0 0.35 0.45416666666666666 0.04791666666666667 0.065625
0 0.7427083333333333 0.45625 0.05416666666666667 0.06875
0 0.25833333333333336 0.45208333333333334 0.0625 0.10833333333333334
0 0.5333333333333333 0.46979166666666666 0.10729166666666666 0.184375
0 0.15729166666666666 0.4979166666666667 0.0625 0.06354166666666666
0 0.7833333333333333 0.571875 0.09583333333333334 0.13958333333333334
0 0.8770833333333333 0.565625 0.08854166666666667 0.090625
0 0.296875 0.6458333333333334 0.08645833333333333 0.11145833333333334
0 0.12395833333333334 0.6645833333333333 0.14375 0.17916666666666667
0 0.9697916666666667 0.7364583333333333 0.06041666666666667 0.209375