0 0.390625 0.334375 0.028125 0.035416666666666666
0 0.2916666666666667 0.353125 0.0375 0.05625
0 0.5395833333333333 0.3729166666666667 0.04375 0.07083333333333333
0 0.4822916666666667 0.3875 0.03333333333333333 0.041666666666666664
0 0.5541666666666667 0.41041666666666665 0.0375 0.05416666666666667
0 0.49270833333333336 0.42604166666666665 0.041666666666666664 0.06041666666666667
0 0.6541666666666667 0.42604166666666665 0.04791666666666667 0.07708333333333334
0 0.6083333333333333 0.4510416666666667 0.103125 0.15625
0 0.7104166666666667 0.4864583333333333 0.08333333333333333 0.08541666666666667
0 0.5166666666666667 0.5020833333333333 0.058333333333333334 0.075
0 0.8083333333333333 0.5916666666666667 0.090625 0.10416666666666667
0 0.7041666666666667 0.6375 0.09375 0.125
0 0.6166666666666667 0.7510416666666667 0.10833333333333334 0.16458333333333333
0 0.9625 0.7333333333333333 0.075 0.24166666666666667