0 0.6416666666666667 0.3927083333333333 0.035416666666666666 0.03958333333333333
0 0.3541666666666667 0.4375 0.04791666666666667 0.058333333333333334
0 0.7489583333333333 0.4427083333333333 0.11666666666666667 0.15208333333333332
0 0.4979166666666667 0.44479166666666664 0.03958333333333333 0.05625
0 0.61875 0.471875 0.071875 0.11458333333333333
0 0.5177083333333333 0.4864583333333333 0.058333333333333334 0.08958333333333333
0 0.19895833333333332 0.5260416666666666 0.12291666666666666 0.17708333333333334
0 0.7479166666666667 0.6854166666666667 0.11875 0.175
0 0.03854166666666667 0.7895833333333333 0.07708333333333334 0.23958333333333334
0 0.6947916666666667 0.9375 0.15416666666666667 0.12395833333333334
0 0.5135416666666667 0.3260416666666667 0.0375 0.06666666666666667
0 0.56875 0.34270833333333334 0.042708333333333334 0.06666666666666667
0 0.4864583333333333 0.38645833333333335 0.03229166666666667 0.041666666666666664