0 0.38229166666666664 0.3645833333333333 0.029166666666666667 0.04583333333333333
0 0.5583333333333333 0.3854166666666667 0.04375 0.07708333333333334
0 0.4895833333333333 0.4041666666666667 0.0375 0.0375
0 0.6270833333333333 0.47708333333333336 0.12916666666666668 0.17916666666666667
0 0.5197916666666667 0.5083333333333333 0.059375 0.0875
0 0.7520833333333333 0.5270833333333333 0.08020833333333334 0.10625
0 0.5708333333333333 0.6322916666666667 0.096875 0.13958333333333334
0 0.23020833333333332 0.8354166666666667 0.134375 0.17708333333333334
0 0.036458333333333336 0.8458333333333333 0.07291666666666667 0.22083333333333333
0 0.665625 0.925 0.16875 0.15
0 0.5229166666666667 0.334375 0.046875 0.08958333333333333