0 0.46875 0.325 0.040625 0.0625
0 0.2947916666666667 0.33645833333333336 0.04791666666666667 0.07291666666666667
0 0.5239583333333333 0.34479166666666666 0.052083333333333336 0.08125
0 0.475 0.3614583333333333 0.034375 0.035416666666666666
0 0.553125 0.38125 0.06875 0.10833333333333334
0 0.6166666666666667 0.38333333333333336 0.04791666666666667 0.08333333333333333
0 0.48333333333333334 0.3875 0.035416666666666666 0.04583333333333333
0 0.640625 0.4239583333333333 0.04375 0.052083333333333336
0 0.49166666666666664 0.425 0.03958333333333333 0.05416666666666667
0 0.5052083333333334 0.4479166666666667 0.03958333333333333 0.0375
0 0.7260416666666667 0.46145833333333336 0.12708333333333333 0.19375
0 0.5979166666666667 0.4822916666666667 0.059375 0.07291666666666667
0 0.8083333333333333 0.4979166666666667 0.046875 0.07916666666666666
0 0.5135416666666667 0.5072916666666667 0.05416666666666667 0.08958333333333333
0 0.22708333333333333 0.525 0.06458333333333334 0.07916666666666666
0 0.6510416666666666 0.5635416666666667 0.08229166666666667 0.11041666666666666
0 0.5416666666666666 0.5875 0.07708333333333334 0.1125
0 0.8791666666666667 0.7958333333333333 0.24166666666666667 0.4083333333333333
0 0.21354166666666666 0.815625 0.14270833333333333 0.17708333333333334
0 0.6833333333333333 0.928125 0.17916666666666667 0.14270833333333333