0 0.5979166666666667 0.3458333333333333 0.059375 0.10416666666666667
0 0.5458333333333333 0.35833333333333334 0.06458333333333334 0.10833333333333334
0 0.265625 0.37083333333333335 0.04375 0.058333333333333334
0 0.3145833333333333 0.371875 0.035416666666666666 0.06041666666666667
0 0.4864583333333333 0.37395833333333334 0.058333333333333334 0.09791666666666667
0 0.37083333333333335 0.38645833333333335 0.035416666666666666 0.04791666666666667
0 0.665625 0.38958333333333334 0.034375 0.041666666666666664
0 0.5208333333333334 0.50625 0.06041666666666667 0.07916666666666666
0 0.6802083333333333 0.553125 0.16458333333333333 0.27708333333333335
0 0.8364583333333333 0.5708333333333333 0.20208333333333334 0.25416666666666665
0 0.30625 0.6322916666666667 0.084375 0.09791666666666667
0 0.12916666666666668 0.6458333333333334 0.14791666666666667 0.175