0 0.5145833333333333 0.33229166666666665 0.041666666666666664 0.052083333333333336
0 0.603125 0.3541666666666667 0.03125 0.03333333333333333
0 0.48125 0.37083333333333335 0.03125 0.041666666666666664
0 0.246875 0.4 0.04375 0.059375
0 0.3104166666666667 0.40208333333333335 0.040625 0.05416666666666667
0 0.6364583333333333 0.403125 0.058333333333333334 0.09791666666666667
0 0.19895833333333332 0.44166666666666665 0.05 0.06666666666666667
0 0.5083333333333333 0.434375 0.046875 0.06041666666666667
0 0.690625 0.45 0.075 0.13333333333333333
0 0.6020833333333333 0.4635416666666667 0.05416666666666667 0.08958333333333333
0 0.36041666666666666 0.46458333333333335 0.04791666666666667 0.0875
0 0.26666666666666666 0.4739583333333333 0.06041666666666667 0.08541666666666667
0 0.5177083333333333 0.509375 0.05625 0.09166666666666666
0 0.8020833333333334 0.5166666666666667 0.09583333333333334 0.1
0 0.28125 0.60625 0.090625 0.125
0 0.703125 0.6083333333333333 0.090625 0.11666666666666667
0 0.07395833333333333 0.7197916666666667 0.14583333333333334 0.30416666666666664
0 0.6166666666666667 0.8197916666666667 0.12604166666666666 0.209375
0 0.9020833333333333 0.84375 0.19479166666666667 0.31145833333333334
0 0.18958333333333333 0.9072916666666667 0.175 0.18125
0 0.07291666666666667 0.5385416666666667 0.096875 0.06875
0 0.3375 0.33958333333333335 0.04375 0.08125