0 0.32916666666666666 0.375 0.029166666666666667 0.04583333333333333
0 0.5666666666666667 0.40520833333333334 0.03958333333333333 0.052083333333333336
0 0.36875 0.434375 0.04375 0.052083333333333336
0 0.5010416666666667 0.43854166666666666 0.04583333333333333 0.06458333333333334
0 0.22291666666666668 0.45625 0.128125 0.18333333333333332
0 0.6833333333333333 0.46979166666666666 0.07291666666666667 0.11041666666666666
0 0.59375 0.48020833333333335 0.053125 0.06458333333333334
0 0.53125 0.5104166666666666 0.05625 0.08333333333333333
0 0.6552083333333333 0.540625 0.09791666666666667 0.13958333333333334
0 0.578125 0.7041666666666667 0.109375 0.1625
0 0.08854166666666667 0.70625 0.17708333333333334 0.4166666666666667