0 0.6166666666666667 0.36875 0.0625 0.1125
0 0.325 0.3729166666666667 0.04375 0.05
0 0.23541666666666666 0.37604166666666666 0.06875 0.07708333333333334
0 0.55625 0.38229166666666664 0.078125 0.10625
0 0.48854166666666665 0.39479166666666665 0.03958333333333333 0.05625
0 0.371875 0.40520833333333334 0.0375 0.03958333333333333
0 0.2989583333333333 0.41041666666666665 0.03958333333333333 0.05
0 0.23645833333333333 0.48333333333333334 0.08333333333333333 0.12916666666666668
0 0.5145833333333333 0.49375 0.059375 0.08333333333333333
0 0.684375 0.525 0.134375 0.25
0 0.04791666666666667 0.5854166666666667 0.09583333333333334 0.30833333333333335
0 0.31666666666666665 0.5916666666666667 0.08541666666666667 0.1
0 0.1125 0.7020833333333333 0.125 0.125
0 0.22916666666666666 0.8333333333333334 0.13541666666666666 0.16666666666666666
0 0.6229166666666667 0.84375 0.13333333333333333 0.20833333333333334
0 0.9010416666666666 0.80625 0.19791666666666666 0.38645833333333335