0 0.55 0.403125 0.040625 0.04791666666666667
0 0.221875 0.40520833333333334 0.059375 0.07291666666666667
0 0.6270833333333333 0.41354166666666664 0.04583333333333333 0.052083333333333336
0 0.49583333333333335 0.41875 0.040625 0.04583333333333333
0 0.6885416666666667 0.44895833333333335 0.06666666666666667 0.10208333333333333
0 0.6020833333333333 0.47604166666666664 0.05625 0.07291666666666667
0 0.5104166666666666 0.48333333333333334 0.05 0.06666666666666667
0 0.8229166666666666 0.5375 0.21770833333333334 0.30416666666666664
0 0.5614583333333333 0.5979166666666667 0.09166666666666666 0.12916666666666668
0 0.26875 0.6489583333333333 0.096875 0.13541666666666666
0 0.7375 0.6520833333333333 0.184375 0.25416666666666665
0 0.6458333333333334 0.8614583333333333 0.14375 0.22291666666666668