0 0.33541666666666664 0.35625 0.05 0.08333333333333333
0 0.6166666666666667 0.41770833333333335 0.040625 0.06458333333333334
0 0.5822916666666667 0.42604166666666665 0.058333333333333334 0.10208333333333333
0 0.4979166666666667 0.440625 0.04375 0.06041666666666667
0 0.653125 0.44895833333333335 0.053125 0.05625
0 0.7229166666666667 0.47708333333333336 0.09166666666666666 0.1375
0 0.5229166666666667 0.49583333333333335 0.06041666666666667 0.08333333333333333
0 0.32395833333333335 0.53125 0.06666666666666667 0.075
0 0.65 0.5510416666666667 0.075 0.09375
0 0.8854166666666666 0.6072916666666667 0.22916666666666666 0.3145833333333333
0 0.746875 0.678125 0.140625 0.23541666666666666
0 0.5895833333333333 0.7364583333333333 0.10416666666666667 0.15208333333333332