0 0.4791666666666667 0.37395833333333334 0.034375 0.03958333333333333
0 0.5520833333333334 0.38333333333333336 0.04791666666666667 0.09166666666666666
0 0.48854166666666665 0.40729166666666666 0.041666666666666664 0.05625
0 0.6385416666666667 0.4166666666666667 0.08958333333333333 0.09583333333333334
0 0.2760416666666667 0.42083333333333334 0.06666666666666667 0.10416666666666667
0 0.51875 0.4270833333333333 0.040625 0.05
0 0.18333333333333332 0.4625 0.059375 0.06666666666666667
0 0.5135416666666667 0.48333333333333334 0.06458333333333334 0.1125
0 0.7833333333333333 0.49375 0.07083333333333333 0.075
0 0.8770833333333333 0.5635416666666667 0.09166666666666666 0.11041666666666666
0 0.6697916666666667 0.5645833333333333 0.11458333333333333 0.16666666666666666
0 0.8010416666666667 0.5854166666666667 0.12708333333333333 0.1625
0 0.5552083333333333 0.6 0.08333333333333333 0.12083333333333333
0 0.8145833333333333 0.7791666666666667 0.146875 0.19583333333333333
0 0.21979166666666666 0.86875 0.13958333333333334 0.175
0 0.6395833333333333 0.88125 0.140625 0.2375
0 0.9572916666666667 0.753125 0.08541666666666667 0.21354166666666666