0 0.47708333333333336 0.35833333333333334 0.04583333333333333 0.058333333333333334
0 0.5302083333333333 0.3614583333333333 0.035416666666666666 0.052083333333333336
0 0.2677083333333333 0.3697916666666667 0.058333333333333334 0.08541666666666667
0 0.37604166666666666 0.421875 0.03958333333333333 0.03958333333333333
0 0.5833333333333334 0.425 0.078125 0.1125
0 0.6604166666666667 0.4197916666666667 0.065625 0.12395833333333334
0 0.5229166666666667 0.471875 0.059375 0.08541666666666667
0 0.26458333333333334 0.4739583333333333 0.05416666666666667 0.05625
0 0.8291666666666667 0.5333333333333333 0.07708333333333334 0.090625
0 0.19166666666666668 0.55625 0.0875 0.125
0 0.026041666666666668 0.6052083333333333 0.052083333333333336 0.19375
0 0.29583333333333334 0.6458333333333334 0.08541666666666667 0.11354166666666667
0 0.03958333333333333 0.7895833333333333 0.07916666666666666 0.14583333333333334
0 0.6416666666666667 0.8614583333333333 0.13333333333333333 0.22708333333333333