0 0.5864583333333333 0.34270833333333334 0.04791666666666667 0.09375
0 0.5322916666666667 0.34479166666666666 0.058333333333333334 0.09375
0 0.259375 0.35104166666666664 0.071875 0.10208333333333333
0 0.47291666666666665 0.359375 0.035416666666666666 0.03958333333333333
0 0.3125 0.37604166666666666 0.04375 0.07291666666666667
0 0.18541666666666667 0.41458333333333336 0.096875 0.12916666666666668
0 0.28125 0.42291666666666666 0.0625 0.07083333333333333
0 0.4895833333333333 0.428125 0.03958333333333333 0.06458333333333334
0 0.6145833333333334 0.43333333333333335 0.09583333333333334 0.15833333333333333
0 0.25104166666666666 0.49270833333333336 0.06458333333333334 0.07291666666666667
0 0.34479166666666666 0.4947916666666667 0.06458333333333334 0.07708333333333334
0 0.15520833333333334 0.5125 0.07083333333333333 0.075
0 0.7572916666666667 0.5135416666666667 0.12916666666666668 0.14375
0 0.5291666666666667 0.5395833333333333 0.06458333333333334 0.1
0 0.703125 0.55625 0.115625 0.2125
0 0.08541666666666667 0.6979166666666666 0.17083333333333334 0.25