0 0.32708333333333334 0.36354166666666665 0.04375 0.06041666666666667
0 0.6322916666666667 0.3802083333333333 0.06041666666666667 0.08958333333333333
0 0.5395833333333333 0.390625 0.028125 0.07291666666666667
0 0.6770833333333334 0.39895833333333336 0.03333333333333333 0.05625
0 0.49270833333333336 0.4041666666666667 0.03333333333333333 0.041666666666666664
0 0.3645833333333333 0.41875 0.040625 0.05
0 0.5854166666666667 0.41875 0.06041666666666667 0.125
0 0.5041666666666667 0.44583333333333336 0.04791666666666667 0.06666666666666667
0 0.6270833333333333 0.4875 0.08541666666666667 0.14166666666666666
0 0.78125 0.5583333333333333 0.18125 0.17083333333333334
0 0.546875 0.571875 0.06875 0.09375
0 0.70625 0.7072916666666667 0.121875 0.15625
0 0.6854166666666667 0.8958333333333334 0.184375 0.20833333333333334