0 0.3229166666666667 0.35 0.05416666666666667 0.09583333333333334
0 0.6072916666666667 0.3645833333333333 0.06458333333333334 0.1
0 0.23541666666666666 0.37395833333333334 0.07916666666666666 0.11041666666666666
0 0.5520833333333334 0.39166666666666666 0.046875 0.0875
0 0.4979166666666667 0.41875 0.046875 0.06666666666666667
0 0.6802083333333333 0.45 0.06041666666666667 0.09583333333333334
0 0.59375 0.4510416666666667 0.053125 0.06875
0 0.51875 0.51875 0.06875 0.09583333333333334
0 0.115625 0.5260416666666666 0.103125 0.11458333333333333
0 0.7479166666666667 0.5416666666666666 0.078125 0.10833333333333334
0 0.6427083333333333 0.5583333333333333 0.07708333333333334 0.1
0 0.18854166666666666 0.5947916666666667 0.09166666666666666 0.11875
0 0.9270833333333334 0.665625 0.14583333333333334 0.23958333333333334
0 0.6333333333333333 0.7666666666666667 0.13541666666666666 0.18333333333333332
0 0.04375 0.9302083333333333 0.0875 0.13541666666666666
0 0.9041666666666667 0.8510416666666667 0.19166666666666668 0.29375