0 0.5875 0.36666666666666664 0.06875 0.075
0 0.64375 0.37604166666666666 0.0375 0.04791666666666667
0 0.4864583333333333 0.38229166666666664 0.041666666666666664 0.05625
0 0.35833333333333334 0.415625 0.041666666666666664 0.052083333333333336
0 0.5708333333333333 0.42083333333333334 0.06875 0.1
0 0.5020833333333333 0.44583333333333336 0.05625 0.075
0 0.671875 0.4479166666666667 0.065625 0.0875
0 0.6104166666666667 0.5 0.06666666666666667 0.0875
0 0.5166666666666667 0.5229166666666667 0.06666666666666667 0.10416666666666667
0 0.7458333333333333 0.6291666666666667 0.21875 0.3375
0 0.8708333333333333 0.634375 0.12916666666666668 0.14791666666666667
0 0.5864583333333333 0.690625 0.10833333333333334 0.14791666666666667