0 0.3958333333333333 0.3302083333333333 0.021875 0.03958333333333333
0 0.37395833333333334 0.3729166666666667 0.03333333333333333 0.04583333333333333
0 0.48541666666666666 0.39166666666666666 0.035416666666666666 0.05
0 0.6666666666666666 0.41770833333333335 0.103125 0.15208333333333332
0 0.571875 0.4270833333333333 0.05 0.08333333333333333
0 0.5010416666666667 0.4427083333333333 0.04583333333333333 0.06875
0 0.6208333333333333 0.4875 0.07708333333333334 0.13333333333333333
0 0.5229166666666667 0.509375 0.05625 0.08958333333333333
0 0.8645833333333334 0.571875 0.20833333333333334 0.22708333333333333
0 0.5854166666666667 0.6729166666666667 0.1 0.1375
0 0.878125 0.803125 0.24375 0.39375