0 0.39895833333333336 0.31354166666666666 0.027083333333333334 0.03125
0 0.38333333333333336 0.3572916666666667 0.028125 0.035416666666666666
0 0.4791666666666667 0.3729166666666667 0.03333333333333333 0.041666666666666664
0 0.25625 0.3875 0.053125 0.0625
0 0.4864583333333333 0.409375 0.03958333333333333 0.052083333333333336
0 0.6395833333333333 0.41041666666666665 0.03958333333333333 0.05416666666666667
0 0.5895833333333333 0.42291666666666666 0.08541666666666667 0.13333333333333333
0 0.6854166666666667 0.46041666666666664 0.06458333333333334 0.07916666666666666
0 0.5072916666666667 0.46979166666666666 0.04583333333333333 0.05625
0 0.7604166666666666 0.546875 0.078125 0.09791666666666667
0 0.6541666666666667 0.5572916666666666 0.08333333333333333 0.10208333333333333
0 0.58125 0.65 0.0875 0.12083333333333333
0 0.9104166666666667 0.6541666666666667 0.15416666666666667 0.21666666666666667
0 0.653125 0.909375 0.14895833333333333 0.171875