0 0.584375 0.36770833333333336 0.04375 0.06354166666666666
0 0.4875 0.38958333333333334 0.040625 0.0625
0 0.29791666666666666 0.4114583333333333 0.04895833333333333 0.06770833333333333
0 0.3572916666666667 0.4395833333333333 0.040625 0.0625
0 0.16145833333333334 0.4354166666666667 0.10625 0.12708333333333333
0 0.25729166666666664 0.46145833333333336 0.05 0.06145833333333333
0 0.6385416666666667 0.5010416666666667 0.10208333333333333 0.16770833333333332
0 0.5177083333333333 0.509375 0.05416666666666667 0.0875
0 0.7708333333333334 0.5083333333333333 0.10833333333333334 0.175
0 0.3333333333333333 0.5364583333333334 0.06041666666666667 0.07916666666666666
0 0.575 0.6208333333333333 0.084375 0.1375
0 0.271875 0.6572916666666667 0.09166666666666666 0.11979166666666667