0 0.23958333333333334 0.3802083333333333 0.08333333333333333 0.13125
0 0.578125 0.39895833333333336 0.053125 0.10208333333333333
0 0.37083333333333335 0.4 0.035416666666666666 0.05
0 0.3125 0.4010416666666667 0.0375 0.04791666666666667
0 0.621875 0.40729166666666666 0.034375 0.06041666666666667
0 0.4895833333333333 0.409375 0.03958333333333333 0.05625
0 0.6791666666666667 0.425 0.053125 0.04583333333333333
0 0.2520833333333333 0.4510416666666667 0.05625 0.07291666666666667
0 0.6135416666666667 0.46145833333333336 0.05416666666666667 0.06875
0 0.5052083333333334 0.46770833333333334 0.04583333333333333 0.06041666666666667
0 0.33229166666666665 0.5083333333333333 0.06458333333333334 0.10416666666666667
0 0.7833333333333333 0.5177083333333333 0.12291666666666666 0.23958333333333334
0 0.21041666666666667 0.546875 0.065625 0.07708333333333334
0 0.5302083333333333 0.565625 0.07083333333333333 0.11041666666666666
0 0.7177083333333333 0.596875 0.22291666666666668 0.29791666666666666
0 0.5989583333333334 0.7291666666666666 0.10833333333333334 0.17083333333333334
0 0.26458333333333334 0.825 0.13125 0.15
0 0.04791666666666667 0.896875 0.09583333333333334 0.16875