0 0.33541666666666664 0.3385416666666667 0.03333333333333333 0.052083333333333336
0 0.39375 0.3458333333333333 0.034375 0.029166666666666667
0 0.48020833333333335 0.3489583333333333 0.03333333333333333 0.052083333333333336
0 0.3729166666666667 0.37604166666666666 0.0375 0.04375
0 0.20104166666666667 0.41458333333333336 0.07708333333333334 0.10833333333333334
0 0.2875 0.41875 0.0625 0.14166666666666666
0 0.5604166666666667 0.44375 0.05 0.07083333333333333
0 0.5083333333333333 0.48333333333333334 0.05625 0.0875
0 0.1 0.5135416666666667 0.109375 0.16875
0 0.30833333333333335 0.6052083333333333 0.0875 0.12708333333333333
0 0.7010416666666667 0.6145833333333334 0.10416666666666667 0.15416666666666667
0 0.959375 0.8822916666666667 0.08125 0.23541666666666666