0 0.4791666666666667 0.3645833333333333 0.03333333333333333 0.0375
0 0.27708333333333335 0.35520833333333335 0.040625 0.07604166666666666
0 0.5322916666666667 0.365625 0.03229166666666667 0.04375
0 0.671875 0.428125 0.084375 0.13541666666666666
0 0.59375 0.4395833333333333 0.078125 0.12083333333333333
0 0.2875 0.44375 0.04375 0.05520833333333333
0 0.53125 0.4864583333333333 0.06041666666666667 0.08020833333333334
0 0.23020833333333332 0.5010416666666667 0.07916666666666666 0.10208333333333333
0 0.05625 0.5510416666666667 0.11145833333333334 0.18541666666666667
0 0.3229166666666667 0.55625 0.06666666666666667 0.08333333333333333
0 0.8958333333333334 0.5895833333333333 0.09166666666666666 0.1125
0 0.11458333333333333 0.653125 0.11041666666666666 0.10833333333333334
0 0.215625 0.91875 0.15208333333333332 0.1625
0 0.6875 0.94375 0.15625 0.10416666666666667