0 0.384375 0.375 0.034375 0.04583333333333333
0 0.29375 0.37604166666666666 0.071875 0.10625
0 0.23854166666666668 0.38958333333333334 0.04583333333333333 0.05416666666666667
0 0.6104166666666667 0.390625 0.041666666666666664 0.04791666666666667
0 0.49166666666666664 0.41458333333333336 0.040625 0.05
0 0.19375 0.42916666666666664 0.0625 0.09583333333333334
0 0.58125 0.4479166666666667 0.046875 0.058333333333333334
0 0.6854166666666667 0.4479166666666667 0.103125 0.12916666666666668
0 0.5104166666666666 0.4708333333333333 0.052083333333333336 0.06666666666666667
0 0.12708333333333333 0.4947916666666667 0.09375 0.12708333333333333
0 0.640625 0.5333333333333333 0.065625 0.07916666666666666
0 0.3385416666666667 0.5395833333333333 0.06458333333333334 0.08333333333333333
0 0.7208333333333333 0.6260416666666667 0.1 0.12708333333333333
0 0.08645833333333333 0.6760416666666667 0.17291666666666666 0.2520833333333333
0 0.6208333333333333 0.8541666666666666 0.13125 0.22083333333333333
0 0.2 0.9375 0.165625 0.125