0 0.26875 0.36041666666666666 0.046875 0.0625
0 0.5416666666666666 0.365625 0.058333333333333334 0.08958333333333333
0 0.48541666666666666 0.4 0.034375 0.041666666666666664
0 0.35208333333333336 0.41770833333333335 0.04375 0.052083333333333336
0 0.5697916666666667 0.43333333333333335 0.04583333333333333 0.05416666666666667
0 0.6552083333333333 0.44583333333333336 0.04791666666666667 0.058333333333333334
0 0.5135416666666667 0.46770833333333334 0.052083333333333336 0.06875
0 0.7260416666666667 0.484375 0.07291666666666667 0.11041666666666666
0 0.65 0.5479166666666667 0.078125 0.1
0 0.5354166666666667 0.5510416666666667 0.07291666666666667 0.08125
0 0.8854166666666666 0.5916666666666667 0.228125 0.35
0 0.6177083333333333 0.7479166666666667 0.13541666666666666 0.19166666666666668
0 0.86875 0.8354166666666667 0.2625 0.32916666666666666