0 0.5916666666666667 0.371875 0.06875 0.07291666666666667
0 0.6520833333333333 0.3875 0.0375 0.05
0 0.365625 0.38958333333333334 0.03125 0.0375
0 0.48854166666666665 0.4 0.041666666666666664 0.07916666666666666
0 0.571875 0.4270833333333333 0.065625 0.09583333333333334
0 0.5052083333333334 0.45416666666666666 0.052083333333333336 0.075
0 0.6770833333333334 0.4583333333333333 0.06666666666666667 0.075
0 0.6145833333333334 0.5072916666666667 0.075 0.08958333333333333
0 0.5208333333333334 0.5333333333333333 0.065625 0.10416666666666667
0 0.9052083333333333 0.6635416666666667 0.11666666666666667 0.15625
0 0.771875 0.665625 0.240625 0.3645833333333333
0 0.5958333333333333 0.728125 0.1 0.13958333333333334