0 0.2604166666666667 0.3541666666666667 0.075 0.10833333333333334
0 0.28229166666666666 0.4125 0.04583333333333333 0.06666666666666667
0 0.603125 0.4354166666666667 0.06875 0.14166666666666666
0 0.5020833333333333 0.446875 0.05 0.07708333333333334
0 0.3541666666666667 0.4635416666666667 0.06041666666666667 0.09791666666666667
0 0.25625 0.478125 0.053125 0.06041666666666667
0 0.6416666666666667 0.49375 0.08333333333333333 0.12083333333333333
0 0.528125 0.5375 0.0625 0.09166666666666666
0 0.8583333333333333 0.5708333333333333 0.17291666666666666 0.2791666666666667
0 0.3145833333333333 0.6364583333333333 0.084375 0.09375
0 0.14583333333333334 0.6791666666666667 0.109375 0.11666666666666667
0 0.5697916666666667 0.6885416666666667 0.09791666666666667 0.16458333333333333
0 0.8208333333333333 0.746875 0.35833333333333334 0.50625
0 0.20416666666666666 0.9229166666666667 0.15625 0.15416666666666667
0 0.690625 0.93125 0.16666666666666666 0.13645833333333332
0 0.7135416666666666 0.4666666666666667 0.06041666666666667 0.06979166666666667
0 0.053125 0.578125 0.10520833333333333 0.28020833333333334