0 0.5541666666666667 0.3875 0.035416666666666666 0.04583333333333333
0 0.20208333333333334 0.3958333333333333 0.09791666666666667 0.10416666666666667
0 0.30104166666666665 0.40729166666666666 0.03958333333333333 0.05625
0 0.49375 0.4114583333333333 0.040625 0.052083333333333336
0 0.6541666666666667 0.434375 0.06458333333333334 0.08958333333333333
0 0.5708333333333333 0.4427083333333333 0.04583333333333333 0.05625
0 0.5166666666666667 0.4666666666666667 0.05 0.06666666666666667
0 0.6145833333333334 0.49166666666666664 0.075 0.10833333333333334
0 0.3416666666666667 0.5229166666666667 0.0625 0.07916666666666666
0 0.16666666666666666 0.5260416666666666 0.17291666666666666 0.23541666666666666
0 0.54375 0.6020833333333333 0.08125 0.12916666666666668
0 0.8520833333333333 0.821875 0.15833333333333333 0.21041666666666667
0 0.040625 0.5635416666666667 0.08125 0.21041666666666667