0 0.37916666666666665 0.3614583333333333 0.027083333333333334 0.03958333333333333
0 0.484375 0.39895833333333336 0.034375 0.04791666666666667
0 0.5729166666666666 0.40208333333333335 0.05416666666666667 0.09166666666666666
0 0.6583333333333333 0.44479166666666664 0.053125 0.06458333333333334
0 0.33958333333333335 0.46145833333333336 0.05 0.05625
0 0.5197916666666667 0.4666666666666667 0.04791666666666667 0.075
0 0.10625 0.47291666666666665 0.146875 0.19166666666666668
0 0.5489583333333333 0.58125 0.07083333333333333 0.1
0 0.8104166666666667 0.590625 0.090625 0.09791666666666667
0 0.6958333333333333 0.6125 0.0875 0.11666666666666667
0 0.27708333333333335 0.6885416666666667 0.096875 0.13125
0 0.7947916666666667 0.7552083333333334 0.13541666666666666 0.18125
0 0.6291666666666667 0.8322916666666667 0.128125 0.21875