0 0.271875 0.35520833333333335 0.06875 0.10625
0 0.33541666666666664 0.365625 0.028125 0.04375
0 0.37916666666666665 0.37604166666666666 0.03333333333333333 0.035416666666666666
0 0.290625 0.4 0.071875 0.10416666666666667
0 0.590625 0.415625 0.084375 0.14791666666666667
0 0.3572916666666667 0.42604166666666665 0.04583333333333333 0.05625
0 0.6510416666666666 0.4270833333333333 0.052083333333333336 0.08333333333333333
0 0.515625 0.4375 0.078125 0.14583333333333334
0 0.7083333333333334 0.475 0.07291666666666667 0.12083333333333333
0 0.325 0.5208333333333334 0.065625 0.075
0 0.19270833333333334 0.5604166666666667 0.08333333333333333 0.09166666666666666
0 0.5625 0.571875 0.08125 0.12291666666666666
0 0.23645833333333333 0.8239583333333333 0.12916666666666668 0.16041666666666668
0 0.8541666666666666 0.9302083333333333 0.20208333333333334 0.13854166666666667
0 0.027083333333333334 0.6239583333333333 0.05416666666666667 0.17916666666666667
0 0.03333333333333333 0.9020833333333333 0.06666666666666667 0.19479166666666667