0 0.5416666666666666 0.36041666666666666 0.0625 0.0875
0 0.30833333333333335 0.3802083333333333 0.034375 0.03958333333333333
0 0.3770833333333333 0.3875 0.034375 0.05
0 0.6625 0.3875 0.1 0.1125
0 0.5854166666666667 0.4354166666666667 0.08333333333333333 0.15833333333333333
0 0.6552083333333333 0.5 0.12291666666666666 0.22916666666666666
0 0.7604166666666666 0.5260416666666666 0.065625 0.07291666666666667
0 0.5520833333333334 0.5729166666666666 0.096875 0.12083333333333333
0 0.7979166666666667 0.578125 0.07083333333333333 0.09791666666666667
0 0.6979166666666666 0.6270833333333333 0.096875 0.14166666666666666
0 0.8625 0.6270833333333333 0.1 0.11666666666666667
0 0.559375 0.6552083333333333 0.096875 0.11875
0 0.05 0.815625 0.1 0.16041666666666668
0 0.5979166666666667 0.815625 0.125 0.20208333333333334
0 0.20833333333333334 0.8572916666666667 0.13125 0.15625