0 0.5666666666666667 0.4239583333333333 0.03125 0.052083333333333336
0 0.36041666666666666 0.44166666666666665 0.058333333333333334 0.07916666666666666
0 0.6625 0.44166666666666665 0.034375 0.05416666666666667
0 0.6145833333333334 0.45 0.07708333333333334 0.1375
0 0.27291666666666664 0.46041666666666664 0.05625 0.058333333333333334
0 0.5083333333333333 0.465625 0.053125 0.08958333333333333
0 0.7333333333333333 0.48854166666666665 0.075 0.09375
0 0.6583333333333333 0.51875 0.07916666666666666 0.13333333333333333
0 0.5395833333333333 0.5739583333333333 0.065625 0.10208333333333333
0 0.07083333333333333 0.5739583333333333 0.140625 0.3104166666666667
0 0.32916666666666666 0.5916666666666667 0.07708333333333334 0.09583333333333334
0 0.8979166666666667 0.6 0.196875 0.32083333333333336
0 0.17604166666666668 0.625 0.09166666666666666 0.1
0 0.5916666666666667 0.759375 0.11875 0.19791666666666666
0 0.24583333333333332 0.815625 0.128125 0.16458333333333333
0 0.8354166666666667 0.7697916666666667 0.32916666666666666 0.45625