0 0.5552083333333333 0.40208333333333335 0.052083333333333336 0.08333333333333333
0 0.6364583333333333 0.41354166666666664 0.06666666666666667 0.06875
0 0.49270833333333336 0.4197916666666667 0.04583333333333333 0.06041666666666667
0 0.5822916666666667 0.4635416666666667 0.04791666666666667 0.07291666666666667
0 0.5052083333333334 0.4739583333333333 0.05416666666666667 0.07708333333333334
0 0.30416666666666664 0.5802083333333333 0.07604166666666666 0.09375
0 0.6729166666666667 0.5385416666666667 0.15416666666666667 0.23958333333333334
0 0.7916666666666666 0.565625 0.1125 0.11875
0 0.5510416666666667 0.5958333333333333 0.07916666666666666 0.1
0 0.8958333333333334 0.903125 0.18541666666666667 0.19270833333333334
0 0.9354166666666667 0.7291666666666666 0.12916666666666668 0.1625