0 0.5145833333333333 0.3385416666666667 0.025 0.03958333333333333
0 0.28958333333333336 0.3416666666666667 0.03333333333333333 0.04583333333333333
0 0.325 0.35104166666666664 0.053125 0.07708333333333334
0 0.5510416666666667 0.35625 0.04583333333333333 0.0875
0 0.22708333333333333 0.46979166666666666 0.11458333333333333 0.16875
0 0.32916666666666666 0.5166666666666667 0.065625 0.0875
0 0.121875 0.61875 0.134375 0.22916666666666666
0 0.5895833333333333 0.7020833333333333 0.11458333333333333 0.1875
0 0.8145833333333333 0.7833333333333333 0.16458333333333333 0.2
0 0.15520833333333334 0.9510416666666667 0.16979166666666667 0.096875
0 0.48125 0.38229166666666664 0.034375 0.03854166666666667