0 0.3416666666666667 0.340625 0.029166666666666667 0.035416666666666666
0 0.2677083333333333 0.35104166666666664 0.06458333333333334 0.07708333333333334
0 0.3854166666666667 0.36666666666666664 0.029166666666666667 0.0375
0 0.328125 0.371875 0.025 0.03958333333333333
0 0.29375 0.40520833333333334 0.05625 0.09375
0 0.49166666666666664 0.40520833333333334 0.03333333333333333 0.04791666666666667
0 0.6614583333333334 0.40625 0.07291666666666667 0.14166666666666666
0 0.5989583333333334 0.428125 0.10416666666666667 0.16041666666666668
0 0.359375 0.4479166666666667 0.05 0.058333333333333334
0 0.509375 0.465625 0.05 0.07291666666666667
0 0.11666666666666667 0.4739583333333333 0.17708333333333334 0.22708333333333333
0 0.23541666666666666 0.5104166666666666 0.0625 0.07083333333333333
0 0.3260416666666667 0.540625 0.07083333333333333 0.07291666666666667
0 0.5645833333333333 0.671875 0.09375 0.13125
0 0.06458333333333334 0.6895833333333333 0.121875 0.14166666666666666
0 0.834375 0.70625 0.259375 0.4375