0 0.37395833333333334 0.37395833333333334 0.035416666666666666 0.04791666666666667
0 0.6416666666666667 0.40208333333333335 0.08333333333333333 0.12083333333333333
0 0.5041666666666667 0.4427083333333333 0.04375 0.06458333333333334
0 0.6052083333333333 0.446875 0.07708333333333334 0.13958333333333334
0 0.2791666666666667 0.4791666666666667 0.059375 0.06666666666666667
0 0.775 0.5166666666666667 0.159375 0.22083333333333333
0 0.5291666666666667 0.53125 0.06458333333333334 0.09166666666666666
0 0.678125 0.575 0.084375 0.10416666666666667
0 0.5854166666666667 0.6791666666666667 0.096875 0.15
0 0.759375 0.7072916666666667 0.121875 0.16041666666666668
0 0.7208333333333333 0.9125 0.17916666666666667 0.17395833333333333
0 0.9322916666666666 0.8697916666666666 0.13541666666666666 0.25625