0 0.353125 0.31666666666666665 0.0375 0.0625
0 0.32083333333333336 0.36354166666666665 0.06458333333333334 0.08125
0 0.5427083333333333 0.36354166666666665 0.03958333333333333 0.07708333333333334
0 0.4791666666666667 0.36875 0.03333333333333333 0.04583333333333333
0 0.24583333333333332 0.37916666666666665 0.040625 0.07083333333333333
0 0.6145833333333334 0.3927083333333333 0.05 0.07708333333333334
0 0.3625 0.41041666666666665 0.04375 0.0625
0 0.21666666666666667 0.5177083333333333 0.07083333333333333 0.08541666666666667
0 0.325 0.5416666666666666 0.059375 0.07083333333333333
0 0.5833333333333334 0.6135416666666667 0.07291666666666667 0.12291666666666666
0 0.709375 0.6166666666666667 0.090625 0.10416666666666667
0 0.041666666666666664 0.8958333333333334 0.08333333333333333 0.19166666666666668