0 0.6072916666666667 0.36770833333333336 0.06458333333333334 0.08541666666666667
0 0.37395833333333334 0.3729166666666667 0.03333333333333333 0.041666666666666664
0 0.4822916666666667 0.3854166666666667 0.03958333333333333 0.041666666666666664
0 0.5614583333333333 0.390625 0.05416666666666667 0.11041666666666666
0 0.490625 0.4166666666666667 0.04375 0.0625
0 0.27708333333333335 0.43020833333333336 0.0625 0.08541666666666667
0 0.5947916666666667 0.4375 0.06666666666666667 0.12083333333333333
0 0.5197916666666667 0.4895833333333333 0.052083333333333336 0.075
0 0.7166666666666667 0.49583333333333335 0.140625 0.13333333333333333
0 0.5916666666666667 0.55625 0.078125 0.1
0 0.5854166666666667 0.68125 0.11666666666666667 0.225
0 0.2677083333333333 0.7 0.10833333333333334 0.12916666666666668