0 0.2864583333333333 0.3375 0.05416666666666667 0.09166666666666666
0 0.5927083333333333 0.36875 0.041666666666666664 0.075
0 0.4895833333333333 0.3885416666666667 0.0375 0.06041666666666667
0 0.371875 0.39791666666666664 0.041666666666666664 0.0625
0 0.3020833333333333 0.41354166666666664 0.0375 0.04791666666666667
0 0.11354166666666667 0.48020833333333335 0.17083333333333334 0.21458333333333332
0 0.35104166666666664 0.49375 0.053125 0.06458333333333334
0 0.5979166666666667 0.484375 0.05416666666666667 0.07291666666666667
0 0.240625 0.5177083333333333 0.06041666666666667 0.07708333333333334
0 0.675 0.5229166666666667 0.109375 0.2
0 0.8010416666666667 0.5541666666666667 0.07395833333333333 0.10833333333333334
0 0.5322916666666667 0.5479166666666667 0.06875 0.12083333333333333
0 0.3125 0.5979166666666667 0.07291666666666667 0.08958333333333333
0 0.7364583333333333 0.6302083333333334 0.10625 0.16041666666666668
0 0.5885416666666666 0.7385416666666667 0.09375 0.14791666666666667
0 0.04375 0.8177083333333334 0.0875 0.346875
0 0.17083333333333334 0.94375 0.17291666666666666 0.11145833333333334
0 0.9552083333333333 0.6385416666666667 0.08854166666666667 0.25