0 0.6052083333333333 0.36354166666666665 0.06666666666666667 0.10208333333333333
0 0.5395833333333333 0.384375 0.034375 0.04375
0 0.296875 0.4 0.059375 0.0875
0 0.490625 0.4010416666666667 0.034375 0.04791666666666667
0 0.234375 0.415625 0.053125 0.07291666666666667
0 0.5010416666666667 0.45625 0.04791666666666667 0.0625
0 0.6541666666666667 0.515625 0.15 0.22291666666666668
0 0.13854166666666667 0.521875 0.07291666666666667 0.08958333333333333
0 0.8854166666666666 0.5375 0.11875 0.18333333333333332
0 0.5364583333333334 0.55625 0.06666666666666667 0.1
0 0.3104166666666667 0.5625 0.07708333333333334 0.1
0 0.875 0.6375 0.146875 0.18333333333333332
0 0.5927083333333333 0.7104166666666667 0.10833333333333334 0.1625
0 0.20625 0.9177083333333333 0.153125 0.16458333333333333