0 0.29791666666666666 0.3375 0.03333333333333333 0.04583333333333333
0 0.33958333333333335 0.3385416666666667 0.029166666666666667 0.052083333333333336
0 0.3885416666666667 0.34270833333333334 0.029166666666666667 0.035416666666666666
0 0.6125 0.3625 0.065625 0.10416666666666667
0 0.553125 0.371875 0.059375 0.10208333333333333
0 0.49166666666666664 0.38958333333333334 0.07083333333333333 0.12083333333333333
0 0.36354166666666665 0.4322916666666667 0.04583333333333333 0.06041666666666667
0 0.27708333333333335 0.4427083333333333 0.06875 0.08125
0 0.7416666666666667 0.4510416666666667 0.052083333333333336 0.05625
0 0.6739583333333333 0.45625 0.06041666666666667 0.0875
0 0.14270833333333333 0.48333333333333334 0.11458333333333333 0.15416666666666667
0 0.21458333333333332 0.5375 0.09375 0.14583333333333334
0 0.328125 0.5916666666666667 0.078125 0.0875
0 0.5583333333333333 0.6333333333333333 0.09583333333333334 0.11666666666666667
0 0.07083333333333333 0.659375 0.140625 0.18958333333333333
0 0.9239583333333333 0.6895833333333333 0.15208333333333332 0.35833333333333334
0 0.846875 0.7572916666666667 0.30625 0.48541666666666666