0 0.3020833333333333 0.38229166666666664 0.06979166666666667 0.11354166666666667
0 0.153125 0.46875 0.084375 0.109375
0 0.74375 0.44375 0.14895833333333333 0.13541666666666666
0 0.5052083333333334 0.50625 0.05625 0.078125
0 0.5864583333333333 0.5208333333333334 0.071875 0.10416666666666667
0 0.209375 0.5604166666666667 0.06875 0.07708333333333334
0 0.534375 0.5927083333333333 0.07604166666666666 0.1125
0 0.7708333333333334 0.6291666666666667 0.16875 0.2791666666666667
0 0.5833333333333334 0.7197916666666667 0.10104166666666667 0.159375
0 0.8833333333333333 0.7958333333333333 0.23333333333333334 0.40729166666666666
0 0.6375 0.890625 0.16354166666666667 0.21875