0 0.6177083333333333 0.38333333333333336 0.07291666666666667 0.09583333333333334
0 0.5458333333333333 0.39166666666666666 0.03333333333333333 0.041666666666666664
0 0.48541666666666666 0.39479166666666665 0.0375 0.03958333333333333
0 0.29791666666666666 0.421875 0.0375 0.04375
0 0.559375 0.421875 0.03125 0.052083333333333336
0 0.4947916666666667 0.43125 0.03958333333333333 0.05416666666666667
0 0.5989583333333334 0.43645833333333334 0.06041666666666667 0.09375
0 0.5291666666666667 0.46875 0.05 0.06666666666666667
0 0.6114583333333333 0.5052083333333334 0.06458333333333334 0.08958333333333333
0 0.803125 0.5260416666666666 0.084375 0.09375
0 0.6927083333333334 0.5833333333333334 0.07708333333333334 0.12916666666666668
0 0.8333333333333334 0.6177083333333333 0.071875 0.09791666666666667
0 0.5677083333333334 0.6708333333333333 0.09166666666666666 0.14166666666666666
0 0.7645833333333333 0.68125 0.14166666666666666 0.24583333333333332
0 0.690625 0.9322916666666666 0.165625 0.13541666666666666