0 0.33125 0.35520833333333335 0.03125 0.05625
0 0.6364583333333333 0.37916666666666665 0.07083333333333333 0.09583333333333334
0 0.5416666666666666 0.390625 0.028125 0.07291666666666667
0 0.3729166666666667 0.396875 0.03333333333333333 0.03958333333333333
0 0.6864583333333333 0.409375 0.03333333333333333 0.05625
0 0.49583333333333335 0.41875 0.0375 0.05
0 0.5854166666666667 0.41875 0.06041666666666667 0.125
0 0.5083333333333333 0.4625 0.04791666666666667 0.06666666666666667
0 0.6416666666666667 0.5 0.08541666666666667 0.14166666666666666
0 0.803125 0.5791666666666667 0.19375 0.17083333333333334
0 0.5604166666666667 0.5947916666666667 0.07291666666666667 0.10625
0 0.7479166666666667 0.7697916666666667 0.13541666666666666 0.18541666666666667