0 0.3854166666666667 0.35625 0.03958333333333333 0.041666666666666664
0 0.32708333333333334 0.3645833333333333 0.05416666666666667 0.0875
0 0.5697916666666667 0.41458333333333336 0.052083333333333336 0.0875
0 0.49375 0.4197916666666667 0.03958333333333333 0.04791666666666667
0 0.7020833333333333 0.4625 0.084375 0.125
0 0.5166666666666667 0.4708333333333333 0.053125 0.075
0 0.6322916666666667 0.5197916666666667 0.06666666666666667 0.08958333333333333
0 0.8520833333333333 0.5739583333333333 0.221875 0.3020833333333333
0 0.696875 0.6052083333333333 0.10625 0.18958333333333333
0 0.28854166666666664 0.640625 0.08541666666666667 0.09791666666666667
0 0.5635416666666667 0.6625 0.07916666666666666 0.11666666666666667
0 0.9260416666666667 0.8833333333333333 0.14791666666666667 0.23020833333333332
0 0.6416666666666667 0.44583333333333336 0.03958333333333333 0.058333333333333334
0 0.6135416666666667 0.4083333333333333 0.03958333333333333 0.06145833333333333