0 0.6197916666666666 0.40208333333333335 0.04791666666666667 0.07083333333333333
0 0.35208333333333336 0.421875 0.041666666666666664 0.05625
0 0.5020833333333333 0.42916666666666664 0.040625 0.05416666666666667
0 0.5802083333333333 0.4395833333333333 0.058333333333333334 0.0875
0 0.13229166666666667 0.45625 0.13541666666666666 0.15416666666666667
0 0.2375 0.4895833333333333 0.059375 0.0875
0 0.515625 0.509375 0.0625 0.09375
0 0.7135416666666666 0.628125 0.10208333333333333 0.12708333333333333
0 0.08645833333333333 0.7104166666666667 0.17291666666666666 0.4166666666666667
0 0.5864583333333333 0.7229166666666667 0.10833333333333334 0.16666666666666666
0 0.22916666666666666 0.9072916666666667 0.15416666666666667 0.18541666666666667
0 0.9104166666666667 0.84375 0.17916666666666667 0.30833333333333335