0 0.371875 0.371875 0.034375 0.04375
0 0.490625 0.40520833333333334 0.0375 0.04791666666666667
0 0.18333333333333332 0.4114583333333333 0.10833333333333334 0.11875
0 0.2947916666666667 0.4166666666666667 0.04583333333333333 0.0625
0 0.6510416666666666 0.42916666666666664 0.058333333333333334 0.08333333333333333
0 0.5666666666666667 0.434375 0.04583333333333333 0.052083333333333336
0 0.5166666666666667 0.45625 0.052083333333333336 0.06666666666666667
0 0.6083333333333333 0.48541666666666666 0.06875 0.1
0 0.334375 0.5510416666666667 0.065625 0.08958333333333333
0 0.13541666666666666 0.5635416666666667 0.20208333333333334 0.28125
0 0.5395833333333333 0.5791666666666667 0.07708333333333334 0.10416666666666667
0 0.828125 0.7822916666666667 0.140625 0.18541666666666667
0 0.6802083333333333 0.9229166666666667 0.17604166666666668 0.153125