0 0.32916666666666666 0.3614583333333333 0.04375 0.06041666666666667
0 0.634375 0.3854166666666667 0.065625 0.1
0 0.5416666666666666 0.390625 0.028125 0.07291666666666667
0 0.36666666666666664 0.40208333333333335 0.040625 0.05
0 0.6802083333333333 0.40208333333333335 0.03958333333333333 0.0625
0 0.49166666666666664 0.41354166666666664 0.034375 0.04375
0 0.5854166666666667 0.41875 0.06041666666666667 0.125
0 0.5041666666666667 0.45416666666666666 0.04791666666666667 0.06666666666666667
0 0.63125 0.49166666666666664 0.090625 0.15
0 0.7864583333333334 0.5625 0.18541666666666667 0.17083333333333334
0 0.5520833333333334 0.5864583333333333 0.07291666666666667 0.10625
0 0.7229166666666667 0.7416666666666667 0.128125 0.17916666666666667