0 0.3145833333333333 0.32395833333333335 0.0375 0.04791666666666667
0 0.5979166666666667 0.34375 0.052083333333333336 0.1
0 0.540625 0.3572916666666667 0.059375 0.11041666666666666
0 0.4864583333333333 0.365625 0.05416666666666667 0.09791666666666667
0 0.38645833333333335 0.36770833333333336 0.03333333333333333 0.04791666666666667
0 0.25416666666666665 0.38229166666666664 0.040625 0.07291666666666667
0 0.309375 0.3885416666666667 0.040625 0.08125
0 0.3645833333333333 0.4166666666666667 0.04583333333333333 0.04583333333333333
0 0.5145833333333333 0.4875 0.05416666666666667 0.09583333333333334
0 0.6614583333333334 0.528125 0.15208333333333332 0.23958333333333334
0 0.8197916666666667 0.546875 0.16666666666666666 0.23958333333333334
0 0.065625 0.7916666666666666 0.128125 0.2375
0 0.26145833333333335 0.79375 0.12708333333333333 0.14583333333333334