0 0.32708333333333334 0.3489583333333333 0.05 0.07708333333333334
0 0.5270833333333333 0.36875 0.034375 0.05
0 0.475 0.3770833333333333 0.034375 0.05416666666666667
0 0.30520833333333336 0.384375 0.05416666666666667 0.08958333333333333
0 0.37083333333333335 0.4041666666666667 0.040625 0.04583333333333333
0 0.584375 0.43854166666666666 0.05 0.07708333333333334
0 0.3385416666666667 0.47291666666666665 0.058333333333333334 0.075
0 0.671875 0.5270833333333333 0.10625 0.19583333333333333
0 0.06458333333333334 0.5458333333333333 0.12916666666666668 0.17916666666666667
0 0.13958333333333334 0.6 0.221875 0.30833333333333335
0 0.590625 0.71875 0.103125 0.15416666666666667