0 0.3770833333333333 0.38958333333333334 0.035416666666666666 0.05
0 0.4895833333333333 0.4114583333333333 0.0375 0.052083333333333336
0 0.2833333333333333 0.4583333333333333 0.05625 0.07083333333333333
0 0.7302083333333333 0.4708333333333333 0.12916666666666668 0.175
0 0.503125 0.47604166666666664 0.05625 0.07291666666666667
0 0.33541666666666664 0.48541666666666666 0.05625 0.075
0 0.8145833333333333 0.50625 0.05625 0.07083333333333333
0 0.546875 0.5572916666666666 0.06875 0.10625
0 0.6604166666666667 0.5583333333333333 0.09791666666666667 0.16666666666666666
0 0.8260416666666667 0.8104166666666667 0.14791666666666667 0.1875
0 0.9572916666666667 0.7427083333333333 0.08541666666666667 0.23541666666666666