0 0.325 0.359375 0.059375 0.08541666666666667
0 0.2625 0.36041666666666666 0.05625 0.07083333333333333
0 0.5354166666666667 0.38333333333333336 0.034375 0.04583333333333333
0 0.4979166666666667 0.40208333333333335 0.03958333333333333 0.058333333333333334
0 0.20833333333333334 0.40520833333333334 0.09791666666666667 0.09375
0 0.36875 0.40729166666666666 0.0375 0.05625
0 0.334375 0.49166666666666664 0.059375 0.07083333333333333
0 0.22291666666666668 0.4947916666666667 0.12291666666666666 0.18541666666666667
0 0.09166666666666666 0.5135416666666667 0.103125 0.14375
0 0.7020833333333333 0.7302083333333333 0.11666666666666667 0.17291666666666666
0 0.22083333333333333 0.8177083333333334 0.15208333333333332 0.20625