0 0.5416666666666666 0.3625 0.0625 0.0875
0 0.6645833333333333 0.39166666666666666 0.1 0.1125
0 0.5854166666666667 0.4354166666666667 0.08333333333333333 0.15833333333333333
0 0.6552083333333333 0.5 0.12291666666666666 0.22916666666666666
0 0.5197916666666667 0.515625 0.06041666666666667 0.08541666666666667
0 0.7604166666666666 0.5260416666666666 0.065625 0.07291666666666667
0 0.325 0.5302083333333333 0.06770833333333333 0.08854166666666667
0 0.5322916666666667 0.5604166666666667 0.06458333333333334 0.0875
0 0.803125 0.5770833333333333 0.0875 0.10416666666666667
0 0.5614583333333333 0.5927083333333333 0.08958333333333333 0.13541666666666666
0 0.15 0.6145833333333334 0.090625 0.1
0 0.915625 0.6822916666666666 0.13125 0.15208333333333332
0 0.7666666666666667 0.7229166666666667 0.12708333333333333 0.16666666666666666
0 0.590625 0.740625 0.11875 0.16458333333333333
0 0.3614583333333333 0.4166666666666667 0.03958333333333333 0.04895833333333333