0 0.3177083333333333 0.3229166666666667 0.03333333333333333 0.04583333333333333
0 0.5979166666666667 0.3458333333333333 0.059375 0.10416666666666667
0 0.3885416666666667 0.34791666666666665 0.020833333333333332 0.025
0 0.5458333333333333 0.35833333333333334 0.06458333333333334 0.10833333333333334
0 0.265625 0.37083333333333335 0.04375 0.058333333333333334
0 0.3145833333333333 0.371875 0.035416666666666666 0.06041666666666667
0 0.4864583333333333 0.37395833333333334 0.058333333333333334 0.09791666666666667
0 0.6604166666666667 0.3875 0.034375 0.041666666666666664
0 0.3697916666666667 0.396875 0.035416666666666666 0.04791666666666667
0 0.5166666666666667 0.49583333333333335 0.06041666666666667 0.07916666666666666
0 0.6802083333333333 0.553125 0.16458333333333333 0.27708333333333335
0 0.8385416666666666 0.5625 0.20208333333333334 0.25416666666666665
0 0.29270833333333335 0.6770833333333334 0.09166666666666666 0.10833333333333334
0 0.1 0.690625 0.15625 0.20625