0 0.38333333333333336 0.36354166666666665 0.03125 0.035416666666666666
0 0.47708333333333336 0.37604166666666666 0.034375 0.04375
0 0.26145833333333335 0.38125 0.04583333333333333 0.0625
0 0.31666666666666665 0.38229166666666664 0.034375 0.04375
0 0.6166666666666667 0.39375 0.040625 0.075
0 0.5489583333333333 0.4 0.035416666666666666 0.05
0 0.20833333333333334 0.403125 0.052083333333333336 0.08541666666666667
0 0.3729166666666667 0.41041666666666665 0.03958333333333333 0.041666666666666664
0 0.4947916666666667 0.415625 0.03958333333333333 0.052083333333333336
0 0.5864583333333333 0.4322916666666667 0.04791666666666667 0.07291666666666667
0 0.35520833333333335 0.46041666666666664 0.04791666666666667 0.07083333333333333
0 0.6833333333333333 0.46770833333333334 0.059375 0.07708333333333334
0 0.21770833333333334 0.49166666666666664 0.08333333333333333 0.125
0 0.51875 0.5052083333333334 0.05625 0.10208333333333333
0 0.6416666666666667 0.5114583333333333 0.06875 0.12291666666666666
0 0.059375 0.5625 0.11875 0.15833333333333333
0 0.546875 0.596875 0.078125 0.12291666666666666
0 0.3072916666666667 0.6083333333333333 0.07291666666666667 0.10416666666666667
0 0.8447916666666667 0.7427083333333333 0.30416666666666664 0.4979166666666667
0 0.721875 0.8104166666666667 0.3572916666666667 0.378125
0 0.05 0.8677083333333333 0.1 0.18958333333333333