0 0.375 0.37604166666666666 0.034375 0.04375
0 0.2916666666666667 0.3885416666666667 0.07291666666666667 0.11041666666666666
0 0.6697916666666667 0.40208333333333335 0.03333333333333333 0.0375
0 0.6229166666666667 0.41041666666666665 0.03125 0.05
0 0.5833333333333334 0.4354166666666667 0.06458333333333334 0.10416666666666667
0 0.49583333333333335 0.44895833333333335 0.046875 0.06458333333333334
0 0.665625 0.4510416666666667 0.046875 0.052083333333333336
0 0.35208333333333336 0.45625 0.052083333333333336 0.058333333333333334
0 0.33125 0.5416666666666666 0.065625 0.1
0 0.15 0.559375 0.178125 0.2604166666666667
0 0.6822916666666666 0.5854166666666667 0.17291666666666666 0.19166666666666668
0 0.8666666666666667 0.5989583333333334 0.09583333333333334 0.09791666666666667
0 0.590625 0.7239583333333334 0.115625 0.16875
0 0.9802083333333333 0.7885416666666667 0.03958333333333333 0.18541666666666667