0 0.5427083333333333 0.35833333333333334 0.06041666666666667 0.12083333333333333
0 0.6010416666666667 0.38645833333333335 0.035416666666666666 0.04583333333333333
0 0.653125 0.390625 0.071875 0.10208333333333333
0 0.496875 0.43645833333333334 0.04375 0.06041666666666667
0 0.615625 0.45625 0.05 0.05520833333333333
0 0.7125 0.4552083333333333 0.09583333333333334 0.10625
0 0.5135416666666667 0.4895833333333333 0.06041666666666667 0.075
0 0.134375 0.49375 0.09479166666666666 0.12083333333333333
0 0.74375 0.5489583333333333 0.128125 0.175
0 0.5447916666666667 0.6166666666666667 0.07708333333333334 0.12083333333333333
0 0.865625 0.7916666666666666 0.26875 0.4166666666666667
0 0.6416666666666667 0.884375 0.14375 0.23125