0 0.36875 0.4010416666666667 0.040625 0.052083333333333336
0 0.3020833333333333 0.403125 0.04375 0.052083333333333336
0 0.24270833333333333 0.41770833333333335 0.04791666666666667 0.05625
0 0.6364583333333333 0.42291666666666666 0.04791666666666667 0.05416666666666667
0 0.584375 0.44583333333333336 0.046875 0.058333333333333334
0 0.7010416666666667 0.459375 0.07708333333333334 0.11875
0 0.5125 0.46979166666666666 0.05 0.07708333333333334
0 0.6125 0.475 0.05625 0.07916666666666666
0 0.6729166666666667 0.5666666666666667 0.103125 0.1625
0 0.7947916666666667 0.5739583333333333 0.10416666666666667 0.12291666666666666
0 0.5770833333333333 0.653125 0.09583333333333334 0.14791666666666667
0 0.2375 0.8 0.128125 0.18333333333333332
0 0.8947916666666667 0.86875 0.21041666666666667 0.2625