0 0.5354166666666667 0.38333333333333336 0.022916666666666665 0.06666666666666667
0 0.303125 0.39479166666666665 0.05 0.06458333333333334
0 0.4864583333333333 0.3958333333333333 0.03958333333333333 0.04583333333333333
0 0.5708333333333333 0.4041666666666667 0.06041666666666667 0.11666666666666667
0 0.49583333333333335 0.43333333333333335 0.04791666666666667 0.058333333333333334
0 0.6145833333333334 0.4635416666666667 0.07083333333333333 0.13125
0 0.3333333333333333 0.5020833333333333 0.05416666666666667 0.07083333333333333
0 0.7447916666666666 0.51875 0.15208333333333332 0.14166666666666666
0 0.5302083333333333 0.5260416666666666 0.06041666666666667 0.09375
0 0.6385416666666667 0.6270833333333333 0.10208333333333333 0.14166666666666666
0 0.6260416666666667 0.7989583333333333 0.15208333333333332 0.27708333333333335