0 0.5666666666666667 0.396875 0.05 0.08541666666666667
0 0.6458333333333334 0.4354166666666667 0.05 0.0625
0 0.5166666666666667 0.45416666666666666 0.04375 0.07083333333333333
0 0.325 0.4979166666666667 0.05625 0.0625
0 0.07916666666666666 0.5072916666666667 0.15833333333333333 0.23958333333333334
0 0.540625 0.553125 0.0625 0.08541666666666667
0 0.7791666666666667 0.5604166666666667 0.07916666666666666 0.0875
0 0.678125 0.584375 0.078125 0.10208333333333333
0 0.7604166666666666 0.70625 0.115625 0.1625
0 0.6041666666666666 0.7520833333333333 0.10833333333333334 0.18333333333333332
0 0.22708333333333333 0.840625 0.134375 0.18125