0 0.34479166666666666 0.32916666666666666 0.04791666666666667 0.07083333333333333
0 0.5260416666666666 0.34791666666666665 0.041666666666666664 0.075
0 0.5833333333333334 0.36666666666666664 0.04375 0.07083333333333333
0 0.3697916666666667 0.38229166666666664 0.03333333333333333 0.04375
0 0.3020833333333333 0.3885416666666667 0.06666666666666667 0.10208333333333333
0 0.21354166666666666 0.41041666666666665 0.052083333333333336 0.08333333333333333
0 0.34479166666666666 0.4625 0.06041666666666667 0.075
0 0.615625 0.49375 0.065625 0.0875
0 0.12916666666666668 0.6447916666666667 0.11458333333333333 0.13125
0 0.275 0.7229166666666667 0.1 0.1375
0 0.5416666666666666 0.49895833333333334 0.05416666666666667 0.08125