0 0.3458333333333333 0.33645833333333336 0.03958333333333333 0.06875
0 0.38333333333333336 0.34791666666666665 0.035416666666666666 0.041666666666666664
0 0.23541666666666666 0.38333333333333336 0.06875 0.08333333333333333
0 0.3 0.38645833333333335 0.075 0.10625
0 0.13333333333333333 0.4666666666666667 0.15625 0.15416666666666667
0 0.3416666666666667 0.478125 0.05416666666666667 0.07708333333333334
0 0.10520833333333333 0.6760416666666667 0.21041666666666667 0.36041666666666666
0 0.2677083333333333 0.6947916666666667 0.11041666666666666 0.13541666666666666
0 0.859375 0.8666666666666667 0.165625 0.25416666666666665
0 0.546875 0.6020833333333333 0.078125 0.13541666666666666
0 0.6 0.51875 0.065625 0.08020833333333334