0 0.5520833333333334 0.38333333333333336 0.04791666666666667 0.09166666666666666
0 0.4895833333333333 0.40520833333333334 0.041666666666666664 0.05625
0 0.6385416666666667 0.4166666666666667 0.08958333333333333 0.09583333333333334
0 0.5125 0.42291666666666666 0.040625 0.05
0 0.2604166666666667 0.44375 0.06666666666666667 0.10416666666666667
0 0.7520833333333333 0.46979166666666666 0.065625 0.07708333333333334
0 0.5104166666666666 0.4708333333333333 0.06458333333333334 0.1125
0 0.15208333333333332 0.4895833333333333 0.059375 0.06666666666666667
0 0.834375 0.5260416666666666 0.08125 0.08958333333333333
0 0.6572916666666667 0.5458333333333333 0.11458333333333333 0.16666666666666666
0 0.5479166666666667 0.5729166666666666 0.08333333333333333 0.12083333333333333
0 0.7854166666666667 0.58125 0.10833333333333334 0.12916666666666668
0 0.9416666666666667 0.71875 0.11666666666666667 0.19583333333333333
0 0.7760416666666666 0.7333333333333333 0.12916666666666668 0.17916666666666667
0 0.6145833333333334 0.8072916666666666 0.14166666666666666 0.22291666666666668