0 0.5895833333333333 0.3375 0.058333333333333334 0.0875
0 0.5333333333333333 0.35 0.05416666666666667 0.10833333333333334
0 0.29270833333333335 0.3541666666666667 0.041666666666666664 0.058333333333333334
0 0.48333333333333334 0.3625 0.05416666666666667 0.09583333333333334
0 0.37916666666666665 0.36875 0.03125 0.041666666666666664
0 0.4947916666666667 0.421875 0.04791666666666667 0.05625
0 0.36041666666666666 0.44583333333333336 0.03958333333333333 0.07083333333333333
0 0.6083333333333333 0.4510416666666667 0.10833333333333334 0.17708333333333334
0 0.25104166666666666 0.46458333333333335 0.07083333333333333 0.09583333333333334
0 0.7270833333333333 0.47291666666666665 0.12708333333333333 0.1875
0 0.15729166666666666 0.478125 0.08541666666666667 0.10625
0 0.296875 0.6145833333333334 0.09375 0.10833333333333334
0 0.5729166666666666 0.6666666666666666 0.10208333333333333 0.1375
0 0.9322916666666666 0.6770833333333334 0.13541666666666666 0.25833333333333336
0 0.8041666666666667 0.74375 0.13333333333333333 0.19166666666666668