0 0.3416666666666667 0.34791666666666665 0.05 0.08333333333333333
0 0.5614583333333333 0.4125 0.035416666666666666 0.04583333333333333
0 0.6270833333333333 0.4125 0.05 0.058333333333333334
0 0.7020833333333333 0.42604166666666665 0.053125 0.06041666666666667
0 0.35 0.4427083333333333 0.05 0.04791666666666667
0 0.6041666666666666 0.4625 0.0625 0.11666666666666667
0 0.5083333333333333 0.4666666666666667 0.052083333333333336 0.07916666666666666
0 0.6822916666666666 0.4791666666666667 0.052083333333333336 0.07083333333333333
0 0.7645833333333333 0.5229166666666667 0.10416666666666667 0.175
0 0.540625 0.540625 0.06875 0.09375
0 0.6916666666666667 0.6166666666666667 0.09583333333333334 0.12083333333333333
0 0.9197916666666667 0.6791666666666667 0.16041666666666668 0.37916666666666665
0 0.8416666666666667 0.8229166666666666 0.209375 0.3541666666666667
0 0.6572916666666667 0.921875 0.15208333333333332 0.15520833333333334