0 0.334375 0.33958333333333335 0.046875 0.0625
0 0.2947916666666667 0.34375 0.04583333333333333 0.07083333333333333
0 0.5416666666666666 0.35625 0.05416666666666667 0.1
0 0.48125 0.38125 0.034375 0.041666666666666664
0 0.33229166666666665 0.38333333333333336 0.035416666666666666 0.041666666666666664
0 0.6145833333333334 0.3885416666666667 0.053125 0.07708333333333334
0 0.49166666666666664 0.43020833333333336 0.040625 0.06041666666666667
0 0.35833333333333334 0.44166666666666665 0.04583333333333333 0.05416666666666667
0 0.18333333333333332 0.44479166666666664 0.075 0.10208333333333333
0 0.515625 0.48125 0.05625 0.07083333333333333
0 0.24166666666666667 0.509375 0.065625 0.07291666666666667
0 0.33125 0.5166666666666667 0.065625 0.0875
0 0.5760416666666667 0.6 0.08333333333333333 0.10833333333333334
0 0.7010416666666667 0.9020833333333333 0.17395833333333333 0.19479166666666667
0 0.378125 0.375 0.034375 0.04583333333333333