0 0.5541666666666667 0.37395833333333334 0.0625 0.10625
0 0.23333333333333334 0.3802083333333333 0.07604166666666666 0.109375
0 0.4791666666666667 0.38645833333333335 0.052083333333333336 0.05625
0 0.621875 0.38958333333333334 0.058333333333333334 0.08541666666666667
0 0.3614583333333333 0.45729166666666665 0.04895833333333333 0.057291666666666664
0 0.24895833333333334 0.465625 0.11458333333333333 0.19791666666666666
0 0.73125 0.49166666666666664 0.0875 0.13020833333333334
0 0.140625 0.509375 0.06770833333333333 0.0875
0 0.521875 0.5104166666666666 0.058333333333333334 0.08020833333333334
0 0.296875 0.6479166666666667 0.09270833333333334 0.10729166666666666
0 0.9364583333333333 0.7375 0.12604166666666666 0.309375
0 0.63125 0.7666666666666667 0.12083333333333333 0.20104166666666667
0 0.840625 0.8208333333333333 0.14791666666666667 0.20208333333333334
0 0.21145833333333333 0.9635416666666666 0.16041666666666668 0.07291666666666667