0 0.534375 0.35833333333333334 0.0625 0.0875
0 0.5854166666666667 0.4354166666666667 0.08333333333333333 0.15833333333333333
0 0.6552083333333333 0.5 0.12291666666666666 0.22916666666666666
0 0.5145833333333333 0.50625 0.06458333333333334 0.0875
0 0.7604166666666666 0.5260416666666666 0.065625 0.07291666666666667
0 0.2916666666666667 0.5572916666666666 0.08125 0.08125
0 0.18229166666666666 0.5635416666666667 0.08541666666666667 0.10625
0 0.5520833333333334 0.5729166666666666 0.096875 0.12083333333333333
0 0.69375 0.6145833333333334 0.0875 0.1375
0 0.559375 0.6552083333333333 0.096875 0.11875
0 0.8333333333333334 0.7447916666666666 0.23958333333333334 0.36875
0 0.5802083333333333 0.75625 0.11666666666666667 0.17083333333333334
0 0.6322916666666667 0.86875 0.13958333333333334 0.20833333333333334