0 0.590625 0.3375 0.059375 0.08333333333333333
0 0.30833333333333335 0.3385416666666667 0.040625 0.052083333333333336
0 0.5354166666666667 0.3458333333333333 0.05625 0.1
0 0.484375 0.36770833333333336 0.05625 0.10208333333333333
0 0.3770833333333333 0.3875 0.04375 0.05416666666666667
0 0.29375 0.40625 0.053125 0.07916666666666666
0 0.22916666666666666 0.40729166666666666 0.05625 0.08541666666666667
0 0.5041666666666667 0.45208333333333334 0.04895833333333333 0.06875
0 0.3489583333333333 0.4552083333333333 0.052083333333333336 0.065625
0 0.6364583333333333 0.4864583333333333 0.12708333333333333 0.21875
0 0.7760416666666666 0.5114583333333333 0.15416666666666667 0.21041666666666667
0 0.6635416666666667 0.8958333333333334 0.14791666666666667 0.20833333333333334
0 0.9385416666666667 0.928125 0.12291666666666666 0.14270833333333333