0 0.5416666666666666 0.37395833333333334 0.058333333333333334 0.10208333333333333
0 0.6625 0.3875 0.1 0.1125
0 0.5854166666666667 0.4354166666666667 0.08333333333333333 0.15833333333333333
0 0.6552083333333333 0.5 0.12291666666666666 0.22916666666666666
0 0.5145833333333333 0.50625 0.06458333333333334 0.0875
0 0.7604166666666666 0.5260416666666666 0.065625 0.07291666666666667
0 0.21666666666666667 0.5270833333333333 0.075 0.0875
0 0.5520833333333334 0.5729166666666666 0.096875 0.12083333333333333
0 0.7979166666666667 0.578125 0.07083333333333333 0.09791666666666667
0 0.30520833333333336 0.5802083333333333 0.07291666666666667 0.09375
0 0.8708333333333333 0.6364583333333333 0.10416666666666667 0.11875
0 0.7145833333333333 0.6458333333333334 0.09375 0.15
0 0.5645833333333333 0.6708333333333333 0.10625 0.15
0 0.6270833333333333 0.8885416666666667 0.14166666666666666 0.22291666666666668
0 0.9479166666666666 0.7354166666666667 0.10416666666666667 0.13645833333333332