0 0.3385416666666667 0.36666666666666664 0.03333333333333333 0.041666666666666664
0 0.3729166666666667 0.3854166666666667 0.034375 0.041666666666666664
0 0.2791666666666667 0.4125 0.08333333333333333 0.10833333333333334
0 0.5020833333333333 0.4125 0.03958333333333333 0.05
0 0.20416666666666666 0.41770833333333335 0.06666666666666667 0.10208333333333333
0 0.359375 0.42291666666666666 0.0375 0.05416666666666667
0 0.5229166666666667 0.478125 0.05416666666666667 0.09375
0 0.32083333333333336 0.55625 0.071875 0.0875
0 0.19791666666666666 0.5802083333333333 0.084375 0.09375
0 0.5666666666666667 0.6270833333333333 0.09166666666666666 0.1375
0 0.8572916666666667 0.7458333333333333 0.28541666666666665 0.5083333333333333