0 0.621875 0.39479166666666665 0.075 0.11041666666666666
0 0.3145833333333333 0.39479166666666665 0.0375 0.04375
0 0.5020833333333333 0.43854166666666666 0.04375 0.06458333333333334
0 0.6104166666666667 0.45625 0.06041666666666667 0.10833333333333334
0 0.5333333333333333 0.48020833333333335 0.058333333333333334 0.07708333333333334
0 0.634375 0.5354166666666667 0.075 0.09166666666666666
0 0.8697916666666666 0.578125 0.10833333333333334 0.11458333333333333
0 0.7302083333333333 0.6447916666666667 0.10208333333333333 0.15208333333333332
0 0.875 0.671875 0.090625 0.11875
0 0.5958333333333333 0.7604166666666666 0.11458333333333333 0.18333333333333332
0 0.8291666666666667 0.7770833333333333 0.18541666666666667 0.30416666666666664