0 0.6333333333333333 0.40520833333333334 0.0625 0.10208333333333333
0 0.49375 0.409375 0.04375 0.06458333333333334
0 0.2 0.41354166666666664 0.071875 0.08125
0 0.7166666666666667 0.45625 0.128125 0.17083333333333334
0 0.6083333333333333 0.47708333333333336 0.06875 0.09583333333333334
0 0.515625 0.490625 0.05 0.07291666666666667
0 0.33541666666666664 0.49895833333333334 0.058333333333333334 0.06041666666666667
0 0.190625 0.5427083333333333 0.153125 0.21041666666666667
0 0.6958333333333333 0.5802083333333333 0.1125 0.18958333333333333
0 0.55625 0.6052083333333333 0.084375 0.11875
0 0.703125 0.940625 0.15 0.11770833333333333
0 0.9416666666666667 0.69375 0.11666666666666667 0.3072916666666667