0 0.4791666666666667 0.346875 0.04895833333333333 0.08333333333333333
0 0.328125 0.3541666666666667 0.05 0.084375
0 0.26666666666666666 0.39375 0.058333333333333334 0.075
0 0.5760416666666667 0.41458333333333336 0.08333333333333333 0.14583333333333334
0 0.35520833333333335 0.4375 0.04791666666666667 0.04583333333333333
0 0.6916666666666667 0.4375 0.11458333333333333 0.15
0 0.2125 0.515625 0.06875 0.071875
0 0.525 0.528125 0.06041666666666667 0.09791666666666667
0 0.6833333333333333 0.58125 0.08229166666666667 0.12395833333333334
0 0.146875 0.6177083333333333 0.11666666666666667 0.16875
0 0.3 0.6489583333333333 0.08645833333333333 0.10104166666666667
0 0.8572916666666667 0.76875 0.28541666666666665 0.4625
0 0.6791666666666667 0.8427083333333333 0.15 0.22083333333333333