0 0.5864583333333333 0.35 0.04791666666666667 0.07916666666666666
0 0.5364583333333334 0.3614583333333333 0.04791666666666667 0.08541666666666667
0 0.48020833333333335 0.37916666666666665 0.03958333333333333 0.041666666666666664
0 0.5583333333333333 0.39375 0.04791666666666667 0.08333333333333333
0 0.28958333333333336 0.39895833333333336 0.06041666666666667 0.08958333333333333
0 0.6520833333333333 0.43125 0.09791666666666667 0.09166666666666666
0 0.51875 0.4395833333333333 0.046875 0.05
0 0.20729166666666668 0.4427083333333333 0.05416666666666667 0.05625
0 0.5177083333333333 0.49895833333333334 0.07083333333333333 0.12708333333333333
0 0.8145833333333333 0.5114583333333333 0.07916666666666666 0.06875
0 0.690625 0.5947916666666667 0.128125 0.18958333333333333
0 0.8197916666666667 0.6041666666666666 0.12916666666666668 0.17916666666666667
0 0.9302083333333333 0.6104166666666667 0.11041666666666666 0.12916666666666668
0 0.565625 0.628125 0.09375 0.14791666666666667
0 0.275 0.6875 0.096875 0.1125
0 0.8583333333333333 0.8479166666666667 0.16041666666666668 0.21666666666666667
0 0.6677083333333333 0.9145833333333333 0.17291666666666666 0.16979166666666667