0 0.3958333333333333 0.31875 0.020833333333333332 0.03333333333333333
0 0.5552083333333333 0.3229166666666667 0.027083333333333334 0.05
0 0.34791666666666665 0.328125 0.03125 0.05625
0 0.5197916666666667 0.33229166666666665 0.05416666666666667 0.06458333333333334
0 0.4708333333333333 0.334375 0.03125 0.03958333333333333
0 0.3958333333333333 0.346875 0.025 0.027083333333333334
0 0.3416666666666667 0.3572916666666667 0.041666666666666664 0.052083333333333336
0 0.3854166666666667 0.3697916666666667 0.03333333333333333 0.03958333333333333
0 0.6041666666666666 0.375 0.065625 0.09166666666666666
0 0.35520833333333335 0.434375 0.041666666666666664 0.06041666666666667
0 0.565625 0.440625 0.04375 0.06875
0 0.5208333333333334 0.478125 0.04583333333333333 0.09375
0 0.31666666666666665 0.5635416666666667 0.078125 0.11041666666666666
0 0.5677083333333334 0.6489583333333333 0.10416666666666667 0.11875
0 0.6708333333333333 0.9333333333333333 0.16666666666666666 0.125