0 0.3770833333333333 0.3625 0.029166666666666667 0.03333333333333333
0 0.5541666666666667 0.3885416666666667 0.04791666666666667 0.08125
0 0.49166666666666664 0.403125 0.040625 0.04791666666666667
0 0.68125 0.42291666666666666 0.09375 0.125
0 0.5145833333333333 0.45416666666666666 0.04791666666666667 0.07083333333333333
0 0.7645833333333333 0.47291666666666665 0.05625 0.075
0 0.6395833333333333 0.4791666666666667 0.11041666666666666 0.17916666666666667
0 0.33645833333333336 0.503125 0.06041666666666667 0.08125
0 0.9072916666666667 0.6354166666666666 0.18541666666666667 0.25416666666666665
0 0.571875 0.6458333333333334 0.0875 0.11666666666666667
0 0.775 0.7125 0.140625 0.2375
0 0.14270833333333333 0.9364583333333333 0.165625 0.12604166666666666
0 0.6625 0.9291666666666667 0.153125 0.140625