0 0.3572916666666667 0.3125 0.035416666666666666 0.0625
0 0.3104166666666667 0.3260416666666667 0.028125 0.04375
0 0.48541666666666666 0.365625 0.05 0.10208333333333333
0 0.371875 0.3927083333333333 0.040625 0.04791666666666667
0 0.30520833333333336 0.396875 0.03958333333333333 0.04791666666666667
0 0.6229166666666667 0.4010416666666667 0.05 0.08541666666666667
0 0.5666666666666667 0.42604166666666665 0.04375 0.052083333333333336
0 0.7041666666666667 0.44583333333333336 0.052083333333333336 0.05
0 0.26458333333333334 0.459375 0.04791666666666667 0.06875
0 0.5104166666666666 0.46979166666666666 0.05416666666666667 0.08541666666666667
0 0.3458333333333333 0.49895833333333334 0.053125 0.06041666666666667
0 0.6083333333333333 0.503125 0.05416666666666667 0.06458333333333334
0 0.7677083333333333 0.5302083333333333 0.09166666666666666 0.14375
0 0.8375 0.5354166666666667 0.0625 0.075
0 0.6822916666666666 0.5916666666666667 0.07708333333333334 0.1
0 0.1 0.6770833333333334 0.2 0.3458333333333333
0 0.5822916666666667 0.6875 0.10208333333333333 0.14583333333333334
0 0.80625 0.7760416666666666 0.15625 0.22708333333333333
0 0.271875 0.8052083333333333 0.11875 0.14791666666666667