0 0.5927083333333333 0.3541666666666667 0.04583333333333333 0.08333333333333333
0 0.38125 0.3645833333333333 0.03125 0.041666666666666664
0 0.5520833333333334 0.378125 0.065625 0.10208333333333333
0 0.5010416666666667 0.43125 0.04583333333333333 0.05416666666666667
0 0.728125 0.49166666666666664 0.0625 0.07916666666666666
0 0.509375 0.4979166666666667 0.053125 0.08333333333333333
0 0.6520833333333333 0.528125 0.10416666666666667 0.18958333333333333
0 0.8104166666666667 0.5677083333333334 0.09166666666666666 0.11875
0 0.5541666666666667 0.6145833333333334 0.08125 0.12083333333333333
0 0.7614583333333333 0.7145833333333333 0.11666666666666667 0.16354166666666667
0 0.61875 0.8 0.11666666666666667 0.18958333333333333