0 0.36770833333333336 0.41354166666666664 0.041666666666666664 0.05625
0 0.7020833333333333 0.44895833333333335 0.11458333333333333 0.16458333333333333
0 0.4979166666666667 0.4583333333333333 0.04791666666666667 0.07083333333333333
0 0.246875 0.51875 0.06875 0.08333333333333333
0 0.5354166666666667 0.5229166666666667 0.06458333333333334 0.0875
0 0.63125 0.5229166666666667 0.08125 0.15416666666666667
0 0.31354166666666666 0.5489583333333333 0.07083333333333333 0.08958333333333333
0 0.9145833333333333 0.6697916666666667 0.13333333333333333 0.19791666666666666
0 0.7604166666666666 0.7125 0.11875 0.15416666666666667
0 0.5416666666666666 0.3625 0.04583333333333333 0.07916666666666666
0 0.32708333333333334 0.375 0.035416666666666666 0.04583333333333333
0 0.29375 0.3458333333333333 0.03125 0.040625