0 0.4979166666666667 0.415625 0.041666666666666664 0.06041666666666667
0 0.575 0.42916666666666664 0.05625 0.07916666666666666
0 0.3458333333333333 0.446875 0.046875 0.06041666666666667
0 0.10416666666666667 0.48333333333333334 0.153125 0.17916666666666667
0 0.5104166666666666 0.49270833333333336 0.058333333333333334 0.08541666666666667
0 0.20833333333333334 0.5229166666666667 0.06875 0.09166666666666666
0 0.6864583333333333 0.5916666666666667 0.08958333333333333 0.11666666666666667
0 0.5697916666666667 0.6697916666666667 0.09166666666666666 0.14375
0 0.8864583333333333 0.8166666666666667 0.22291666666666668 0.36666666666666664
0 0.6125 0.390625 0.04895833333333333 0.071875
0 0.06145833333333333 0.7677083333333333 0.12291666666666666 0.4635416666666667
0 0.290625 0.3333333333333333 0.05 0.07916666666666666