0 0.54375 0.3645833333333333 0.053125 0.08333333333333333
0 0.49166666666666664 0.39895833333333336 0.040625 0.04375
0 0.6604166666666667 0.40520833333333334 0.08125 0.11458333333333333
0 0.5666666666666667 0.4270833333333333 0.041666666666666664 0.09166666666666666
0 0.5041666666666667 0.446875 0.04583333333333333 0.06041666666666667
0 0.6166666666666667 0.459375 0.07916666666666666 0.13958333333333334
0 0.7760416666666666 0.48541666666666666 0.06666666666666667 0.075
0 0.14166666666666666 0.509375 0.06875 0.07708333333333334
0 0.5239583333333333 0.515625 0.06041666666666667 0.08958333333333333
0 0.32708333333333334 0.540625 0.065625 0.07291666666666667
0 0.6989583333333333 0.5802083333333333 0.12083333333333333 0.20208333333333334
0 0.8875 0.696875 0.225 0.26875
0 0.6364583333333333 0.815625 0.12708333333333333 0.19375