0 0.30104166666666665 0.3802083333333333 0.07083333333333333 0.11041666666666666
0 0.37604166666666666 0.3802083333333333 0.035416666666666666 0.035416666666666666
0 0.640625 0.40625 0.053125 0.0875
0 0.5635416666666667 0.40729166666666666 0.03958333333333333 0.05625
0 0.36041666666666666 0.4239583333333333 0.04583333333333333 0.04791666666666667
0 0.6916666666666667 0.42604166666666665 0.04791666666666667 0.05625
0 0.49583333333333335 0.43333333333333335 0.046875 0.07083333333333333
0 0.6260416666666667 0.48854166666666665 0.06458333333333334 0.08125
0 0.14375 0.49270833333333336 0.065625 0.07708333333333334
0 0.22916666666666666 0.5083333333333333 0.078125 0.0875
0 0.7916666666666666 0.515625 0.078125 0.08958333333333333
0 0.534375 0.54375 0.06875 0.10416666666666667
0 0.321875 0.5489583333333333 0.075 0.09375
0 0.042708333333333334 0.5822916666666667 0.08541666666666667 0.09791666666666667
0 0.7145833333333333 0.59375 0.134375 0.23333333333333334
0 0.828125 0.6072916666666667 0.09375 0.11041666666666666
0 0.6135416666666667 0.71875 0.11666666666666667 0.17083333333333334
0 0.08541666666666667 0.7385416666666667 0.140625 0.16041666666666668
0 0.26979166666666665 0.74375 0.11458333333333333 0.17083333333333334