0 0.5 0.40729166666666666 0.040625 0.052083333333333336
0 0.5083333333333333 0.459375 0.046875 0.06458333333333334
0 0.678125 0.46770833333333334 0.059375 0.06875
0 0.6135416666666667 0.48854166666666665 0.06041666666666667 0.07291666666666667
0 0.33541666666666664 0.496875 0.06041666666666667 0.08541666666666667
0 0.7895833333333333 0.5447916666666667 0.103125 0.16875
0 0.5354166666666667 0.546875 0.065625 0.10208333333333333
0 0.6572916666666667 0.5541666666666667 0.07291666666666667 0.10833333333333334
0 0.75 0.6625 0.14375 0.23333333333333334
0 0.9322916666666666 0.7239583333333334 0.13541666666666666 0.16458333333333333
0 0.653125 0.8770833333333333 0.15 0.24583333333333332