0 0.3885416666666667 0.3416666666666667 0.029166666666666667 0.03333333333333333
0 0.29583333333333334 0.35 0.027083333333333334 0.03333333333333333
0 0.5416666666666666 0.3697916666666667 0.04583333333333333 0.07291666666666667
0 0.48333333333333334 0.38333333333333336 0.034375 0.0375
0 0.6583333333333333 0.4010416666666667 0.075 0.11875
0 0.3614583333333333 0.40520833333333334 0.041666666666666664 0.04791666666666667
0 0.5041666666666667 0.42291666666666666 0.040625 0.05
0 0.6041666666666666 0.43333333333333335 0.08958333333333333 0.14583333333333334
0 0.7489583333333333 0.44895833333333335 0.05416666666666667 0.04791666666666667
0 0.5364583333333334 0.5375 0.07083333333333333 0.08333333333333333
0 0.8177083333333334 0.54375 0.17291666666666666 0.1875
0 0.6864583333333333 0.5833333333333334 0.08541666666666667 0.15833333333333333
0 0.5739583333333333 0.6916666666666667 0.08958333333333333 0.12083333333333333
0 0.8385416666666666 0.7625 0.22083333333333333 0.3875
0 0.215625 0.8447916666666667 0.140625 0.19791666666666666