0 0.37916666666666665 0.36666666666666664 0.0375 0.04583333333333333
0 0.475 0.37916666666666665 0.040625 0.05416666666666667
0 0.5583333333333333 0.38229166666666664 0.07291666666666667 0.12291666666666666
0 0.29583333333333334 0.39791666666666664 0.06458333333333334 0.10416666666666667
0 0.6520833333333333 0.40729166666666666 0.08541666666666667 0.11458333333333333
0 0.36666666666666664 0.4270833333333333 0.03958333333333333 0.0625
0 0.49375 0.446875 0.05625 0.07708333333333334
0 0.6 0.48020833333333335 0.04375 0.09791666666666667
0 0.20729166666666668 0.4895833333333333 0.08333333333333333 0.1125
0 0.7541666666666667 0.5 0.059375 0.14166666666666666
0 0.3333333333333333 0.525 0.06666666666666667 0.08333333333333333
0 0.6979166666666666 0.55 0.17291666666666666 0.25
0 0.5614583333333333 0.5875 0.08541666666666667 0.12083333333333333
0 0.8645833333333334 0.6489583333333333 0.1 0.11458333333333333
0 0.6208333333333333 0.7947916666666667 0.13125 0.20625
0 0.22604166666666667 0.81875 0.12291666666666666 0.14583333333333334