0 0.60625 0.3697916666666667 0.0625 0.09375
0 0.5572916666666666 0.3875 0.05416666666666667 0.1
0 0.4895833333333333 0.4 0.0375 0.04583333333333333
0 0.6760416666666667 0.4395833333333333 0.10833333333333334 0.1625
0 0.5020833333333333 0.4479166666666667 0.04791666666666667 0.07083333333333333
0 0.59375 0.45625 0.05 0.0625
0 0.7895833333333333 0.49270833333333336 0.078125 0.08125
0 0.6229166666666667 0.5020833333333333 0.06666666666666667 0.09166666666666666
0 0.5229166666666667 0.5041666666666667 0.06041666666666667 0.07916666666666666
0 0.31666666666666665 0.5333333333333333 0.07083333333333333 0.09583333333333334
0 0.7114583333333333 0.5958333333333333 0.10833333333333334 0.20416666666666666
0 0.5770833333333333 0.6052083333333333 0.08958333333333333 0.13125
0 0.803125 0.796875 0.153125 0.19375