0 0.6145833333333334 0.3645833333333333 0.07291666666666667 0.10833333333333334
0 0.5604166666666667 0.371875 0.059375 0.11041666666666666
0 0.49583333333333335 0.39479166666666665 0.078125 0.11875
0 0.6729166666666667 0.39479166666666665 0.04375 0.05625
0 0.3625 0.4197916666666667 0.05 0.04791666666666667
0 0.28125 0.4270833333333333 0.0625 0.06666666666666667
0 0.75625 0.45 0.059375 0.05
0 0.6791666666666667 0.4583333333333333 0.05625 0.07083333333333333
0 0.15520833333333334 0.4625 0.11041666666666666 0.1375
0 0.778125 0.5052083333333334 0.084375 0.07291666666666667
0 0.22708333333333333 0.5114583333333333 0.09583333333333334 0.13958333333333334
0 0.334375 0.5614583333333333 0.0625 0.08541666666666667
0 0.084375 0.6302083333333334 0.16875 0.18125
0 0.5635416666666667 0.659375 0.09270833333333334 0.12604166666666666
0 0.8510416666666667 0.7677083333333333 0.29791666666666666 0.46458333333333335