0 0.321875 0.3541666666666667 0.053125 0.08333333333333333
0 0.36875 0.3958333333333333 0.0375 0.04583333333333333
0 0.571875 0.39895833333333336 0.08125 0.13541666666666666
0 0.2552083333333333 0.4083333333333333 0.058333333333333334 0.07916666666666666
0 0.6770833333333334 0.42604166666666665 0.1 0.13958333333333334
0 0.340625 0.48333333333333334 0.059375 0.06666666666666667
0 0.5166666666666667 0.496875 0.052083333333333336 0.08125
0 0.6572916666666667 0.5458333333333333 0.06458333333333334 0.10833333333333334
0 0.175 0.5666666666666667 0.0875 0.09166666666666666
0 0.9197916666666667 0.571875 0.08958333333333333 0.11458333333333333
0 0.81875 0.7072916666666667 0.275 0.41041666666666665
0 0.07083333333333333 0.7229166666666667 0.140625 0.22083333333333333
0 0.6395833333333333 0.7395833333333334 0.12916666666666668 0.19166666666666668
0 0.24166666666666667 0.8364583333333333 0.134375 0.16875