0 0.5520833333333334 0.39375 0.03958333333333333 0.05416666666666667
0 0.6302083333333334 0.39895833333333336 0.058333333333333334 0.08541666666666667
0 0.27708333333333335 0.40729166666666666 0.07916666666666666 0.14375
0 0.49375 0.409375 0.040625 0.06041666666666667
0 0.3645833333333333 0.421875 0.040625 0.05520833333333333
0 0.5979166666666667 0.4625 0.053125 0.07708333333333334
0 0.5177083333333333 0.49895833333333334 0.06041666666666667 0.08541666666666667
0 0.3333333333333333 0.5020833333333333 0.06041666666666667 0.09166666666666666
0 0.671875 0.5385416666666667 0.09375 0.17291666666666666
0 0.058333333333333334 0.5760416666666667 0.0875 0.11041666666666666
0 0.5760416666666667 0.615625 0.08958333333333333 0.11875
0 0.15729166666666666 0.6270833333333333 0.1 0.11875
0 0.26875 0.703125 0.10104166666666667 0.13333333333333333
0 0.8697916666666666 0.7697916666666667 0.2604166666666667 0.46041666666666664