0 0.3385416666666667 0.353125 0.027083333333333334 0.027083333333333334
0 0.5979166666666667 0.359375 0.053125 0.08541666666666667
0 0.6604166666666667 0.41458333333333336 0.090625 0.12916666666666668
0 0.5 0.43125 0.04375 0.058333333333333334
0 0.5770833333333333 0.43125 0.04791666666666667 0.058333333333333334
0 0.725 0.4427083333333333 0.05 0.06458333333333334
0 0.6020833333333333 0.47291666666666665 0.05416666666666667 0.07083333333333333
0 0.5114583333333333 0.4791666666666667 0.04791666666666667 0.06666666666666667
0 0.6583333333333333 0.51875 0.08333333333333333 0.14583333333333334
0 0.5510416666666667 0.5291666666666667 0.06666666666666667 0.10833333333333334
0 0.7114583333333333 0.6520833333333333 0.10416666666666667 0.1375
0 0.225 0.778125 0.128125 0.15625
0 0.8791666666666667 0.8583333333333333 0.171875 0.26666666666666666