0 0.59375 0.371875 0.059375 0.07291666666666667
0 0.646875 0.38333333333333336 0.0375 0.05
0 0.4875 0.4 0.0375 0.075
0 0.3614583333333333 0.4010416666666667 0.035416666666666666 0.03958333333333333
0 0.571875 0.425 0.065625 0.09166666666666666
0 0.5052083333333334 0.45416666666666666 0.052083333333333336 0.075
0 0.6770833333333334 0.46041666666666664 0.06666666666666667 0.07083333333333333
0 0.6145833333333334 0.5072916666666667 0.075 0.08958333333333333
0 0.5208333333333334 0.5333333333333333 0.065625 0.10416666666666667
0 0.7614583333333333 0.6385416666666667 0.22708333333333333 0.35208333333333336
0 0.8916666666666667 0.6458333333333334 0.115625 0.14166666666666666
0 0.5875 0.709375 0.1 0.13958333333333334