0 0.5322916666666667 0.35520833333333335 0.03333333333333333 0.06875
0 0.475 0.359375 0.028125 0.035416666666666666
0 0.590625 0.36666666666666664 0.05 0.075
0 0.3104166666666667 0.375 0.065625 0.09166666666666666
0 0.3729166666666667 0.37916666666666665 0.034375 0.04583333333333333
0 0.228125 0.39375 0.053125 0.07916666666666666
0 0.3541666666666667 0.4322916666666667 0.04791666666666667 0.06875
0 0.640625 0.5239583333333333 0.065625 0.10625
0 0.5520833333333334 0.5395833333333333 0.06875 0.1375
0 0.17083333333333334 0.5864583333333333 0.10208333333333333 0.11875
0 0.29791666666666666 0.6427083333333333 0.08541666666666667 0.11458333333333333