0 0.6041666666666666 0.353125 0.053125 0.09791666666666667
0 0.5489583333333333 0.37083333333333335 0.06666666666666667 0.1
0 0.32083333333333336 0.3770833333333333 0.04375 0.05
0 0.48333333333333334 0.38333333333333336 0.0375 0.05
0 0.22291666666666668 0.38645833333333335 0.07708333333333334 0.09791666666666667
0 0.36041666666666666 0.42291666666666666 0.040625 0.05416666666666667
0 0.284375 0.43333333333333335 0.046875 0.058333333333333334
0 0.49895833333333334 0.4625 0.04791666666666667 0.07916666666666666
0 0.6583333333333333 0.5010416666666667 0.11666666666666667 0.22291666666666668
0 0.21041666666666667 0.51875 0.10625 0.15
0 0.8802083333333334 0.6229166666666667 0.19166666666666668 0.2
0 0.2875 0.6822916666666666 0.109375 0.12708333333333333
0 0.8291666666666667 0.6989583333333333 0.17291666666666666 0.3145833333333333
0 0.5791666666666667 0.7020833333333333 0.09583333333333334 0.15416666666666667
0 0.05625 0.8364583333333333 0.1125 0.17708333333333334