0 0.6333333333333333 0.40520833333333334 0.0625 0.10208333333333333
0 0.20833333333333334 0.41354166666666664 0.05520833333333333 0.08125
0 0.5 0.41770833333333335 0.04375 0.06458333333333334
0 0.578125 0.43854166666666666 0.05 0.05625
0 0.7166666666666667 0.45625 0.128125 0.17083333333333334
0 0.6083333333333333 0.47708333333333336 0.06875 0.09583333333333334
0 0.3416666666666667 0.48020833333333335 0.058333333333333334 0.06041666666666667
0 0.515625 0.5010416666666667 0.05625 0.07708333333333334
0 0.209375 0.5270833333333333 0.140625 0.21041666666666667
0 0.7041666666666667 0.590625 0.11666666666666667 0.19791666666666666
0 0.5625 0.6208333333333333 0.0875 0.12708333333333333
0 0.95 0.709375 0.1 0.29791666666666666