0 0.3885416666666667 0.334375 0.027083333333333334 0.03125
0 0.5625 0.39479166666666665 0.065625 0.11041666666666666
0 0.6135416666666667 0.396875 0.03958333333333333 0.06458333333333334
0 0.3614583333333333 0.41354166666666664 0.04583333333333333 0.03958333333333333
0 0.6541666666666667 0.42604166666666665 0.05625 0.07291666666666667
0 0.20416666666666666 0.42916666666666664 0.059375 0.07916666666666666
0 0.4979166666666667 0.4375 0.040625 0.058333333333333334
0 0.6166666666666667 0.5020833333333333 0.065625 0.07083333333333333
0 0.7104166666666667 0.5020833333333333 0.06041666666666667 0.07083333333333333
0 0.5520833333333334 0.5645833333333333 0.06875 0.0875
0 0.8260416666666667 0.58125 0.12708333333333333 0.17083333333333334
0 0.5885416666666666 0.74375 0.10833333333333334 0.14583333333333334
0 0.8010416666666667 0.7791666666666667 0.14791666666666667 0.19166666666666668