0 0.346875 0.32916666666666666 0.0375 0.06666666666666667
0 0.38333333333333336 0.36354166666666665 0.03125 0.035416666666666666
0 0.26979166666666665 0.3770833333333333 0.04583333333333333 0.0625
0 0.32083333333333336 0.3802083333333333 0.034375 0.04375
0 0.4791666666666667 0.3885416666666667 0.034375 0.04375
0 0.21875 0.4 0.05 0.1
0 0.5552083333333333 0.40208333333333335 0.035416666666666666 0.05
0 0.6291666666666667 0.40625 0.046875 0.08333333333333333
0 0.37604166666666666 0.4083333333333333 0.03958333333333333 0.041666666666666664
0 0.49895833333333334 0.42604166666666665 0.03958333333333333 0.052083333333333336
0 0.28958333333333336 0.43854166666666666 0.041666666666666664 0.06458333333333334
0 0.5947916666666667 0.4427083333333333 0.04791666666666667 0.07291666666666667
0 0.3572916666666667 0.44895833333333335 0.04583333333333333 0.06041666666666667
0 0.24270833333333333 0.475 0.08333333333333333 0.125
0 0.7 0.4822916666666667 0.059375 0.07708333333333334
0 0.5270833333333333 0.5239583333333333 0.05625 0.10208333333333333
0 0.09479166666666666 0.53125 0.11041666666666666 0.14166666666666666
0 0.6604166666666667 0.5375 0.075 0.125
0 0.3229166666666667 0.5635416666666667 0.065625 0.08541666666666667
0 0.5583333333333333 0.6354166666666666 0.084375 0.13333333333333333
0 0.07708333333333334 0.7614583333333333 0.1375 0.16041666666666668
0 0.7489583333333333 0.840625 0.371875 0.3177083333333333
0 0.8625 0.7666666666666667 0.275 0.465625