0 0.2552083333333333 0.3489583333333333 0.06666666666666667 0.06875
0 0.37916666666666665 0.39479166666666665 0.0375 0.04375
0 0.17083333333333334 0.4239583333333333 0.08333333333333333 0.11041666666666666
0 0.2520833333333333 0.42604166666666665 0.103125 0.15625
0 0.5791666666666667 0.42604166666666665 0.04583333333333333 0.06041666666666667
0 0.509375 0.4625 0.05 0.07083333333333333
0 0.7166666666666667 0.5020833333333333 0.08541666666666667 0.12916666666666668
0 0.61875 0.521875 0.0625 0.07708333333333334
0 0.5447916666666667 0.5572916666666666 0.06666666666666667 0.10625
0 0.121875 0.5791666666666667 0.20625 0.29583333333333334
0 0.7 0.6041666666666666 0.11875 0.15833333333333333
0 0.6229166666666667 0.846875 0.14375 0.23541666666666666
0 0.23125 0.8791666666666667 0.146875 0.2