0 0.5552083333333333 0.40208333333333335 0.052083333333333336 0.08333333333333333
0 0.6364583333333333 0.41354166666666664 0.06666666666666667 0.06875
0 0.49166666666666664 0.421875 0.04583333333333333 0.06041666666666667
0 0.5875 0.4739583333333333 0.05625 0.07708333333333334
0 0.33541666666666664 0.48541666666666666 0.05625 0.0625
0 0.5041666666666667 0.4864583333333333 0.05416666666666667 0.07708333333333334
0 0.6822916666666666 0.5510416666666667 0.15416666666666667 0.23958333333333334
0 0.8020833333333334 0.5739583333333333 0.1125 0.11875
0 0.5552083333333333 0.609375 0.08333333333333333 0.11041666666666666
0 0.9135416666666667 0.921875 0.17291666666666666 0.15208333333333332
0 0.9416666666666667 0.746875 0.11666666666666667 0.17291666666666666