0 0.33645833333333336 0.3572916666666667 0.029166666666666667 0.035416666666666666
0 0.5552083333333333 0.37916666666666665 0.06666666666666667 0.125
0 0.22916666666666666 0.384375 0.09791666666666667 0.12291666666666666
0 0.6083333333333333 0.3885416666666667 0.035416666666666666 0.06875
0 0.37604166666666666 0.3885416666666667 0.029166666666666667 0.03958333333333333
0 0.4947916666666667 0.3927083333333333 0.06458333333333334 0.11875
0 0.3104166666666667 0.40520833333333334 0.034375 0.052083333333333336
0 0.6510416666666666 0.421875 0.05416666666666667 0.08958333333333333
0 0.3645833333333333 0.43125 0.040625 0.058333333333333334
0 0.5229166666666667 0.471875 0.059375 0.08958333333333333
0 0.22291666666666668 0.48541666666666666 0.115625 0.16666666666666666
0 0.3177083333333333 0.525 0.06666666666666667 0.0875
0 0.8458333333333333 0.6447916666666667 0.10625 0.13958333333333334
0 0.6677083333333333 0.6770833333333334 0.09791666666666667 0.15
0 0.2520833333333333 0.709375 0.11041666666666666 0.12291666666666666
0 0.05 0.8010416666666667 0.1 0.15625
0 0.8979166666666667 0.815625 0.20416666666666666 0.36770833333333336