0 0.5583333333333333 0.3885416666666667 0.04583333333333333 0.08541666666666667
0 0.32916666666666666 0.39166666666666666 0.040625 0.05
0 0.6822916666666666 0.4114583333333333 0.04583333333333333 0.05625
0 0.35833333333333334 0.415625 0.03958333333333333 0.05625
0 0.49583333333333335 0.43645833333333334 0.04583333333333333 0.06041666666666667
0 0.51875 0.5291666666666667 0.065625 0.09166666666666666
0 0.8020833333333334 0.534375 0.17708333333333334 0.23958333333333334
0 0.5822916666666667 0.6802083333333333 0.09583333333333334 0.15208333333333332
0 0.76875 0.69375 0.14375 0.24583333333333332
0 0.228125 0.8041666666666667 0.128125 0.14583333333333334
0 0.6125 0.38229166666666664 0.042708333333333334 0.07083333333333333