0 0.334375 0.3375 0.046875 0.08333333333333333
0 0.25833333333333336 0.35625 0.06666666666666667 0.09166666666666666
0 0.6208333333333333 0.378125 0.06875 0.11041666666666666
0 0.559375 0.403125 0.05 0.09375
0 0.5020833333333333 0.4270833333333333 0.04583333333333333 0.0625
0 0.7020833333333333 0.471875 0.06666666666666667 0.10625
0 0.17291666666666666 0.4739583333333333 0.07291666666666667 0.09791666666666667
0 0.6083333333333333 0.48020833333333335 0.05625 0.07291666666666667
0 0.23020833333333332 0.5229166666666667 0.07291666666666667 0.09583333333333334
0 0.53125 0.55 0.071875 0.09583333333333334
0 0.7854166666666667 0.5802083333333333 0.090625 0.12291666666666666
0 0.6729166666666667 0.60625 0.09166666666666666 0.10833333333333334
0 0.17916666666666667 0.6729166666666667 0.10833333333333334 0.1125
0 0.23229166666666667 0.8166666666666667 0.12708333333333333 0.17083333333333334
0 0.684375 0.8875 0.16875 0.225