0 0.3 0.32708333333333334 0.05625 0.07083333333333333
0 0.4739583333333333 0.35 0.035416666666666666 0.041666666666666664
0 0.5302083333333333 0.35208333333333336 0.041666666666666664 0.06666666666666667
0 0.4895833333333333 0.4041666666666667 0.0375 0.05416666666666667
0 0.6458333333333334 0.4427083333333333 0.04583333333333333 0.06458333333333334
0 0.5145833333333333 0.45416666666666666 0.04583333333333333 0.05416666666666667
0 0.6041666666666666 0.4666666666666667 0.046875 0.05
0 0.5010416666666667 0.475 0.052083333333333336 0.0625
0 0.7052083333333333 0.48333333333333334 0.06666666666666667 0.075
0 0.5260416666666666 0.5083333333333333 0.05416666666666667 0.06666666666666667
0 0.5427083333333333 0.559375 0.07916666666666666 0.11041666666666666
0 0.85 0.584375 0.228125 0.29375
0 0.6958333333333333 0.615625 0.08958333333333333 0.12708333333333333
0 0.5645833333333333 0.64375 0.090625 0.12083333333333333
0 0.840625 0.7916666666666666 0.190625 0.2791666666666667
0 0.615625 0.7947916666666667 0.125 0.16041666666666668
0 0.7145833333333333 0.9666666666666667 0.15208333333333332 0.06666666666666667