0 0.3875 0.34375 0.028125 0.041666666666666664
0 0.32708333333333334 0.3645833333333333 0.05416666666666667 0.0875
0 0.6104166666666667 0.40729166666666666 0.040625 0.06458333333333334
0 0.5729166666666666 0.41770833333333335 0.058333333333333334 0.10208333333333333
0 0.496875 0.4239583333333333 0.04375 0.06041666666666667
0 0.6479166666666667 0.44479166666666664 0.04375 0.05625
0 0.7020833333333333 0.4625 0.084375 0.125
0 0.5166666666666667 0.47708333333333336 0.053125 0.075
0 0.6333333333333333 0.5260416666666666 0.06666666666666667 0.08958333333333333
0 0.865625 0.5854166666666667 0.225 0.3125
0 0.3 0.590625 0.075 0.08958333333333333
0 0.7166666666666667 0.6333333333333333 0.121875 0.2125
0 0.5739583333333333 0.6885416666666667 0.09166666666666666 0.13958333333333334