0 0.38333333333333336 0.34479166666666666 0.027083333333333334 0.03125
0 0.5541666666666667 0.38229166666666664 0.065625 0.11041666666666666
0 0.6083333333333333 0.38958333333333334 0.03958333333333333 0.05416666666666667
0 0.6416666666666667 0.421875 0.05625 0.07291666666666667
0 0.496875 0.42291666666666666 0.040625 0.04583333333333333
0 0.171875 0.45625 0.071875 0.09166666666666666
0 0.3458333333333333 0.45625 0.04791666666666667 0.05416666666666667
0 0.6020833333333333 0.4822916666666667 0.05416666666666667 0.06458333333333334
0 0.6958333333333333 0.4875 0.06041666666666667 0.07083333333333333
0 0.5395833333333333 0.5354166666666667 0.06458333333333334 0.075
0 0.7927083333333333 0.5489583333333333 0.10208333333333333 0.14791666666666667
0 0.5760416666666667 0.6864583333333333 0.09791666666666667 0.12291666666666666
0 0.7479166666666667 0.7052083333333333 0.12083333333333333 0.15208333333333332