0 0.3145833333333333 0.3770833333333333 0.046875 0.075
0 0.6229166666666667 0.378125 0.075 0.09791666666666667
0 0.4875 0.38333333333333336 0.03125 0.041666666666666664
0 0.2604166666666667 0.384375 0.040625 0.06041666666666667
0 0.5479166666666667 0.403125 0.0375 0.04791666666666667
0 0.5 0.42291666666666666 0.04375 0.058333333333333334
0 0.19166666666666668 0.4625 0.05416666666666667 0.0625
0 0.33958333333333335 0.4739583333333333 0.059375 0.06875
0 0.5145833333333333 0.49166666666666664 0.053125 0.07916666666666666
0 0.6947916666666667 0.55625 0.18541666666666667 0.2916666666666667
0 0.29583333333333334 0.6302083333333334 0.08333333333333333 0.10625
0 0.5604166666666667 0.6302083333333334 0.090625 0.12708333333333333
0 0.659375 0.8895833333333333 0.159375 0.22083333333333333
0 0.94375 0.7291666666666666 0.1125 0.22708333333333333