0 0.6229166666666667 0.403125 0.053125 0.10625
0 0.49375 0.409375 0.04375 0.06458333333333334
0 0.5708333333333333 0.428125 0.05 0.06041666666666667
0 0.18333333333333332 0.43020833333333336 0.07916666666666666 0.08958333333333333
0 0.7083333333333334 0.45208333333333334 0.121875 0.17916666666666667
0 0.6010416666666667 0.46875 0.06458333333333334 0.1
0 0.5135416666666667 0.490625 0.05416666666666667 0.07291666666666667
0 0.328125 0.528125 0.0625 0.07708333333333334
0 0.6833333333333333 0.565625 0.103125 0.17708333333333334
0 0.16458333333333333 0.575 0.16458333333333333 0.23333333333333334
0 0.55 0.5927083333333333 0.084375 0.11875
0 0.6927083333333334 0.9135416666666667 0.159375 0.171875
0 0.9322916666666666 0.69375 0.13541666666666666 0.32083333333333336