0 0.35625 0.30416666666666664 0.03125 0.0625
0 0.3229166666666667 0.3177083333333333 0.027083333333333334 0.052083333333333336
0 0.5583333333333333 0.39375 0.034375 0.04583333333333333
0 0.6708333333333333 0.42916666666666664 0.075 0.125
0 0.228125 0.48541666666666666 0.12916666666666668 0.18229166666666666
0 0.646875 0.5 0.090625 0.15833333333333333
0 0.5041666666666667 0.503125 0.06041666666666667 0.06458333333333334
0 0.8270833333333333 0.5104166666666666 0.20208333333333334 0.20416666666666666
0 0.525 0.55625 0.06979166666666667 0.08958333333333333
0 0.29270833333333335 0.625 0.08333333333333333 0.10104166666666667
0 0.54375 0.6322916666666667 0.08125 0.12291666666666666
0 0.90625 0.8239583333333333 0.1875 0.35104166666666664
0 0.6645833333333333 0.7177083333333333 0.11875 0.19166666666666668
0 0.9104166666666667 0.821875 0.17916666666666667 0.35625
0 0.5927083333333333 0.9020833333333333 0.14895833333333333 0.19583333333333333
0 0.8375 0.69375 0.21875 0.328125