0 0.6135416666666667 0.3885416666666667 0.04583333333333333 0.08958333333333333
0 0.4895833333333333 0.40208333333333335 0.035416666666666666 0.05
0 0.684375 0.43125 0.115625 0.16666666666666666
0 0.584375 0.45 0.05 0.08333333333333333
0 0.5041666666666667 0.459375 0.04583333333333333 0.06875
0 0.09583333333333334 0.5052083333333334 0.10625 0.13541666666666666
0 0.6520833333333333 0.515625 0.08541666666666667 0.14791666666666667
0 0.5333333333333333 0.5375 0.06666666666666667 0.10416666666666667
0 0.9041666666666667 0.6041666666666666 0.19166666666666668 0.23333333333333334
0 0.275 0.7052083333333333 0.090625 0.11458333333333333
0 0.6260416666666667 0.7770833333333333 0.12083333333333333 0.17083333333333334
0 0.08333333333333333 0.78125 0.165625 0.425
0 0.8989583333333333 0.8229166666666666 0.20208333333333334 0.3541666666666667