0 0.3802083333333333 0.37395833333333334 0.035416666666666666 0.05625
0 0.6072916666666667 0.38229166666666664 0.03958333333333333 0.06875
0 0.31666666666666665 0.396875 0.0375 0.04791666666666667
0 0.496875 0.4041666666666667 0.040625 0.058333333333333334
0 0.36041666666666666 0.446875 0.04375 0.052083333333333336
0 0.16458333333333333 0.44895833333333335 0.146875 0.19791666666666666
0 0.2708333333333333 0.46979166666666666 0.05625 0.07291666666666667
0 0.6104166666666667 0.5125 0.0625 0.0875
0 0.3375 0.528125 0.06875 0.08541666666666667
0 0.7104166666666667 0.578125 0.128125 0.23958333333333334
0 0.8541666666666666 0.603125 0.109375 0.13958333333333334
0 0.5604166666666667 0.6302083333333334 0.09166666666666666 0.15625
0 0.09583333333333334 0.6760416666666667 0.19166666666666668 0.30625
0 0.8166666666666667 0.728125 0.15208333333333332 0.23541666666666666
0 0.24791666666666667 0.7572916666666667 0.11875 0.16875
0 0.6510416666666666 0.9125 0.1375 0.17395833333333333