0 0.5354166666666667 0.37395833333333334 0.04791666666666667 0.06875
0 0.22395833333333334 0.3927083333333333 0.06041666666666667 0.07708333333333334
0 0.6333333333333333 0.40520833333333334 0.0625 0.10208333333333333
0 0.4979166666666667 0.4197916666666667 0.04375 0.06458333333333334
0 0.3489583333333333 0.4552083333333333 0.052083333333333336 0.06041666666666667
0 0.7270833333333333 0.4625 0.128125 0.17083333333333334
0 0.6125 0.4864583333333333 0.071875 0.11458333333333333
0 0.22708333333333333 0.4947916666666667 0.12916666666666668 0.18541666666666667
0 0.51875 0.5114583333333333 0.05625 0.08541666666666667
0 0.7166666666666667 0.6114583333333333 0.12083333333333333 0.20208333333333334
0 0.5666666666666667 0.6364583333333333 0.1 0.13541666666666666