0 0.3729166666666667 0.37916666666666665 0.035416666666666666 0.04375
0 0.6333333333333333 0.396875 0.058333333333333334 0.09375
0 0.5729166666666666 0.4041666666666667 0.08333333333333333 0.125
0 0.28125 0.4125 0.053125 0.071875
0 0.7052083333333333 0.428125 0.04583333333333333 0.06041666666666667
0 0.19375 0.44479166666666664 0.06979166666666667 0.09583333333333334
0 0.6677083333333333 0.4479166666666667 0.04791666666666667 0.058333333333333334
0 0.5010416666666667 0.46145833333333336 0.04583333333333333 0.06875
0 0.5270833333333333 0.528125 0.053125 0.09375
0 0.81875 0.5302083333333333 0.184375 0.2520833333333333
0 0.6625 0.5739583333333333 0.08125 0.11458333333333333
0 0.3145833333333333 0.584375 0.075 0.10625
0 0.5520833333333334 0.6364583333333333 0.0875 0.15625
0 0.6354166666666666 0.8385416666666666 0.14583333333333334 0.20208333333333334
0 0.8739583333333333 0.8958333333333334 0.17708333333333334 0.20833333333333334
0 0.20104166666666667 0.9010416666666666 0.14270833333333333 0.19375
0 0.023958333333333335 0.6427083333333333 0.046875 0.121875