0 0.3020833333333333 0.33645833333333336 0.040625 0.052083333333333336
0 0.590625 0.3375 0.059375 0.08333333333333333
0 0.5354166666666667 0.3458333333333333 0.05625 0.1
0 0.484375 0.36770833333333336 0.05625 0.10208333333333333
0 0.3729166666666667 0.4041666666666667 0.04375 0.05416666666666667
0 0.28229166666666666 0.42604166666666665 0.06041666666666667 0.08541666666666667
0 0.20833333333333334 0.43645833333333334 0.06666666666666667 0.08541666666666667
0 0.4979166666666667 0.43854166666666666 0.05625 0.07708333333333334
0 0.6270833333333333 0.475 0.12291666666666666 0.20416666666666666
0 0.7625 0.490625 0.140625 0.18958333333333333
0 0.33541666666666664 0.5052083333333334 0.06458333333333334 0.08541666666666667
0 0.6166666666666667 0.7875 0.125 0.19583333333333333
0 0.8854166666666666 0.878125 0.159375 0.24375
0 0.9645833333333333 0.7458333333333333 0.06979166666666667 0.30625