0 0.5927083333333333 0.32395833333333335 0.04583333333333333 0.06458333333333334
0 0.5541666666666667 0.39166666666666666 0.059375 0.10416666666666667
0 0.21354166666666666 0.403125 0.0875 0.10416666666666667
0 0.6541666666666667 0.42291666666666666 0.052083333333333336 0.058333333333333334
0 0.28958333333333336 0.4354166666666667 0.03958333333333333 0.05416666666666667
0 0.5770833333333333 0.43854166666666666 0.04375 0.07291666666666667
0 0.5104166666666666 0.4822916666666667 0.05416666666666667 0.08125
0 0.78125 0.50625 0.171875 0.2125
0 0.53125 0.5770833333333333 0.07708333333333334 0.10104166666666667
0 0.6854166666666667 0.6041666666666666 0.090625 0.12083333333333333
0 0.2916666666666667 0.6197916666666666 0.08333333333333333 0.10625
0 0.8864583333333333 0.6760416666666667 0.12083333333333333 0.12708333333333333
0 0.5864583333333333 0.709375 0.09791666666666667 0.14479166666666668
0 0.9072916666666667 0.903125 0.18541666666666667 0.19375
0 0.7239583333333334 0.95625 0.146875 0.08645833333333333