0 0.38958333333333334 0.35208333333333336 0.035416666666666666 0.04583333333333333
0 0.5260416666666666 0.36770833333333336 0.036458333333333336 0.051041666666666666
0 0.48020833333333335 0.384375 0.03333333333333333 0.04791666666666667
0 0.303125 0.3854166666666667 0.05625 0.09166666666666666
0 0.371875 0.40625 0.04375 0.04583333333333333
0 0.5822916666666667 0.4354166666666667 0.05416666666666667 0.07916666666666666
0 0.3416666666666667 0.46875 0.058333333333333334 0.06458333333333334
0 0.671875 0.5208333333333334 0.10625 0.19583333333333333
0 0.06145833333333333 0.559375 0.12291666666666666 0.18958333333333333
0 0.13645833333333332 0.6145833333333334 0.22291666666666668 0.32916666666666666
0 0.5833333333333334 0.6927083333333334 0.09166666666666666 0.1375