0 0.3458333333333333 0.33958333333333335 0.03333333333333333 0.04583333333333333
0 0.3854166666666667 0.35104166666666664 0.028125 0.03125
0 0.54375 0.3645833333333333 0.053125 0.08333333333333333
0 0.65 0.396875 0.08125 0.11458333333333333
0 0.490625 0.39895833333333336 0.040625 0.04375
0 0.596875 0.4322916666666667 0.071875 0.13541666666666666
0 0.5 0.43333333333333335 0.0375 0.05
0 0.7375 0.45208333333333334 0.0625 0.06666666666666667
0 0.5177083333333333 0.49375 0.058333333333333334 0.075
0 0.6708333333333333 0.5364583333333334 0.1 0.17708333333333334
0 0.07916666666666666 0.5708333333333333 0.09166666666666666 0.0875
0 0.8666666666666667 0.6354166666666666 0.26458333333333334 0.25
0 0.28541666666666665 0.6604166666666667 0.09375 0.11666666666666667
0 0.6020833333333333 0.7114583333333333 0.10625 0.14791666666666667
0 0.8958333333333334 0.9270833333333334 0.19583333333333333 0.14479166666666668