0 0.3229166666666667 0.3802083333333333 0.0375 0.04375
0 0.634375 0.4010416666666667 0.075 0.11875
0 0.5020833333333333 0.4479166666666667 0.041666666666666664 0.05416666666666667
0 0.6177083333333333 0.4625 0.06041666666666667 0.10833333333333334
0 0.5385416666666667 0.490625 0.058333333333333334 0.07708333333333334
0 0.6520833333333333 0.5604166666666667 0.078125 0.1
0 0.9270833333333334 0.6208333333333333 0.11458333333333333 0.12916666666666668
0 0.7645833333333333 0.6854166666666667 0.10208333333333333 0.16666666666666666
0 0.9052083333333333 0.69375 0.11041666666666666 0.1
0 0.6229166666666667 0.8447916666666667 0.128125 0.22708333333333333
0 0.890625 0.8489583333333334 0.209375 0.3020833333333333