0 0.634375 0.41041666666666665 0.046875 0.0625
0 0.5083333333333333 0.41354166666666664 0.04583333333333333 0.06041666666666667
0 0.5635416666666667 0.41770833333333335 0.03958333333333333 0.05625
0 0.35520833333333335 0.421875 0.041666666666666664 0.04791666666666667
0 0.7145833333333333 0.4322916666666667 0.05416666666666667 0.05625
0 0.609375 0.465625 0.06875 0.12291666666666666
0 0.5083333333333333 0.471875 0.052083333333333336 0.06875
0 0.6916666666666667 0.48541666666666666 0.052083333333333336 0.07083333333333333
0 0.7739583333333333 0.5260416666666666 0.10833333333333334 0.17708333333333334
0 0.5447916666666667 0.55 0.07708333333333334 0.10416666666666667
0 0.7104166666666667 0.6354166666666666 0.10625 0.1375
0 0.9260416666666667 0.6802083333333333 0.14791666666666667 0.3770833333333333
0 0.871875 0.8229166666666666 0.225 0.3541666666666667
0 0.671875 0.9489583333333333 0.13854166666666667 0.10104166666666667