0 0.5854166666666667 0.43333333333333335 0.058333333333333334 0.08333333333333333
0 0.35208333333333336 0.45208333333333334 0.046875 0.058333333333333334
0 0.7114583333333333 0.490625 0.06666666666666667 0.07291666666666667
0 0.5270833333333333 0.525 0.06458333333333334 0.09166666666666666
0 0.6583333333333333 0.5739583333333333 0.07708333333333334 0.11041666666666666
0 0.9083333333333333 0.6427083333333333 0.134375 0.21458333333333332
0 0.7697916666666667 0.65625 0.15416666666666667 0.25833333333333336
0 0.5833333333333334 0.68125 0.10208333333333333 0.14583333333333334
0 0.24791666666666667 0.7270833333333333 0.11666666666666667 0.14166666666666666
0 0.490625 0.39791666666666664 0.03333333333333333 0.053125
0 0.546875 0.384375 0.04375 0.06354166666666666
0 0.31875 0.375 0.03958333333333333 0.05625