0 0.265625 0.36666666666666664 0.05 0.06666666666666667
0 0.540625 0.36666666666666664 0.05625 0.09166666666666666
0 0.6145833333333334 0.3875 0.04791666666666667 0.0625
0 0.484375 0.396875 0.0375 0.04791666666666667
0 0.5697916666666667 0.42916666666666664 0.052083333333333336 0.0625
0 0.34791666666666665 0.43333333333333335 0.052083333333333336 0.0625
0 0.6520833333333333 0.4395833333333333 0.05 0.06666666666666667
0 0.5114583333333333 0.46458333333333335 0.05416666666666667 0.07083333333333333
0 0.7177083333333333 0.47708333333333336 0.07291666666666667 0.125
0 0.6458333333333334 0.5385416666666667 0.07916666666666666 0.10208333333333333
0 0.5322916666666667 0.5458333333333333 0.06458333333333334 0.08333333333333333
0 0.88125 0.5916666666666667 0.2375 0.3625
0 0.6083333333333333 0.7302083333333333 0.134375 0.19375
0 0.8583333333333333 0.8270833333333333 0.28229166666666666 0.34479166666666666