0 0.6041666666666666 0.3697916666666667 0.0625 0.09375
0 0.553125 0.38333333333333336 0.05 0.09583333333333334
0 0.4875 0.39791666666666664 0.0375 0.04583333333333333
0 0.6666666666666666 0.421875 0.09791666666666667 0.14375
0 0.4979166666666667 0.43645833333333334 0.04375 0.06041666666666667
0 0.584375 0.44583333333333336 0.05 0.0625
0 0.7479166666666667 0.4583333333333333 0.06041666666666667 0.06666666666666667
0 0.6104166666666667 0.48854166666666665 0.06458333333333334 0.07708333333333334
0 0.5166666666666667 0.490625 0.05 0.07291666666666667
0 0.6802083333333333 0.5447916666666667 0.08958333333333333 0.16875
0 0.5635416666666667 0.5645833333333333 0.07291666666666667 0.10833333333333334
0 0.275 0.6427083333333333 0.09375 0.11875
0 0.7416666666666667 0.6989583333333333 0.121875 0.15208333333333332
0 0.9208333333333333 0.8989583333333333 0.15729166666666666 0.20104166666666667