0 0.5479166666666667 0.3802083333333333 0.04791666666666667 0.07291666666666667
0 0.6114583333333333 0.37916666666666665 0.046875 0.08541666666666667
0 0.371875 0.38125 0.034375 0.04791666666666667
0 0.6552083333333333 0.40625 0.06458333333333334 0.10416666666666667
0 0.2604166666666667 0.43020833333333336 0.058333333333333334 0.08333333333333333
0 0.7229166666666667 0.49166666666666664 0.0875 0.1
0 0.6270833333333333 0.5041666666666667 0.075 0.125
0 0.33229166666666665 0.5229166666666667 0.06145833333333333 0.06979166666666667
0 0.8479166666666667 0.5354166666666667 0.134375 0.12083333333333333
0 0.6677083333333333 0.5458333333333333 0.10208333333333333 0.20833333333333334
0 0.521875 0.5708333333333333 0.07395833333333333 0.10625
0 0.553125 0.6354166666666666 0.08645833333333333 0.13125
0 0.8541666666666666 0.740625 0.22708333333333333 0.4270833333333333
0 0.5885416666666666 0.8177083333333334 0.13125 0.203125
0 0.925 0.846875 0.15 0.30625
0 0.7697916666666667 0.9541666666666667 0.17395833333333333 0.090625
0 0.2947916666666667 0.384375 0.05625 0.08020833333333334
0 0.2989583333333333 0.3302083333333333 0.042708333333333334 0.05
0 0.34479166666666666 0.3302083333333333 0.034375 0.06666666666666667
0 0.5104166666666666 0.484375 0.057291666666666664 0.06666666666666667