0 0.36666666666666664 0.3875 0.0375 0.04583333333333333
0 0.4895833333333333 0.40208333333333335 0.0375 0.05
0 0.17708333333333334 0.415625 0.109375 0.11875
0 0.6375 0.4166666666666667 0.05625 0.07916666666666666
0 0.559375 0.4239583333333333 0.040625 0.04791666666666667
0 0.2791666666666667 0.43854166666666666 0.046875 0.06875
0 0.5083333333333333 0.45208333333333334 0.053125 0.06666666666666667
0 0.5979166666666667 0.46979166666666666 0.06458333333333334 0.09791666666666667
0 0.525 0.5416666666666666 0.06875 0.10416666666666667
0 0.11875 0.5802083333333333 0.221875 0.29791666666666666
0 0.3125 0.6208333333333333 0.084375 0.10416666666666667
0 0.784375 0.7229166666666667 0.128125 0.16666666666666666
0 0.6395833333333333 0.878125 0.146875 0.23541666666666666