0 0.3104166666666667 0.35625 0.059375 0.09166666666666666
0 0.475 0.359375 0.028125 0.03958333333333333
0 0.5458333333333333 0.378125 0.029166666666666667 0.04791666666666667
0 0.5916666666666667 0.378125 0.029166666666666667 0.03958333333333333
0 0.6291666666666667 0.409375 0.04583333333333333 0.052083333333333336
0 0.49895833333333334 0.44479166666666664 0.04583333333333333 0.06458333333333334
0 0.36666666666666664 0.4479166666666667 0.041666666666666664 0.058333333333333334
0 0.6020833333333333 0.48854166666666665 0.053125 0.07291666666666667
0 0.725 0.49375 0.13125 0.14583333333333334
0 0.5229166666666667 0.5145833333333333 0.059375 0.07916666666666666
0 0.18020833333333333 0.5510416666666667 0.11458333333333333 0.16875
0 0.6885416666666667 0.5927083333333333 0.07916666666666666 0.09375
0 0.29583333333333334 0.6489583333333333 0.09166666666666666 0.11458333333333333
0 0.08020833333333334 0.7104166666666667 0.16041666666666668 0.2708333333333333
0 0.8052083333333333 0.7364583333333333 0.13333333333333333 0.16875