0 0.5989583333333334 0.37916666666666665 0.03958333333333333 0.041666666666666664
0 0.2833333333333333 0.38645833333333335 0.07916666666666666 0.11458333333333333
0 0.37916666666666665 0.3927083333333333 0.035416666666666666 0.04791666666666667
0 0.4895833333333333 0.403125 0.035416666666666666 0.04791666666666667
0 0.21875 0.4041666666666667 0.053125 0.058333333333333334
0 0.5729166666666666 0.4322916666666667 0.041666666666666664 0.052083333333333336
0 0.6666666666666666 0.43333333333333335 0.096875 0.12083333333333333
0 0.16770833333333332 0.45 0.07083333333333333 0.09166666666666666
0 0.5041666666666667 0.45208333333333334 0.046875 0.0625
0 0.621875 0.4979166666666667 0.059375 0.06666666666666667
0 0.08229166666666667 0.5322916666666667 0.11041666666666666 0.13958333333333334
0 0.6864583333333333 0.5802083333333333 0.08541666666666667 0.11041666666666666
0 0.3072916666666667 0.64375 0.08541666666666667 0.10833333333333334
0 0.584375 0.7291666666666666 0.10625 0.17083333333333334
0 0.05625 0.7760416666666666 0.11145833333333334 0.296875
0 0.8927083333333333 0.940625 0.17604166666666668 0.11770833333333333