0 0.3145833333333333 0.321875 0.041666666666666664 0.06458333333333334
0 0.47708333333333336 0.36354166666666665 0.0375 0.03958333333333333
0 0.5416666666666666 0.36354166666666665 0.06041666666666667 0.09375
0 0.49166666666666664 0.4114583333333333 0.04375 0.06041666666666667
0 0.5114583333333333 0.45729166666666665 0.04791666666666667 0.06041666666666667
0 0.665625 0.46458333333333335 0.059375 0.075
0 0.5072916666666667 0.490625 0.058333333333333334 0.08125
0 0.7395833333333334 0.5083333333333333 0.07916666666666666 0.0875
0 0.5333333333333333 0.515625 0.053125 0.06458333333333334
0 0.6416666666666667 0.5354166666666667 0.065625 0.08333333333333333
0 0.5479166666666667 0.56875 0.07291666666666667 0.10416666666666667
0 0.28854166666666664 0.5927083333333333 0.08541666666666667 0.09791666666666667
0 0.9010416666666666 0.6729166666666667 0.19791666666666666 0.375
0 0.5666666666666667 0.6635416666666667 0.0875 0.13541666666666666
0 0.76875 0.7135416666666666 0.11979166666666667 0.16354166666666667
0 0.6208333333333333 0.815625 0.12083333333333333 0.16875
0 0.9364583333333333 0.9135416666666667 0.12604166666666666 0.17291666666666666