0 0.5916666666666667 0.3375 0.046875 0.06666666666666667
0 0.26458333333333334 0.35104166666666664 0.071875 0.10208333333333333
0 0.5395833333333333 0.35104166666666664 0.058333333333333334 0.08125
0 0.31875 0.3802083333333333 0.04375 0.07291666666666667
0 0.18645833333333334 0.40729166666666666 0.09166666666666666 0.11458333333333333
0 0.29375 0.41458333333333336 0.0625 0.07083333333333333
0 0.48854166666666665 0.421875 0.03958333333333333 0.06458333333333334
0 0.6177083333333333 0.45416666666666666 0.09166666666666666 0.17083333333333334
0 0.253125 0.48125 0.059375 0.07083333333333333
0 0.34791666666666665 0.48125 0.05416666666666667 0.0625
0 0.17291666666666666 0.49375 0.06458333333333334 0.0625
0 0.7729166666666667 0.5302083333333333 0.125 0.14375
0 0.5333333333333333 0.553125 0.06666666666666667 0.11041666666666666
0 0.7166666666666667 0.5760416666666667 0.12083333333333333 0.21875
0 0.10625 0.6635416666666667 0.171875 0.21875