0 0.37916666666666665 0.290625 0.03958333333333333 0.05625
0 0.3854166666666667 0.37083333333333335 0.028125 0.041666666666666664
0 0.2635416666666667 0.440625 0.09791666666666667 0.13333333333333333
0 0.35208333333333336 0.45416666666666666 0.051041666666666666 0.06875
0 0.7822916666666667 0.5 0.12708333333333333 0.12916666666666668
0 0.665625 0.55 0.103125 0.18333333333333332
0 0.5239583333333333 0.5666666666666667 0.06666666666666667 0.09166666666666666
0 0.946875 0.6020833333333333 0.10625 0.16666666666666666
0 0.5541666666666667 0.6125 0.07916666666666666 0.0875
0 0.853125 0.6947916666666667 0.22083333333333333 0.31145833333333334
0 0.5614583333333333 0.7177083333333333 0.10625 0.16666666666666666
0 0.059375 0.7166666666666667 0.11458333333333333 0.26666666666666666
0 0.23541666666666666 0.7979166666666667 0.125 0.178125
0 0.9197916666666667 0.840625 0.16041666666666668 0.31875
0 0.73125 0.8760416666666667 0.17083333333333334 0.24791666666666667
0 0.584375 0.42916666666666664 0.04375 0.04895833333333333