0 0.6458333333333334 0.39895833333333336 0.0875 0.12291666666666666
0 0.24166666666666667 0.4010416666666667 0.052083333333333336 0.06458333333333334
0 0.48854166666666665 0.4114583333333333 0.041666666666666664 0.052083333333333336
0 0.28229166666666666 0.4375 0.052083333333333336 0.06666666666666667
0 0.5833333333333334 0.43854166666666666 0.058333333333333334 0.10625
0 0.5104166666666666 0.45625 0.05 0.075
0 0.315625 0.47291666666666665 0.05625 0.06666666666666667
0 0.7625 0.5270833333333333 0.090625 0.13333333333333333
0 0.6479166666666667 0.5375 0.06666666666666667 0.0875
0 0.32083333333333336 0.5416666666666666 0.065625 0.08333333333333333
0 0.5666666666666667 0.6541666666666667 0.096875 0.1375
0 0.8854166666666666 0.6791666666666667 0.125 0.1625
0 0.75625 0.7510416666666667 0.125 0.15625
0 0.28958333333333336 0.32916666666666666 0.04791666666666667 0.08125
0 0.34791666666666665 0.31979166666666664 0.042708333333333334 0.06979166666666667