0 0.58125 0.40208333333333335 0.075 0.14166666666666666
0 0.29791666666666666 0.4166666666666667 0.04375 0.05
0 0.665625 0.4197916666666667 0.0625 0.11041666666666666
0 0.178125 0.4322916666666667 0.1 0.13125
0 0.4979166666666667 0.4479166666666667 0.04583333333333333 0.075
0 0.5229166666666667 0.496875 0.059375 0.07291666666666667
0 0.5229166666666667 0.5614583333333333 0.071875 0.09791666666666667
0 0.7458333333333333 0.609375 0.184375 0.25625
0 0.55625 0.61875 0.075 0.125
0 0.5833333333333334 0.709375 0.103125 0.16458333333333333
0 0.057291666666666664 0.7979166666666667 0.11458333333333333 0.15416666666666667
0 0.634375 0.89375 0.15 0.2125