0 0.5916666666666667 0.3614583333333333 0.059375 0.08541666666666667
0 0.3145833333333333 0.365625 0.04583333333333333 0.06875
0 0.54375 0.36666666666666664 0.046875 0.09166666666666666
0 0.48541666666666666 0.38958333333333334 0.035416666666666666 0.04583333333333333
0 0.24895833333333334 0.3958333333333333 0.03958333333333333 0.05
0 0.5697916666666667 0.40625 0.052083333333333336 0.1
0 0.496875 0.4354166666666667 0.040625 0.06666666666666667
0 0.6697916666666667 0.45416666666666666 0.10208333333333333 0.09583333333333334
0 0.33645833333333336 0.49270833333333336 0.052083333333333336 0.06458333333333334
0 0.5354166666666667 0.54375 0.08333333333333333 0.14583333333333334
0 0.9364583333333333 0.6135416666666667 0.10416666666666667 0.11458333333333333
0 0.11041666666666666 0.6510416666666666 0.14375 0.20625
0 0.8770833333333333 0.6677083333333333 0.146875 0.18958333333333333
0 0.7520833333333333 0.6875 0.15416666666666667 0.24583333333333332
0 0.6041666666666666 0.7208333333333333 0.121875 0.18333333333333332