0 0.4875 0.40729166666666666 0.0375 0.04791666666666667
0 0.5833333333333334 0.41875 0.06041666666666667 0.10416666666666667
0 0.353125 0.42083333333333334 0.040625 0.04583333333333333
0 0.14583333333333334 0.44166666666666665 0.125 0.17083333333333334
0 0.6791666666666667 0.46979166666666666 0.058333333333333334 0.07291666666666667
0 0.5239583333333333 0.48333333333333334 0.052083333333333336 0.07916666666666666
0 0.31666666666666665 0.5604166666666667 0.07083333333333333 0.1
0 0.5666666666666667 0.6354166666666666 0.08333333333333333 0.1125
0 0.8645833333333334 0.6447916666666667 0.10416666666666667 0.12291666666666666
0 0.7260416666666667 0.65625 0.09791666666666667 0.12916666666666668
0 0.8552083333333333 0.8447916666666667 0.15833333333333333 0.23125
0 0.6791666666666667 0.925 0.16041666666666668 0.14895833333333333