0 0.628125 0.396875 0.071875 0.10625
0 0.3614583333333333 0.41041666666666665 0.041666666666666664 0.05416666666666667
0 0.5864583333333333 0.42291666666666666 0.06666666666666667 0.12083333333333333
0 0.4979166666666667 0.428125 0.041666666666666664 0.05625
0 0.7354166666666667 0.48125 0.13958333333333334 0.2
0 0.5166666666666667 0.49375 0.058333333333333334 0.08333333333333333
0 0.640625 0.5260416666666666 0.071875 0.09375
0 0.21979166666666666 0.5854166666666667 0.08958333333333333 0.09166666666666666
0 0.5552083333333333 0.5989583333333334 0.08333333333333333 0.12291666666666666
0 0.7 0.61875 0.1 0.12083333333333333
0 0.9479166666666666 0.621875 0.103125 0.11041666666666666
0 0.853125 0.7697916666666667 0.175 0.30625
0 0.6458333333333334 0.7791666666666667 0.13541666666666666 0.20833333333333334