0 0.35833333333333334 0.29791666666666666 0.05416666666666667 0.0875
0 0.39791666666666664 0.32083333333333336 0.03333333333333333 0.04583333333333333
0 0.296875 0.3489583333333333 0.04375 0.06458333333333334
0 0.27291666666666664 0.384375 0.058333333333333334 0.052083333333333336
0 0.5552083333333333 0.3875 0.058333333333333334 0.1
0 0.6333333333333333 0.3958333333333333 0.071875 0.11666666666666667
0 0.678125 0.396875 0.0375 0.06041666666666667
0 0.5729166666666666 0.4239583333333333 0.041666666666666664 0.05625
0 0.5958333333333333 0.4552083333333333 0.05 0.07708333333333334
0 0.8020833333333334 0.4822916666666667 0.20208333333333334 0.23125
0 0.23958333333333334 0.484375 0.16041666666666668 0.14791666666666667
0 0.51875 0.4895833333333333 0.05 0.07083333333333333
0 0.6208333333333333 0.5010416666666667 0.075 0.13958333333333334
0 0.5302083333333333 0.5260416666666666 0.06458333333333334 0.08125
0 0.6739583333333333 0.553125 0.11458333333333333 0.21041666666666667
0 0.5625 0.571875 0.071875 0.11041666666666666
0 0.5385416666666667 0.6322916666666667 0.09166666666666666 0.17291666666666666
0 0.7427083333333333 0.6447916666666667 0.04791666666666667 0.14791666666666667
0 0.5822916666666667 0.728125 0.10833333333333334 0.17291666666666666
0 0.8604166666666667 0.7375 0.228125 0.4041666666666667
0 0.6125 0.875 0.153125 0.24583333333333332