0 0.590625 0.37083333333333335 0.046875 0.075
0 0.5552083333333333 0.39791666666666664 0.03333333333333333 0.058333333333333334
0 0.496875 0.4083333333333333 0.0375 0.0625
0 0.18958333333333333 0.415625 0.09375 0.10729166666666666
0 0.671875 0.4197916666666667 0.0875 0.10208333333333333
0 0.3614583333333333 0.4197916666666667 0.035416666666666666 0.04791666666666667
0 0.278125 0.43333333333333335 0.04583333333333333 0.051041666666666666
0 0.596875 0.45208333333333334 0.065625 0.08333333333333333
0 0.34375 0.48854166666666665 0.053125 0.07291666666666667
0 0.6666666666666666 0.5270833333333333 0.13125 0.17083333333333334
0 0.528125 0.55 0.06979166666666667 0.10208333333333333
0 0.81875 0.553125 0.12395833333333334 0.20208333333333334
0 0.30416666666666664 0.5739583333333333 0.07083333333333333 0.0875
0 0.5989583333333334 0.7 0.09895833333333333 0.18020833333333333
0 0.027083333333333334 0.8208333333333333 0.05416666666666667 0.17291666666666666
0 0.3104166666666667 0.3854166666666667 0.03854166666666667 0.04895833333333333