0 0.34270833333333334 0.32916666666666666 0.04791666666666667 0.0625
0 0.521875 0.33645833333333336 0.034375 0.06041666666666667
0 0.5697916666666667 0.353125 0.035416666666666666 0.06458333333333334
0 0.38229166666666664 0.36041666666666666 0.027083333333333334 0.0375
0 0.36041666666666666 0.40625 0.035416666666666666 0.04583333333333333
0 0.284375 0.415625 0.0875 0.11875
0 0.190625 0.42916666666666664 0.06875 0.1
0 0.5802083333333333 0.446875 0.04791666666666667 0.06458333333333334
0 0.5239583333333333 0.459375 0.04791666666666667 0.07708333333333334
0 0.3260416666666667 0.515625 0.07083333333333333 0.09375
0 0.051041666666666666 0.7770833333333333 0.10208333333333333 0.175
0 0.20520833333333333 0.9291666666666667 0.153125 0.140625