0 0.36875 0.384375 0.034375 0.04375
0 0.48125 0.3875 0.0375 0.05
0 0.5604166666666667 0.390625 0.046875 0.08125
0 0.6375 0.4270833333333333 0.053125 0.058333333333333334
0 0.5145833333333333 0.44895833333333335 0.05 0.07291666666666667
0 0.07083333333333333 0.515625 0.14166666666666666 0.23958333333333334
0 0.31666666666666665 0.525 0.06666666666666667 0.07916666666666666
0 0.5333333333333333 0.5354166666666667 0.059375 0.08333333333333333
0 0.7666666666666667 0.546875 0.08125 0.09375
0 0.6708333333333333 0.5729166666666666 0.08125 0.1
0 0.746875 0.6864583333333333 0.1125 0.16041666666666668
0 0.5895833333333333 0.725 0.10625 0.175
0 0.18854166666666666 0.9260416666666667 0.1625 0.146875
0 0.915625 0.871875 0.16875 0.2552083333333333
0 0.946875 0.6947916666666667 0.10625 0.21666666666666667