0 0.3697916666666667 0.3885416666666667 0.041666666666666664 0.04791666666666667
0 0.5135416666666667 0.42083333333333334 0.04791666666666667 0.0625
0 0.6583333333333333 0.42916666666666664 0.058333333333333334 0.06666666666666667
0 0.5729166666666666 0.4322916666666667 0.04583333333333333 0.05625
0 0.7541666666666667 0.4635416666666667 0.05416666666666667 0.05625
0 0.6302083333333334 0.48854166666666665 0.07916666666666666 0.13958333333333334
0 0.5177083333333333 0.5 0.058333333333333334 0.08333333333333333
0 0.7145833333333333 0.5104166666666666 0.06666666666666667 0.0625
0 0.8177083333333334 0.5645833333333333 0.12291666666666666 0.2125
0 0.5666666666666667 0.6104166666666667 0.08541666666666667 0.1125
0 0.13541666666666666 0.6666666666666666 0.103125 0.10416666666666667
0 0.7645833333333333 0.71875 0.125 0.17083333333333334