0 0.30416666666666664 0.340625 0.035416666666666666 0.052083333333333336
0 0.5458333333333333 0.3770833333333333 0.04375 0.07083333333333333
0 0.48541666666666666 0.39375 0.03333333333333333 0.041666666666666664
0 0.5583333333333333 0.42083333333333334 0.0375 0.05
0 0.4947916666666667 0.4427083333333333 0.041666666666666664 0.06041666666666667
0 0.621875 0.4666666666666667 0.1125 0.17916666666666667
0 0.73125 0.5052083333333334 0.090625 0.09375
0 0.5229166666666667 0.5197916666666667 0.058333333333333334 0.07708333333333334
0 0.8395833333333333 0.63125 0.103125 0.12083333333333333
0 0.7385416666666667 0.6833333333333333 0.12083333333333333 0.14583333333333334
0 0.6375 0.828125 0.128125 0.19375