0 0.55 0.38958333333333334 0.046875 0.0875
0 0.6364583333333333 0.39895833333333336 0.058333333333333334 0.11041666666666666
0 0.5729166666666666 0.4239583333333333 0.035416666666666666 0.04791666666666667
0 0.5885416666666666 0.453125 0.041666666666666664 0.07291666666666667
0 0.50625 0.465625 0.05416666666666667 0.065625
0 0.7208333333333333 0.47291666666666665 0.08125 0.15
0 0.8010416666666667 0.5072916666666667 0.11458333333333333 0.12291666666666666
0 0.615625 0.509375 0.05625 0.12708333333333333
0 0.521875 0.5145833333333333 0.065625 0.06979166666666667
0 0.6645833333333333 0.5489583333333333 0.10208333333333333 0.19375
0 0.28229166666666666 0.6166666666666667 0.084375 0.10104166666666667
0 0.5354166666666667 0.6145833333333334 0.084375 0.14166666666666666
0 0.5770833333333333 0.7197916666666667 0.10416666666666667 0.13958333333333334
0 0.8541666666666666 0.7208333333333333 0.22916666666666666 0.3541666666666667
0 0.60625 0.8385416666666666 0.14375 0.17291666666666666
0 0.9260416666666667 0.8479166666666667 0.14791666666666667 0.30416666666666664
0 0.64375 0.9489583333333333 0.15625 0.10208333333333333
0 0.596875 0.353125 0.053125 0.10625