0 0.3125 0.375 0.059375 0.0875
0 0.5645833333333333 0.39166666666666666 0.075 0.13333333333333333
0 0.6708333333333333 0.4125 0.096875 0.115625
0 0.35833333333333334 0.4427083333333333 0.046875 0.053125
0 0.23541666666666666 0.4375 0.06041666666666667 0.08645833333333333
0 0.5072916666666667 0.475 0.05 0.075
0 0.7791666666666667 0.47708333333333336 0.125 0.10416666666666667
0 0.6302083333333334 0.5145833333333333 0.052083333333333336 0.1
0 0.30833333333333335 0.5760416666666667 0.071875 0.08333333333333333
0 0.7572916666666667 0.6333333333333333 0.22291666666666668 0.334375
0 0.6072916666666667 0.65625 0.11041666666666666 0.15416666666666667
0 0.9385416666666667 0.715625 0.12291666666666666 0.13958333333333334
0 0.684375 0.9135416666666667 0.17604166666666668 0.17291666666666666
0 0.10208333333333333 0.6729166666666667 0.11458333333333333 0.12395833333333334