0 0.22916666666666666 0.3729166666666667 0.08333333333333333 0.08333333333333333
0 0.3229166666666667 0.3802083333333333 0.03125 0.04791666666666667
0 0.5645833333333333 0.40208333333333335 0.0375 0.05
0 0.49895833333333334 0.43125 0.041666666666666664 0.058333333333333334
0 0.3645833333333333 0.446875 0.046875 0.052083333333333336
0 0.678125 0.46041666666666664 0.06875 0.10416666666666667
0 0.21354166666666666 0.4666666666666667 0.13333333333333333 0.1875
0 0.5885416666666666 0.471875 0.052083333333333336 0.06041666666666667
0 0.09270833333333334 0.496875 0.12916666666666668 0.17291666666666666
0 0.528125 0.5041666666666667 0.05625 0.08333333333333333
0 0.64375 0.5260416666666666 0.090625 0.13541666666666666
0 0.56875 0.68125 0.10625 0.15833333333333333
0 0.07916666666666666 0.746875 0.15833333333333333 0.45208333333333334