0 0.5385416666666667 0.359375 0.06041666666666667 0.09791666666666667
0 0.6385416666666667 0.41041666666666665 0.040625 0.05625
0 0.5802083333333333 0.42604166666666665 0.06458333333333334 0.115625
0 0.6739583333333333 0.44166666666666665 0.05 0.07395833333333333
0 0.35104166666666664 0.4552083333333333 0.052083333333333336 0.07291666666666667
0 0.515625 0.4875 0.057291666666666664 0.075
0 0.7583333333333333 0.5020833333333333 0.06666666666666667 0.07916666666666666
0 0.6208333333333333 0.5041666666666667 0.059375 0.084375
0 0.534375 0.5614583333333333 0.06770833333333333 0.09479166666666666
0 0.8958333333333334 0.646875 0.20833333333333334 0.29791666666666666
0 0.56875 0.7052083333333333 0.109375 0.16145833333333334
0 0.8364583333333333 0.8458333333333333 0.17083333333333334 0.221875