0 0.6239583333333333 0.3802083333333333 0.07291666666666667 0.11458333333333333
0 0.5666666666666667 0.409375 0.052083333333333336 0.09791666666666667
0 0.503125 0.4354166666666667 0.046875 0.06666666666666667
0 0.18854166666666666 0.45416666666666666 0.07083333333333333 0.0875
0 0.709375 0.4791666666666667 0.06875 0.10833333333333334
0 0.6145833333333334 0.4864583333333333 0.06041666666666667 0.07708333333333334
0 0.24166666666666667 0.503125 0.06875 0.08541666666666667
0 0.5333333333333333 0.5635416666666667 0.07708333333333334 0.11041666666666666
0 0.7979166666666667 0.5916666666666667 0.09583333333333334 0.13333333333333333
0 0.6833333333333333 0.621875 0.09791666666666667 0.12291666666666666
0 0.21354166666666666 0.628125 0.09583333333333334 0.10625
0 0.25833333333333336 0.7385416666666667 0.11666666666666667 0.13958333333333334
0 0.7052083333333333 0.9083333333333333 0.16875 0.18229166666666666