0 0.32916666666666666 0.35625 0.04583333333333333 0.07916666666666666
0 0.3854166666666667 0.35833333333333334 0.03333333333333333 0.03333333333333333
0 0.37395833333333334 0.39479166666666665 0.03333333333333333 0.03958333333333333
0 0.5604166666666667 0.39791666666666664 0.0375 0.05416666666666667
0 0.29583333333333334 0.41770833333333335 0.040625 0.052083333333333336
0 0.6458333333333334 0.42291666666666666 0.041666666666666664 0.05416666666666667
0 0.2125 0.42604166666666665 0.0625 0.07708333333333334
0 0.5041666666666667 0.44375 0.04791666666666667 0.06666666666666667
0 0.6020833333333333 0.4510416666666667 0.04791666666666667 0.08125
0 0.14791666666666667 0.4552083333333333 0.075 0.11041666666666666
0 0.35208333333333336 0.46979166666666666 0.053125 0.06041666666666667
0 0.515625 0.5041666666666667 0.05625 0.08333333333333333
0 0.23541666666666666 0.5166666666666667 0.06666666666666667 0.0875
0 0.778125 0.534375 0.071875 0.12708333333333333
0 0.32395833333333335 0.5479166666666667 0.06666666666666667 0.08333333333333333
0 0.14479166666666668 0.578125 0.12708333333333333 0.16875
0 0.7229166666666667 0.6 0.20208333333333334 0.3416666666666667
0 0.909375 0.6552083333333333 0.15 0.21875
0 0.6041666666666666 0.6760416666666667 0.196875 0.3854166666666667
0 0.23020833333333332 0.846875 0.12291666666666666 0.16041666666666668