0 0.39791666666666664 0.315625 0.021875 0.027083333333333334
0 0.46770833333333334 0.31875 0.03958333333333333 0.0625
0 0.35 0.31875 0.0375 0.06666666666666667
0 0.39479166666666665 0.33958333333333335 0.027083333333333334 0.029166666666666667
0 0.5145833333333333 0.340625 0.016666666666666666 0.022916666666666665
0 0.5708333333333333 0.3541666666666667 0.03125 0.05
0 0.3854166666666667 0.35833333333333334 0.035416666666666666 0.041666666666666664
0 0.31979166666666664 0.359375 0.058333333333333334 0.08958333333333333
0 0.49166666666666664 0.36770833333333336 0.03333333333333333 0.035416666666666666
0 0.5270833333333333 0.37083333333333335 0.020833333333333332 0.029166666666666667
0 0.5364583333333334 0.38333333333333336 0.022916666666666665 0.03333333333333333
0 0.653125 0.38333333333333336 0.025 0.041666666666666664
0 0.6197916666666666 0.39166666666666666 0.03958333333333333 0.06666666666666667
0 0.22708333333333333 0.40208333333333335 0.053125 0.08333333333333333
0 0.4947916666666667 0.415625 0.03958333333333333 0.05625
0 0.565625 0.41875 0.028125 0.04583333333333333
0 0.3645833333333333 0.43020833333333336 0.04375 0.05625
0 0.7020833333333333 0.4354166666666667 0.046875 0.05
0 0.33229166666666665 0.46979166666666666 0.052083333333333336 0.05625
0 0.6104166666666667 0.4822916666666667 0.053125 0.08958333333333333
0 0.6958333333333333 0.4895833333333333 0.06041666666666667 0.075
0 0.5208333333333334 0.49166666666666664 0.046875 0.07083333333333333
0 0.840625 0.6239583333333333 0.090625 0.12291666666666666
0 0.14479166666666668 0.6427083333333333 0.09166666666666666 0.10208333333333333
0 0.278125 0.675 0.09375 0.12083333333333333
0 0.7604166666666666 0.678125 0.17083333333333334 0.28541666666666665
0 0.978125 0.7989583333333333 0.04375 0.13125