0 0.3020833333333333 0.38229166666666664 0.06875 0.11875
0 0.18229166666666666 0.41770833333333335 0.09791666666666667 0.13958333333333334
0 0.6520833333333333 0.42083333333333334 0.052083333333333336 0.08333333333333333
0 0.5770833333333333 0.428125 0.04583333333333333 0.05625
0 0.50625 0.478125 0.053125 0.07708333333333334
0 0.7708333333333334 0.48333333333333334 0.0625 0.07083333333333333
0 0.7020833333333333 0.49166666666666664 0.06666666666666667 0.09166666666666666
0 0.609375 0.5010416666666667 0.0625 0.07708333333333334
0 0.8458333333333333 0.5958333333333333 0.140625 0.22083333333333333
0 0.5760416666666667 0.6333333333333333 0.09791666666666667 0.1375
0 0.79375 0.715625 0.16875 0.3020833333333333
0 0.06145833333333333 0.828125 0.12291666666666666 0.20208333333333334