0 0.30833333333333335 0.38229166666666664 0.0375 0.04791666666666667
0 0.36875 0.4125 0.04375 0.07083333333333333
0 0.29270833333333335 0.4270833333333333 0.041666666666666664 0.04583333333333333
0 0.5854166666666667 0.46145833333333336 0.041666666666666664 0.06458333333333334
0 0.69375 0.46770833333333334 0.03125 0.07291666666666667
0 0.6447916666666667 0.4947916666666667 0.08541666666666667 0.17708333333333334
0 0.5229166666666667 0.5135416666666667 0.05416666666666667 0.10625
0 0.34270833333333334 0.5166666666666667 0.058333333333333334 0.0625
0 0.09166666666666666 0.5166666666666667 0.18333333333333332 0.25833333333333336
0 0.771875 0.5291666666666667 0.08125 0.1125
0 0.22291666666666668 0.5541666666666667 0.07083333333333333 0.0875
0 0.7041666666666667 0.584375 0.10208333333333333 0.16041666666666668
0 0.29583333333333334 0.6489583333333333 0.0875 0.11041666666666666
0 0.5677083333333334 0.671875 0.08541666666666667 0.12291666666666666
0 0.6677083333333333 0.9239583333333333 0.17083333333333334 0.15104166666666666
0 0.8708333333333333 0.8177083333333334 0.25729166666666664 0.36354166666666665