0 0.290625 0.340625 0.03125 0.04791666666666667
0 0.325 0.34479166666666666 0.046875 0.06875
0 0.546875 0.3625 0.040625 0.07916666666666666
0 0.48020833333333335 0.38229166666666664 0.03333333333333333 0.04791666666666667
0 0.3645833333333333 0.39375 0.029166666666666667 0.041666666666666664
0 0.22708333333333333 0.48333333333333334 0.11666666666666667 0.18333333333333332
0 0.325 0.5104166666666666 0.0625 0.075
0 0.11354166666666667 0.6333333333333333 0.15416666666666667 0.24583333333333332
0 0.5875 0.6760416666666667 0.115625 0.21458333333333332
0 0.7979166666666667 0.7697916666666667 0.171875 0.21458333333333332
0 0.13541666666666666 0.971875 0.178125 0.05625