0 0.3770833333333333 0.3802083333333333 0.035416666666666666 0.04375
0 0.6375 0.384375 0.0625 0.10208333333333333
0 0.2635416666666667 0.3885416666666667 0.03958333333333333 0.04375
0 0.49583333333333335 0.39895833333333336 0.034375 0.04375
0 0.578125 0.40208333333333335 0.071875 0.11666666666666667
0 0.5166666666666667 0.4739583333333333 0.05416666666666667 0.06458333333333334
0 0.7395833333333334 0.496875 0.12708333333333333 0.17291666666666666
0 0.3333333333333333 0.49895833333333334 0.06041666666666667 0.08125
0 0.6322916666666667 0.5135416666666667 0.07708333333333334 0.13541666666666666
0 0.5395833333333333 0.5677083333333334 0.065625 0.08958333333333333
0 0.721875 0.6052083333333333 0.1375 0.26875
0 0.9354166666666667 0.6239583333333333 0.10208333333333333 0.11458333333333333
0 0.6177083333333333 0.7875 0.12291666666666666 0.18333333333333332
0 0.8979166666666667 0.8385416666666666 0.203125 0.3229166666666667