0 0.603125 0.36041666666666666 0.0625 0.09583333333333334
0 0.5395833333333333 0.384375 0.034375 0.04375
0 0.490625 0.396875 0.034375 0.04791666666666667
0 0.29375 0.4083333333333333 0.059375 0.0875
0 0.228125 0.4197916666666667 0.053125 0.07291666666666667
0 0.49583333333333335 0.44583333333333336 0.04791666666666667 0.0625
0 0.8541666666666666 0.48125 0.1125 0.1125
0 0.64375 0.49583333333333335 0.134375 0.22083333333333333
0 0.11666666666666667 0.5427083333333333 0.08125 0.08958333333333333
0 0.5322916666666667 0.54375 0.06666666666666667 0.1
0 0.3 0.5916666666666667 0.084375 0.1125
0 0.8572916666666667 0.621875 0.13541666666666666 0.16875
0 0.58125 0.678125 0.103125 0.15208333333333332