0 0.3104166666666667 0.3302083333333333 0.041666666666666664 0.06041666666666667
0 0.39166666666666666 0.353125 0.040625 0.04791666666666667
0 0.48125 0.3645833333333333 0.046875 0.07083333333333333
0 0.33958333333333335 0.3697916666666667 0.0375 0.05625
0 0.5395833333333333 0.3770833333333333 0.041666666666666664 0.058333333333333334
0 0.659375 0.39791666666666664 0.065625 0.05416666666666667
0 0.37083333333333335 0.39895833333333336 0.046875 0.06458333333333334
0 0.4979166666666667 0.43854166666666666 0.06041666666666667 0.06458333333333334
0 0.58125 0.4395833333333333 0.09375 0.125
0 0.734375 0.453125 0.065625 0.08125
0 0.7020833333333333 0.5 0.07708333333333334 0.09166666666666666
0 0.3104166666666667 0.5541666666666667 0.09375 0.12083333333333333
0 0.559375 0.6229166666666667 0.103125 0.15833333333333333
0 0.9364583333333333 0.6333333333333333 0.12708333333333333 0.175
0 0.7052083333333333 0.6427083333333333 0.13333333333333333 0.15625
0 0.096875 0.6760416666666667 0.1875 0.38125