0 0.6145833333333334 0.390625 0.07083333333333333 0.06875
0 0.6864583333333333 0.41354166666666664 0.04583333333333333 0.06041666666666667
0 0.5020833333333333 0.4395833333333333 0.05625 0.10833333333333334
0 0.609375 0.47604166666666664 0.08125 0.12291666666666666
0 0.5239583333333333 0.5072916666666667 0.06041666666666667 0.08958333333333333
0 0.7291666666666666 0.5145833333333333 0.08958333333333333 0.10416666666666667
0 0.6885416666666667 0.6083333333333333 0.08541666666666667 0.11666666666666667
0 0.853125 0.6125 0.11979166666666667 0.1375
0 0.13854166666666667 0.6270833333333333 0.14791666666666667 0.21666666666666667
0 0.559375 0.6458333333333334 0.090625 0.12916666666666668
0 0.8885416666666667 0.825 0.22291666666666668 0.3489583333333333