0 0.54375 0.3697916666666667 0.05625 0.08958333333333333
0 0.4791666666666667 0.38333333333333336 0.03125 0.0375
0 0.23125 0.38645833333333335 0.084375 0.11458333333333333
0 0.37395833333333334 0.3958333333333333 0.035416666666666666 0.05
0 0.6604166666666667 0.396875 0.09583333333333334 0.11875
0 0.49270833333333336 0.40729166666666666 0.03958333333333333 0.03125
0 0.5010416666666667 0.45208333333333334 0.052083333333333336 0.05416666666666667
0 0.6177083333333333 0.46458333333333335 0.11041666666666666 0.175
0 0.5229166666666667 0.503125 0.06041666666666667 0.06041666666666667
0 0.5364583333333334 0.571875 0.06666666666666667 0.08125
0 0.85 0.590625 0.071875 0.11458333333333333
0 0.7697916666666667 0.6291666666666667 0.21041666666666667 0.35833333333333334
0 0.5697916666666667 0.6822916666666666 0.10208333333333333 0.14375
0 0.303125 0.6125 0.08645833333333333 0.1