0 0.6020833333333333 0.378125 0.035416666666666666 0.04479166666666667
0 0.5541666666666667 0.39166666666666666 0.059375 0.10416666666666667
0 0.22916666666666666 0.3927083333333333 0.07708333333333334 0.1
0 0.30416666666666664 0.4125 0.03958333333333333 0.05416666666666667
0 0.6635416666666667 0.43125 0.052083333333333336 0.058333333333333334
0 0.5822916666666667 0.4395833333333333 0.04375 0.0625
0 0.5114583333333333 0.49375 0.057291666666666664 0.06875
0 0.7875 0.5270833333333333 0.16458333333333333 0.190625
0 0.31666666666666665 0.5520833333333334 0.06875 0.09166666666666666
0 0.534375 0.5875 0.078125 0.109375
0 0.696875 0.628125 0.096875 0.13229166666666667
0 0.903125 0.6875 0.12604166666666666 0.140625
0 0.5916666666666667 0.7291666666666666 0.103125 0.14583333333333334
0 0.9166666666666666 0.915625 0.165625 0.16875