0 0.31979166666666664 0.428125 0.029166666666666667 0.03958333333333333
0 0.353125 0.434375 0.03125 0.035416666666666666
0 0.490625 0.4354166666666667 0.028125 0.0375
0 0.4 0.4427083333333333 0.03125 0.035416666666666666
0 0.290625 0.44895833333333335 0.046875 0.052083333333333336
0 0.58125 0.44895833333333335 0.040625 0.04791666666666667
0 0.334375 0.46458333333333335 0.0375 0.0375
0 0.5104166666666666 0.47604166666666664 0.0375 0.052083333333333336
0 0.39895833333333336 0.4791666666666667 0.03958333333333333 0.0375
0 0.31979166666666664 0.496875 0.041666666666666664 0.04375
0 0.5916666666666667 0.496875 0.05416666666666667 0.07708333333333334
0 0.22916666666666666 0.5041666666666667 0.046875 0.04583333333333333
0 0.37916666666666665 0.5208333333333334 0.04583333333333333 0.05
0 0.30416666666666664 0.53125 0.040625 0.06666666666666667
0 0.3729166666666667 0.565625 0.04583333333333333 0.05625
0 0.10625 0.5666666666666667 0.153125 0.17083333333333334
0 0.24479166666666666 0.56875 0.09166666666666666 0.125
0 0.3802083333333333 0.6114583333333333 0.06458333333333334 0.08541666666666667
0 0.19583333333333333 0.640625 0.11666666666666667 0.16041666666666668
0 0.035416666666666666 0.6833333333333333 0.07083333333333333 0.1875
0 0.3125 0.6916666666666667 0.090625 0.10416666666666667
0 0.29375 0.8083333333333333 0.1 0.125
0 0.6416666666666667 0.8145833333333333 0.11458333333333333 0.16666666666666666
0 0.09166666666666666 0.8291666666666667 0.18333333333333332 0.3416666666666667
0 0.228125 0.9416666666666667 0.15 0.11666666666666667