0 0.3104166666666667 0.4125 0.058333333333333334 0.0875
0 0.41354166666666664 0.41458333333333336 0.027083333333333334 0.0375
0 0.4895833333333333 0.415625 0.025 0.03125
0 0.33125 0.44166666666666665 0.06875 0.09583333333333334
0 0.4083333333333333 0.44375 0.029166666666666667 0.03333333333333333
0 0.5083333333333333 0.446875 0.025 0.03958333333333333
0 0.26666666666666666 0.4510416666666667 0.07916666666666666 0.11875
0 0.5895833333333333 0.4666666666666667 0.07083333333333333 0.125
0 0.5166666666666667 0.4864583333333333 0.03958333333333333 0.06041666666666667
0 0.3875 0.4875 0.034375 0.04583333333333333
0 0.29791666666666666 0.5260416666666666 0.05416666666666667 0.06458333333333334
0 0.20416666666666666 0.5354166666666667 0.071875 0.09583333333333334
0 0.36666666666666664 0.5416666666666666 0.05 0.058333333333333334
0 0.10416666666666667 0.5770833333333333 0.071875 0.07083333333333333
0 0.5552083333333333 0.6177083333333333 0.06041666666666667 0.09375
0 0.3541666666666667 0.621875 0.06666666666666667 0.08958333333333333
0 0.07604166666666666 0.671875 0.12083333333333333 0.13958333333333334
0 0.8541666666666666 0.7364583333333333 0.153125 0.17708333333333334
0 0.31666666666666665 0.7541666666666667 0.096875 0.12916666666666668
0 0.13645833333333332 0.7875 0.12708333333333333 0.12916666666666668