0 0.3572916666666667 0.43125 0.027083333333333334 0.03333333333333333
0 0.40625 0.44479166666666664 0.03125 0.03958333333333333
0 0.2625 0.46041666666666664 0.05 0.08333333333333333
0 0.32708333333333334 0.4791666666666667 0.05625 0.06666666666666667
0 0.39375 0.4864583333333333 0.040625 0.04791666666666667
0 0.21041666666666667 0.5010416666666667 0.065625 0.08541666666666667
0 0.5229166666666667 0.503125 0.04375 0.06041666666666667
0 0.6927083333333334 0.5375 0.07291666666666667 0.075
0 0.25729166666666664 0.5479166666666667 0.07708333333333334 0.11666666666666667
0 0.16041666666666668 0.5510416666666667 0.096875 0.13541666666666666
0 0.659375 0.5833333333333334 0.084375 0.12916666666666668
0 0.3489583333333333 0.6458333333333334 0.07291666666666667 0.09166666666666666
0 0.13541666666666666 0.746875 0.1625 0.21875
0 0.29791666666666666 0.8447916666666667 0.134375 0.16875