0 0.5552083333333333 0.428125 0.029166666666666667 0.035416666666666666
0 0.3145833333333333 0.43020833333333336 0.029166666666666667 0.03958333333333333
0 0.35 0.434375 0.03125 0.035416666666666666
0 0.39791666666666664 0.44583333333333336 0.035416666666666666 0.041666666666666664
0 0.5010416666666667 0.44895833333333335 0.03333333333333333 0.04375
0 0.284375 0.45416666666666666 0.046875 0.058333333333333334
0 0.32916666666666666 0.46875 0.0375 0.0375
0 0.571875 0.46875 0.04375 0.06666666666666667
0 0.39791666666666664 0.48125 0.041666666666666664 0.041666666666666664
0 0.3145833333333333 0.5 0.035416666666666666 0.0375
0 0.22083333333333333 0.5145833333333333 0.040625 0.04583333333333333
0 0.378125 0.5229166666666667 0.046875 0.05
0 0.30416666666666664 0.53125 0.040625 0.06666666666666667
0 0.24479166666666666 0.56875 0.09166666666666666 0.125
0 0.10625 0.56875 0.153125 0.17083333333333334
0 0.3729166666666667 0.5697916666666667 0.05 0.05625
0 0.38333333333333336 0.6135416666666667 0.06458333333333334 0.08541666666666667
0 0.19583333333333333 0.640625 0.11666666666666667 0.16041666666666668
0 0.5802083333333333 0.6510416666666666 0.07916666666666666 0.10208333333333333
0 0.035416666666666666 0.6833333333333333 0.07083333333333333 0.1875
0 0.3125 0.6916666666666667 0.090625 0.10416666666666667
0 0.29375 0.8083333333333333 0.1 0.125
0 0.09166666666666666 0.8291666666666667 0.18333333333333332 0.3416666666666667
0 0.6510416666666666 0.8947916666666667 0.13958333333333334 0.21041666666666667
0 0.9260416666666667 0.9020833333333333 0.14791666666666667 0.19583333333333333
0 0.228125 0.9416666666666667 0.15 0.11666666666666667