0 0.5479166666666667 0.42916666666666664 0.0625 0.09583333333333334
0 0.40729166666666666 0.440625 0.03333333333333333 0.035416666666666666
0 0.321875 0.4666666666666667 0.053125 0.08333333333333333
0 0.6354166666666666 0.47708333333333336 0.03958333333333333 0.05
0 0.234375 0.48020833333333335 0.059375 0.09791666666666667
0 0.5229166666666667 0.4947916666666667 0.04791666666666667 0.05625
0 0.3802083333333333 0.5291666666666667 0.04583333333333333 0.05416666666666667
0 0.2760416666666667 0.54375 0.07083333333333333 0.1125
0 0.3541666666666667 0.6197916666666666 0.06666666666666667 0.08541666666666667
0 0.07291666666666667 0.634375 0.14583333333333334 0.23125
0 0.21770833333333334 0.7010416666666667 0.09166666666666666 0.08958333333333333
0 0.59375 0.715625 0.09375 0.14791666666666667
0 0.28020833333333334 0.884375 0.13541666666666666 0.16458333333333333
0 0.603125 0.421875 0.0375 0.06666666666666667