0 0.40208333333333335 0.428125 0.03333333333333333 0.04375
0 0.33958333333333335 0.434375 0.05625 0.08125
0 0.27395833333333336 0.44375 0.04791666666666667 0.075
0 0.3885416666666667 0.49166666666666664 0.041666666666666664 0.05
0 0.30520833333333336 0.49375 0.06458333333333334 0.09166666666666666
0 0.18958333333333333 0.5041666666666667 0.128125 0.15416666666666667
0 0.378125 0.521875 0.05 0.06041666666666667
0 0.3489583333333333 0.5875 0.058333333333333334 0.06666666666666667
0 0.078125 0.634375 0.15625 0.21875
0 0.33125 0.6458333333333334 0.075 0.1
0 0.32395833333333335 0.7177083333333333 0.08541666666666667 0.12708333333333333
0 0.6083333333333333 0.73125 0.09375 0.15
0 0.29375 0.8375 0.1125 0.15
0 0.06145833333333333 0.8697916666666666 0.12291666666666666 0.259375