0 0.3572916666666667 0.41458333333333336 0.052083333333333336 0.08333333333333333
0 0.30520833333333336 0.4166666666666667 0.06041666666666667 0.08333333333333333
0 0.4 0.45 0.034375 0.0375
0 0.33645833333333336 0.47291666666666665 0.041666666666666664 0.05
0 0.21979166666666666 0.47604166666666664 0.027083333333333334 0.035416666666666666
0 0.25416666666666665 0.484375 0.05416666666666667 0.07708333333333334
0 0.3875 0.4895833333333333 0.040625 0.04583333333333333
0 0.6604166666666667 0.5 0.058333333333333334 0.08333333333333333
0 0.18645833333333334 0.5583333333333333 0.07916666666666666 0.1
0 0.371875 0.559375 0.05625 0.07291666666666667
0 0.2520833333333333 0.5979166666666667 0.07083333333333333 0.075
0 0.34375 0.6604166666666667 0.075 0.1
0 0.5895833333333333 0.734375 0.09583333333333334 0.13541666666666666
0 0.14375 0.7541666666666667 0.103125 0.10833333333333334
0 0.26458333333333334 0.8947916666666667 0.13125 0.17291666666666666
0 0.075 0.925 0.15 0.14583333333333334
0 0.03333333333333333 0.7354166666666667 0.065625 0.21875