0 0.50625 0.4197916666666667 0.028125 0.03958333333333333
0 0.30104166666666665 0.42083333333333334 0.04583333333333333 0.06666666666666667
0 0.34791666666666665 0.42604166666666665 0.058333333333333334 0.07708333333333334
0 0.3885416666666667 0.471875 0.03958333333333333 0.04375
0 0.221875 0.49583333333333335 0.071875 0.10833333333333334
0 0.29583333333333334 0.4979166666666667 0.090625 0.12083333333333333
0 0.38333333333333336 0.5020833333333333 0.041666666666666664 0.041666666666666664
0 0.5229166666666667 0.5135416666666667 0.053125 0.06875
0 0.3729166666666667 0.540625 0.05 0.06041666666666667
0 0.6479166666666667 0.5697916666666667 0.071875 0.10625
0 0.35208333333333336 0.5864583333333333 0.06458333333333334 0.06458333333333334
0 0.23333333333333334 0.60625 0.1125 0.15
0 0.08125 0.61875 0.1625 0.2875
0 0.33125 0.6479166666666667 0.075 0.1
0 0.5791666666666667 0.6885416666666667 0.08333333333333333 0.13125
0 0.32916666666666666 0.7177083333333333 0.08541666666666667 0.12708333333333333
0 0.290625 0.8395833333333333 0.1125 0.15