0 0.5010416666666667 0.365625 0.022916666666666665 0.04375
0 0.47708333333333336 0.384375 0.025 0.027083333333333334
0 0.5479166666666667 0.39479166666666665 0.022916666666666665 0.027083333333333334
0 0.36666666666666664 0.39791666666666664 0.03333333333333333 0.041666666666666664
0 0.40208333333333335 0.41875 0.028125 0.029166666666666667
0 0.35208333333333336 0.4239583333333333 0.046875 0.06041666666666667
0 0.5052083333333334 0.4270833333333333 0.03333333333333333 0.05
0 0.2916666666666667 0.4375 0.05416666666666667 0.07916666666666666
0 0.403125 0.4479166666666667 0.03125 0.0375
0 0.228125 0.465625 0.103125 0.09791666666666667
0 0.3927083333333333 0.4708333333333333 0.03958333333333333 0.04583333333333333
0 0.33541666666666664 0.471875 0.041666666666666664 0.04791666666666667
0 0.37916666666666665 0.48541666666666666 0.035416666666666666 0.04583333333333333
0 0.3104166666666667 0.5020833333333333 0.046875 0.05
0 0.3770833333333333 0.5114583333333333 0.04583333333333333 0.05625
0 0.5197916666666667 0.5114583333333333 0.041666666666666664 0.08125
0 0.3729166666666667 0.5520833333333334 0.052083333333333336 0.07083333333333333
0 0.28541666666666665 0.553125 0.04791666666666667 0.07291666666666667
0 0.35208333333333336 0.6072916666666667 0.06458333333333334 0.07708333333333334
0 0.18333333333333332 0.61875 0.175 0.25416666666666665
0 0.05416666666666667 0.65625 0.10833333333333334 0.23333333333333334
0 0.32708333333333334 0.6729166666666667 0.08125 0.11666666666666667
0 0.2833333333333333 0.7802083333333333 0.11666666666666667 0.14791666666666667