0 0.3541666666666667 0.371875 0.03125 0.04791666666666667
0 0.515625 0.37916666666666665 0.03125 0.05416666666666667
0 0.4739583333333333 0.38125 0.014583333333333334 0.025
0 0.32916666666666666 0.4010416666666667 0.03333333333333333 0.04375
0 0.3645833333333333 0.40520833333333334 0.029166666666666667 0.04375
0 0.4 0.40729166666666666 0.025 0.01875
0 0.48125 0.4114583333333333 0.021875 0.03125
0 0.2791666666666667 0.421875 0.029166666666666667 0.027083333333333334
0 0.39791666666666664 0.42916666666666664 0.028125 0.029166666666666667
0 0.30833333333333335 0.43125 0.027083333333333334 0.03333333333333333
0 0.3489583333333333 0.4354166666666667 0.035416666666666666 0.0625
0 0.5 0.440625 0.028125 0.03958333333333333
0 0.403125 0.45 0.03125 0.03333333333333333
0 0.27708333333333335 0.4625 0.03125 0.0375
0 0.334375 0.4635416666666667 0.0375 0.052083333333333336
0 0.39166666666666666 0.46875 0.034375 0.041666666666666664
0 0.378125 0.4947916666666667 0.0375 0.052083333333333336
0 0.20729166666666668 0.5 0.09791666666666667 0.12916666666666668
0 0.30625 0.509375 0.046875 0.05625
0 0.371875 0.5208333333333334 0.046875 0.0625
0 0.26875 0.5739583333333333 0.059375 0.06458333333333334
0 0.08333333333333333 0.6208333333333333 0.165625 0.225
0 0.34791666666666665 0.65 0.07083333333333333 0.09166666666666666
0 0.19791666666666666 0.6989583333333333 0.09166666666666666 0.12291666666666666
0 0.2708333333333333 0.8270833333333333 0.109375 0.12916666666666668