0 0.3697916666666667 0.415625 0.029166666666666667 0.03125
0 0.309375 0.4322916666666667 0.034375 0.052083333333333336
0 0.40208333333333335 0.43854166666666666 0.03333333333333333 0.03958333333333333
0 0.565625 0.46770833333333334 0.040625 0.052083333333333336
0 0.25833333333333336 0.48020833333333335 0.046875 0.07291666666666667
0 0.31666666666666665 0.4864583333333333 0.041666666666666664 0.052083333333333336
0 0.38958333333333334 0.49270833333333336 0.040625 0.052083333333333336
0 0.27708333333333335 0.5322916666666667 0.03958333333333333 0.03958333333333333
0 0.3729166666666667 0.55 0.05 0.06666666666666667
0 0.14583333333333334 0.565625 0.09791666666666667 0.11458333333333333
0 0.28020833333333334 0.578125 0.06041666666666667 0.06875
0 0.33958333333333335 0.6583333333333333 0.07916666666666666 0.09166666666666666
0 0.5729166666666666 0.6635416666666667 0.08125 0.11041666666666666
0 0.04583333333333333 0.6916666666666667 0.090625 0.16666666666666666
0 0.13645833333333332 0.7385416666666667 0.16666666666666666 0.20208333333333334