0 0.340625 0.3770833333333333 0.034375 0.05
0 0.5208333333333334 0.4 0.020833333333333332 0.03333333333333333
0 0.31875 0.4041666666666667 0.053125 0.07916666666666666
0 0.42291666666666666 0.40520833333333334 0.021875 0.027083333333333334
0 0.40520833333333334 0.41041666666666665 0.022916666666666665 0.029166666666666667
0 0.49166666666666664 0.41041666666666665 0.027083333333333334 0.03333333333333333
0 0.3572916666666667 0.41875 0.041666666666666664 0.058333333333333334
0 0.28229166666666666 0.4239583333333333 0.035416666666666666 0.035416666666666666
0 0.396875 0.428125 0.03125 0.035416666666666666
0 0.4041666666666667 0.44375 0.03333333333333333 0.029166666666666667
0 0.2375 0.459375 0.034375 0.03958333333333333
0 0.3333333333333333 0.4635416666666667 0.058333333333333334 0.08541666666666667
0 0.39791666666666664 0.46979166666666666 0.03958333333333333 0.04791666666666667
0 0.25416666666666665 0.48020833333333335 0.03958333333333333 0.052083333333333336
0 0.3770833333333333 0.5083333333333333 0.053125 0.0625
0 0.21041666666666667 0.5208333333333334 0.08333333333333333 0.10416666666666667
0 0.28958333333333336 0.5208333333333334 0.053125 0.07083333333333333
0 0.15520833333333334 0.525 0.06041666666666667 0.07083333333333333
0 0.5729166666666666 0.6166666666666667 0.06666666666666667 0.1
0 0.22916666666666666 0.6416666666666667 0.08541666666666667 0.1
0 0.33541666666666664 0.6479166666666667 0.07916666666666666 0.10416666666666667
0 0.08229166666666667 0.6989583333333333 0.10208333333333333 0.11458333333333333