0 0.48541666666666666 0.33958333333333335 0.015625 0.029166666666666667
0 0.4666666666666667 0.35104166666666664 0.010416666666666666 0.014583333333333334
0 0.340625 0.384375 0.034375 0.05625
0 0.3645833333333333 0.40520833333333334 0.029166666666666667 0.04375
0 0.4 0.40729166666666666 0.025 0.01875
0 0.534375 0.41354166666666664 0.025 0.03125
0 0.3020833333333333 0.428125 0.041666666666666664 0.06041666666666667
0 0.39791666666666664 0.42916666666666664 0.028125 0.029166666666666667
0 0.34375 0.44375 0.04375 0.07083333333333333
0 0.4 0.45208333333333334 0.03125 0.03333333333333333
0 0.25104166666666666 0.453125 0.03333333333333333 0.035416666666666666
0 0.39166666666666666 0.4708333333333333 0.034375 0.041666666666666664
0 0.26666666666666666 0.478125 0.0375 0.03958333333333333
0 0.31666666666666665 0.48333333333333334 0.040625 0.05416666666666667
0 0.3770833333333333 0.49895833333333334 0.041666666666666664 0.05625
0 0.2833333333333333 0.5364583333333334 0.04583333333333333 0.06041666666666667
0 0.2604166666666667 0.5822916666666667 0.065625 0.08125
0 0.3489583333333333 0.5989583333333334 0.06666666666666667 0.09791666666666667
0 0.08958333333333333 0.603125 0.17291666666666666 0.22291666666666668
0 0.19479166666666667 0.7010416666666667 0.10208333333333333 0.11041666666666666