0 0.33645833333333336 0.40520833333333334 0.027083333333333334 0.035416666666666666
0 0.37083333333333335 0.415625 0.029166666666666667 0.035416666666666666
0 0.41458333333333336 0.41770833333333335 0.028125 0.03125
0 0.29270833333333335 0.43020833333333336 0.029166666666666667 0.035416666666666666
0 0.4895833333333333 0.43020833333333336 0.03333333333333333 0.04375
0 0.35104166666666664 0.44479166666666664 0.03333333333333333 0.03958333333333333
0 0.5479166666666667 0.44583333333333336 0.034375 0.041666666666666664
0 0.4010416666666667 0.45729166666666665 0.03333333333333333 0.03958333333333333
0 0.32708333333333334 0.48020833333333335 0.0375 0.05625
0 0.3854166666666667 0.5010416666666667 0.041666666666666664 0.052083333333333336
0 0.20208333333333334 0.5041666666666667 0.1 0.1375
0 0.290625 0.5083333333333333 0.065625 0.09583333333333334
0 0.5395833333333333 0.534375 0.05625 0.07291666666666667
0 0.3958333333333333 0.5375 0.05 0.075
0 0.6895833333333333 0.5385416666666667 0.058333333333333334 0.07291666666666667
0 0.20729166666666668 0.6197916666666666 0.10416666666666667 0.15208333333333332
0 0.32708333333333334 0.6322916666666667 0.07291666666666667 0.10625
0 0.06666666666666667 0.6364583333333333 0.13333333333333333 0.21458333333333332
0 0.30625 0.7604166666666666 0.096875 0.12083333333333333
0 0.09166666666666666 0.8270833333333333 0.18333333333333332 0.3416666666666667
0 0.23541666666666666 0.934375 0.15208333333333332 0.13125
0 0.684375 0.9020833333333333 0.15208333333333332 0.19479166666666667
0 0.9260416666666667 0.953125 0.14791666666666667 0.08958333333333333