0 0.496875 0.4375 0.03125 0.04583333333333333
0 0.5916666666666667 0.44166666666666665 0.03333333333333333 0.041666666666666664
0 0.3125 0.5020833333333333 0.0375 0.05
0 0.3770833333333333 0.5072916666666667 0.040625 0.06875
0 0.5541666666666667 0.5520833333333334 0.053125 0.0875
0 0.37395833333333334 0.5572916666666666 0.04583333333333333 0.06875
0 0.20729166666666668 0.5833333333333334 0.15833333333333333 0.21666666666666667
0 0.09166666666666666 0.5927083333333333 0.153125 0.18541666666666667
0 0.34791666666666665 0.6052083333333333 0.05625 0.07291666666666667
0 0.33125 0.6645833333333333 0.090625 0.12083333333333333
0 0.29375 0.7572916666666667 0.109375 0.13541666666666666