0 0.31354166666666666 0.4 0.020833333333333332 0.03333333333333333
0 0.49166666666666664 0.40208333333333335 0.025 0.029166666666666667
0 0.4 0.41875 0.03125 0.029166666666666667
0 0.35104166666666664 0.4239583333333333 0.04583333333333333 0.06041666666666667
0 0.28020833333333334 0.43854166666666666 0.07083333333333333 0.08541666666666667
0 0.39895833333333336 0.4510416666666667 0.035416666666666666 0.04375
0 0.5010416666666667 0.4552083333333333 0.03333333333333333 0.05625
0 0.39166666666666666 0.471875 0.034375 0.04791666666666667
0 0.23229166666666667 0.47291666666666665 0.10416666666666667 0.1
0 0.3333333333333333 0.475 0.03958333333333333 0.05
0 0.30833333333333335 0.503125 0.041666666666666664 0.04791666666666667
0 0.375 0.5041666666666667 0.046875 0.05416666666666667
0 0.28125 0.5541666666666667 0.05 0.07916666666666666
0 0.3729166666666667 0.5541666666666667 0.04583333333333333 0.0625
0 0.34791666666666665 0.6072916666666667 0.0625 0.07708333333333334
0 0.17395833333333333 0.628125 0.18958333333333333 0.24791666666666667
0 0.321875 0.6770833333333334 0.0875 0.12083333333333333
0 0.041666666666666664 0.7020833333333333 0.08333333333333333 0.25833333333333336
0 0.28020833333333334 0.8010416666666667 0.11666666666666667 0.14791666666666667