0 0.346875 0.42604166666666665 0.05 0.09791666666666667
0 0.5020833333333333 0.440625 0.03333333333333333 0.04791666666666667
0 0.3958333333333333 0.45625 0.0375 0.041666666666666664
0 0.5708333333333333 0.46041666666666664 0.05 0.07916666666666666
0 0.6541666666666667 0.478125 0.08541666666666667 0.13125
0 0.28125 0.5 0.109375 0.1625
0 0.37604166666666666 0.5270833333333333 0.058333333333333334 0.075
0 0.540625 0.5302083333333333 0.053125 0.09791666666666667
0 0.146875 0.5760416666666667 0.11875 0.12291666666666666
0 0.35520833333333335 0.5854166666666667 0.06666666666666667 0.09583333333333334
0 0.15416666666666667 0.6770833333333334 0.171875 0.225
0 0.035416666666666666 0.7104166666666667 0.07083333333333333 0.19166666666666668
0 0.29375 0.8104166666666667 0.11041666666666666 0.14270833333333333