0 0.28125 0.45 0.03125 0.041666666666666664
0 0.3375 0.45625 0.03125 0.041666666666666664
0 0.234375 0.48333333333333334 0.078125 0.12083333333333333
0 0.31666666666666665 0.490625 0.041666666666666664 0.05625
0 0.5145833333333333 0.4979166666666667 0.040625 0.05416666666666667
0 0.37395833333333334 0.5135416666666667 0.04583333333333333 0.06458333333333334
0 0.2833333333333333 0.55 0.05416666666666667 0.06666666666666667
0 0.12291666666666666 0.578125 0.17291666666666666 0.18541666666666667
0 0.5572916666666666 0.5854166666666667 0.06458333333333334 0.09583333333333334
0 0.36354166666666665 0.5979166666666667 0.06041666666666667 0.08333333333333333
0 0.240625 0.6239583333333333 0.075 0.09791666666666667
0 0.3145833333333333 0.709375 0.090625 0.10625