0 0.3020833333333333 0.44375 0.034375 0.04583333333333333
0 0.34270833333333334 0.4510416666666667 0.03333333333333333 0.04791666666666667
0 0.39166666666666666 0.4635416666666667 0.0375 0.03958333333333333
0 0.2635416666666667 0.4708333333333333 0.052083333333333336 0.058333333333333334
0 0.5145833333333333 0.4739583333333333 0.0375 0.04375
0 0.32708333333333334 0.47604166666666664 0.040625 0.03958333333333333
0 0.3958333333333333 0.49375 0.041666666666666664 0.04583333333333333
0 0.3145833333333333 0.50625 0.035416666666666666 0.0375
0 0.6197916666666666 0.5083333333333333 0.06041666666666667 0.10833333333333334
0 0.5333333333333333 0.528125 0.052083333333333336 0.07291666666666667
0 0.30416666666666664 0.53125 0.040625 0.06666666666666667
0 0.37604166666666666 0.534375 0.052083333333333336 0.052083333333333336
0 0.24583333333333332 0.5625 0.09166666666666666 0.125
0 0.3729166666666667 0.5677083333333334 0.046875 0.052083333333333336
0 0.09583333333333334 0.5770833333333333 0.153125 0.17083333333333334
0 0.38229166666666664 0.6104166666666667 0.06666666666666667 0.09166666666666666
0 0.19583333333333333 0.6385416666666667 0.11666666666666667 0.16041666666666668
0 0.035416666666666666 0.6833333333333333 0.07083333333333333 0.1875
0 0.3104166666666667 0.6927083333333334 0.09583333333333334 0.10625
0 0.5979166666666667 0.7552083333333334 0.103125 0.16875
0 0.2916666666666667 0.809375 0.10416666666666667 0.12708333333333333
0 0.09166666666666666 0.8291666666666667 0.18333333333333332 0.3416666666666667
0 0.8979166666666667 0.865625 0.203125 0.26875
0 0.228125 0.9416666666666667 0.15 0.11666666666666667