0 0.6020833333333333 0.4197916666666667 0.04791666666666667 0.07708333333333334
0 0.55 0.428125 0.053125 0.08125
0 0.32708333333333334 0.45416666666666666 0.05625 0.07916666666666666
0 0.5083333333333333 0.465625 0.03125 0.05625
0 0.38958333333333334 0.475 0.034375 0.0375
0 0.5947916666666667 0.47708333333333336 0.06041666666666667 0.08333333333333333
0 0.38333333333333336 0.5083333333333333 0.041666666666666664 0.041666666666666664
0 0.203125 0.5229166666666667 0.078125 0.1125
0 0.2604166666666667 0.5479166666666667 0.121875 0.1625
0 0.36770833333333336 0.553125 0.05416666666666667 0.06458333333333334
0 0.13125 0.5802083333333333 0.109375 0.11458333333333333
0 0.540625 0.5822916666666667 0.0625 0.08125
0 0.33541666666666664 0.6333333333333333 0.07083333333333333 0.08333333333333333
0 0.30520833333333336 0.7395833333333334 0.10208333333333333 0.12916666666666668
0 0.63125 0.8135416666666667 0.109375 0.19791666666666666
0 0.10833333333333334 0.8197916666666667 0.209375 0.36041666666666666