0 0.334375 0.44375 0.05625 0.0625
0 0.6697916666666667 0.46770833333333334 0.09166666666666666 0.10208333333333333
0 0.3885416666666667 0.471875 0.03958333333333333 0.04375
0 0.28854166666666664 0.5135416666666667 0.08958333333333333 0.13125
0 0.528125 0.525 0.046875 0.075
0 0.37083333333333335 0.5447916666666667 0.05 0.06041666666666667
0 0.675 0.55625 0.134375 0.19166666666666668
0 0.34479166666666666 0.609375 0.06458333333333334 0.06458333333333334
0 0.04583333333333333 0.6739583333333333 0.09166666666666666 0.21875
0 0.32083333333333336 0.690625 0.08541666666666667 0.10625
0 0.6020833333333333 0.703125 0.08333333333333333 0.13958333333333334
0 0.1375 0.715625 0.2375 0.29791666666666666
0 0.8729166666666667 0.8229166666666666 0.253125 0.3541666666666667
0 0.27291666666666664 0.9 0.14166666666666666 0.2
0 0.16458333333333333 0.5302083333333333 0.090625 0.07604166666666666