0 0.31666666666666665 0.4552083333333333 0.07291666666666667 0.11458333333333333
0 0.5708333333333333 0.459375 0.04375 0.06875
0 0.39375 0.4625 0.04375 0.029166666666666667
0 0.24791666666666667 0.47291666666666665 0.05625 0.07083333333333333
0 0.3885416666666667 0.49895833333333334 0.052083333333333336 0.052083333333333336
0 0.6270833333333333 0.5239583333333333 0.075 0.13125
0 0.55625 0.5864583333333333 0.0625 0.09375
0 0.3333333333333333 0.634375 0.07083333333333333 0.11875
0 0.17083333333333334 0.6375 0.20833333333333334 0.2875
0 0.29583333333333334 0.746875 0.1 0.13541666666666666
0 0.06458333333333334 0.86875 0.12083333333333333 0.2625
0 0.25833333333333336 0.9 0.1125 0.17083333333333334