0 0.4791666666666667 0.38645833333333335 0.029166666666666667 0.03125
0 0.5270833333333333 0.39166666666666666 0.03958333333333333 0.05416666666666667
0 0.3614583333333333 0.43125 0.03333333333333333 0.04583333333333333
0 0.4041666666666667 0.4354166666666667 0.035416666666666666 0.04583333333333333
0 0.3416666666666667 0.4708333333333333 0.029166666666666667 0.06666666666666667
0 0.209375 0.484375 0.06875 0.06875
0 0.28541666666666665 0.49270833333333336 0.103125 0.14375
0 0.39166666666666666 0.49583333333333335 0.04791666666666667 0.07083333333333333
0 0.5916666666666667 0.5270833333333333 0.06041666666666667 0.09583333333333334
0 0.371875 0.5489583333333333 0.08125 0.08125
0 0.159375 0.653125 0.225 0.30625
0 0.33541666666666664 0.659375 0.1125 0.14375
0 0.2989583333333333 0.7541666666666667 0.12083333333333333 0.17083333333333334
0 0.659375 0.8041666666666667 0.128125 0.2125
0 0.07291666666666667 0.8645833333333334 0.14583333333333334 0.2708333333333333
0 0.26458333333333334 0.90625 0.15833333333333333 0.1875