0 0.36666666666666664 0.4239583333333333 0.027083333333333334 0.03125
0 0.5541666666666667 0.42604166666666665 0.029166666666666667 0.035416666666666666
0 0.4083333333333333 0.4270833333333333 0.025 0.029166666666666667
0 0.4979166666666667 0.42916666666666664 0.029166666666666667 0.041666666666666664
0 0.39895833333333336 0.459375 0.03333333333333333 0.035416666666666666
0 0.3145833333333333 0.47291666666666665 0.058333333333333334 0.09583333333333334
0 0.22708333333333333 0.484375 0.08541666666666667 0.13125
0 0.39895833333333336 0.4895833333333333 0.035416666666666666 0.05416666666666667
0 0.5927083333333333 0.49375 0.04791666666666667 0.075
0 0.653125 0.5 0.05 0.0625
0 0.25833333333333336 0.5572916666666666 0.07083333333333333 0.12291666666666666
0 0.3416666666666667 0.590625 0.06875 0.07708333333333334
0 0.08541666666666667 0.6041666666666666 0.17083333333333334 0.2125
0 0.553125 0.61875 0.075 0.10833333333333334
0 0.6677083333333333 0.6291666666666667 0.07291666666666667 0.09166666666666666
0 0.33541666666666664 0.6677083333333333 0.078125 0.11041666666666666
0 0.09895833333333333 0.8041666666666667 0.19791666666666666 0.31666666666666665
0 0.25625 0.8885416666666667 0.13125 0.18125