0 0.5541666666666667 0.38958333333333334 0.025 0.05
0 0.5322916666666667 0.403125 0.03333333333333333 0.06041666666666667
0 0.39166666666666666 0.4041666666666667 0.01875 0.0375
0 0.30833333333333335 0.4114583333333333 0.05416666666666667 0.07291666666666667
0 0.36354166666666665 0.4125 0.03333333333333333 0.058333333333333334
0 0.409375 0.41875 0.028125 0.03333333333333333
0 0.2708333333333333 0.44375 0.06458333333333334 0.09166666666666666
0 0.4979166666666667 0.44375 0.034375 0.06666666666666667
0 0.396875 0.453125 0.034375 0.03958333333333333
0 0.3416666666666667 0.46041666666666664 0.0375 0.04583333333333333
0 0.3177083333333333 0.4947916666666667 0.035416666666666666 0.05625
0 0.38333333333333336 0.49895833333333334 0.04583333333333333 0.04375
0 0.3 0.5333333333333333 0.0375 0.0875
0 0.375 0.5458333333333333 0.04375 0.06666666666666667
0 0.134375 0.5458333333333333 0.10625 0.14166666666666666
0 0.21875 0.5708333333333333 0.14375 0.2
0 0.7291666666666666 0.5802083333333333 0.06666666666666667 0.08541666666666667
0 0.3489583333333333 0.590625 0.06458333333333334 0.05625
0 0.5645833333333333 0.6135416666666667 0.08958333333333333 0.12291666666666666
0 0.3333333333333333 0.6520833333333333 0.075 0.1
0 0.2989583333333333 0.7385416666666667 0.10416666666666667 0.08541666666666667
0 0.09895833333333333 0.79375 0.19791666666666666 0.4125