0 0.3333333333333333 0.4 0.029166666666666667 0.05
0 0.3020833333333333 0.4375 0.040625 0.05416666666666667
0 0.34791666666666665 0.440625 0.03125 0.04375
0 0.40208333333333335 0.4552083333333333 0.029166666666666667 0.03958333333333333
0 0.646875 0.4625 0.06875 0.10416666666666667
0 0.390625 0.4864583333333333 0.0375 0.04791666666666667
0 0.32083333333333336 0.4979166666666667 0.041666666666666664 0.05
0 0.20833333333333334 0.509375 0.07083333333333333 0.10208333333333333
0 0.2604166666666667 0.5583333333333333 0.08333333333333333 0.11666666666666667
0 0.375 0.5625 0.059375 0.06666666666666667
0 0.134375 0.5770833333333333 0.09375 0.12916666666666668
0 0.08541666666666667 0.8145833333333333 0.17083333333333334 0.25833333333333336
0 0.28958333333333336 0.8697916666666666 0.12291666666666666 0.15208333333333332