0 0.49166666666666664 0.421875 0.03125 0.035416666666666666
0 0.359375 0.43854166666666666 0.03125 0.052083333333333336
0 0.23229166666666667 0.45 0.05416666666666667 0.058333333333333334
0 0.3385416666666667 0.4625 0.03333333333333333 0.041666666666666664
0 0.38125 0.49375 0.05 0.05416666666666667
0 0.5270833333333333 0.496875 0.06041666666666667 0.07708333333333334
0 0.246875 0.5302083333333333 0.125 0.17291666666666666
0 0.36666666666666664 0.5572916666666666 0.052083333333333336 0.09791666666666667
0 0.35208333333333336 0.603125 0.053125 0.08958333333333333
0 0.32708333333333334 0.659375 0.10625 0.09791666666666667
0 0.12291666666666666 0.68125 0.24375 0.3458333333333333
0 0.290625 0.75625 0.11875 0.14166666666666666
0 0.8270833333333333 0.7979166666666667 0.190625 0.35
0 0.2635416666666667 0.9166666666666666 0.16041666666666668 0.16666666666666666