0 0.5260416666666666 0.36666666666666664 0.027083333333333334 0.0375
0 0.48854166666666665 0.4125 0.029166666666666667 0.03333333333333333
0 0.4083333333333333 0.4166666666666667 0.0375 0.041666666666666664
0 0.3645833333333333 0.421875 0.028125 0.035416666666666666
0 0.27291666666666664 0.4322916666666667 0.058333333333333334 0.07708333333333334
0 0.559375 0.4427083333333333 0.04375 0.06041666666666667
0 0.35833333333333334 0.4552083333333333 0.01875 0.04375
0 0.3145833333333333 0.46458333333333335 0.07708333333333334 0.1125
0 0.39375 0.47291666666666665 0.040625 0.05
0 0.24166666666666667 0.48333333333333334 0.05 0.075
0 0.603125 0.496875 0.06875 0.12291666666666666
0 0.378125 0.5114583333333333 0.040625 0.07291666666666667
0 0.5322916666666667 0.5354166666666667 0.058333333333333334 0.08333333333333333
0 0.16458333333333333 0.6375 0.21875 0.30833333333333335
0 0.334375 0.6489583333333333 0.0875 0.11458333333333333
0 0.2916666666666667 0.759375 0.12083333333333333 0.14375
0 0.0625 0.8604166666666667 0.125 0.2791666666666667
0 0.26458333333333334 0.9114583333333334 0.140625 0.16458333333333333