0 0.35104166666666664 0.38958333333333334 0.027083333333333334 0.0375
0 0.5333333333333333 0.4041666666666667 0.04583333333333333 0.07083333333333333
0 0.37604166666666666 0.40625 0.027083333333333334 0.03333333333333333
0 0.41458333333333336 0.4166666666666667 0.022916666666666665 0.029166666666666667
0 0.4979166666666667 0.4322916666666667 0.028125 0.03125
0 0.2989583333333333 0.434375 0.041666666666666664 0.07708333333333334
0 0.5958333333333333 0.434375 0.027083333333333334 0.035416666666666666
0 0.35208333333333336 0.43645833333333334 0.03958333333333333 0.05625
0 0.40520833333333334 0.44895833333333335 0.03333333333333333 0.035416666666666666
0 0.2552083333333333 0.4583333333333333 0.052083333333333336 0.07083333333333333
0 0.303125 0.4864583333333333 0.05 0.09375
0 0.2125 0.5020833333333333 0.06875 0.1
0 0.5177083333333333 0.5072916666666667 0.04791666666666667 0.06458333333333334
0 0.371875 0.559375 0.053125 0.06458333333333334
0 0.25 0.5729166666666666 0.0875 0.12083333333333333
0 0.34270833333333334 0.675 0.08333333333333333 0.1125
0 0.15729166666666666 0.8083333333333333 0.11666666666666667 0.11666666666666667
0 0.046875 0.7010416666666667 0.090625 0.284375