0 0.36041666666666666 0.41875 0.034375 0.041666666666666664
0 0.40520833333333334 0.428125 0.03333333333333333 0.03958333333333333
0 0.30520833333333336 0.4354166666666667 0.041666666666666664 0.05
0 0.6125 0.4479166666666667 0.046875 0.075
0 0.4979166666666667 0.44895833333333335 0.03333333333333333 0.04375
0 0.34375 0.453125 0.040625 0.04375
0 0.4041666666666667 0.4625 0.03958333333333333 0.041666666666666664
0 0.5645833333333333 0.46458333333333335 0.035416666666666666 0.04583333333333333
0 0.25 0.4822916666666667 0.04375 0.03958333333333333
0 0.32395833333333335 0.4875 0.041666666666666664 0.041666666666666664
0 0.38333333333333336 0.5083333333333333 0.04583333333333333 0.05
0 0.30520833333333336 0.5145833333333333 0.04791666666666667 0.0625
0 0.5208333333333334 0.5385416666666667 0.052083333333333336 0.06458333333333334
0 0.375 0.55 0.046875 0.058333333333333334
0 0.13958333333333334 0.5572916666666666 0.13541666666666666 0.18125
0 0.25104166666666666 0.5697916666666667 0.10208333333333333 0.13125
0 0.7229166666666667 0.5739583333333333 0.075 0.09375
0 0.38333333333333336 0.6020833333333333 0.06041666666666667 0.0875
0 0.19583333333333333 0.640625 0.11875 0.15625
0 0.7104166666666667 0.6645833333333333 0.13958333333333334 0.175
0 0.03958333333333333 0.671875 0.07916666666666666 0.18958333333333333
0 0.5833333333333334 0.6760416666666667 0.08541666666666667 0.13958333333333334
0 0.30833333333333335 0.6854166666666667 0.096875 0.10416666666666667
0 0.28958333333333336 0.809375 0.10416666666666667 0.13125
0 0.096875 0.8260416666666667 0.19375 0.34791666666666665
0 0.22916666666666666 0.9395833333333333 0.15625 0.12083333333333333