0 0.471875 0.36041666666666666 0.015625 0.020833333333333332
0 0.49583333333333335 0.3614583333333333 0.015625 0.022916666666666665
0 0.3333333333333333 0.3875 0.05 0.06666666666666667
0 0.42291666666666666 0.40520833333333334 0.025 0.027083333333333334
0 0.36875 0.40625 0.03125 0.05
0 0.49166666666666664 0.41041666666666665 0.027083333333333334 0.0375
0 0.30416666666666664 0.41458333333333336 0.058333333333333334 0.07916666666666666
0 0.4041666666666667 0.41458333333333336 0.028125 0.03333333333333333
0 0.3541666666666667 0.4270833333333333 0.035416666666666666 0.05
0 0.3958333333333333 0.43333333333333335 0.028125 0.041666666666666664
0 0.26458333333333334 0.43645833333333334 0.03333333333333333 0.03958333333333333
0 0.34791666666666665 0.4479166666666667 0.03125 0.0375
0 0.39791666666666664 0.46458333333333335 0.035416666666666666 0.041666666666666664
0 0.22291666666666668 0.46770833333333334 0.04583333333333333 0.04375
0 0.3229166666666667 0.478125 0.058333333333333334 0.09791666666666667
0 0.5291666666666667 0.5052083333333334 0.05 0.06458333333333334
0 0.38229166666666664 0.50625 0.052083333333333336 0.06666666666666667
0 0.20416666666666666 0.5239583333333333 0.053125 0.07291666666666667
0 0.26145833333333335 0.5697916666666667 0.06666666666666667 0.09375
0 0.3416666666666667 0.5916666666666667 0.07291666666666667 0.09583333333333334
0 0.12083333333333333 0.5927083333333333 0.12291666666666666 0.15208333333333332
0 0.578125 0.6583333333333333 0.084375 0.11666666666666667
0 0.12291666666666666 0.809375 0.134375 0.17291666666666666
0 0.9416666666666667 0.81875 0.11666666666666667 0.15
0 0.24375 0.9229166666666667 0.153125 0.15416666666666667