0 0.30104166666666665 0.4197916666666667 0.03958333333333333 0.06458333333333334
0 0.3416666666666667 0.44166666666666665 0.04583333333333333 0.06666666666666667
0 0.5625 0.4427083333333333 0.053125 0.07708333333333334
0 0.24166666666666667 0.4552083333333333 0.08125 0.11875
0 0.39791666666666664 0.46145833333333336 0.028125 0.03958333333333333
0 0.3885416666666667 0.49895833333333334 0.041666666666666664 0.052083333333333336
0 0.35833333333333334 0.5625 0.052083333333333336 0.05416666666666667
0 0.14166666666666666 0.571875 0.1875 0.23958333333333334
0 0.20520833333333333 0.6177083333333333 0.13958333333333334 0.22708333333333333
0 0.33541666666666664 0.6239583333333333 0.0625 0.07708333333333334
0 0.325 0.7166666666666667 0.090625 0.12083333333333333
0 0.29270833333333335 0.8354166666666667 0.11458333333333333 0.14583333333333334