0 0.31979166666666664 0.42604166666666665 0.027083333333333334 0.035416666666666666
0 0.353125 0.4322916666666667 0.03125 0.03958333333333333
0 0.4 0.4427083333333333 0.03125 0.03958333333333333
0 0.49166666666666664 0.44375 0.028125 0.0375
0 0.290625 0.44895833333333335 0.046875 0.052083333333333336
0 0.5927083333333333 0.4552083333333333 0.041666666666666664 0.03958333333333333
0 0.334375 0.46458333333333335 0.040625 0.041666666666666664
0 0.39895833333333336 0.4791666666666667 0.03958333333333333 0.0375
0 0.5145833333333333 0.48854166666666665 0.041666666666666664 0.05625
0 0.31979166666666664 0.49583333333333335 0.041666666666666664 0.041666666666666664
0 0.23333333333333334 0.5 0.04375 0.04583333333333333
0 0.6 0.5072916666666667 0.059375 0.08541666666666667
0 0.38125 0.5208333333333334 0.040625 0.04583333333333333
0 0.30416666666666664 0.53125 0.040625 0.06666666666666667
0 0.11666666666666667 0.5625 0.14166666666666666 0.17083333333333334
0 0.3729166666666667 0.5666666666666667 0.04583333333333333 0.058333333333333334
0 0.24479166666666666 0.56875 0.09166666666666666 0.125
0 0.38333333333333336 0.6135416666666667 0.06458333333333334 0.08541666666666667
0 0.19583333333333333 0.640625 0.11666666666666667 0.16041666666666668
0 0.035416666666666666 0.6833333333333333 0.07083333333333333 0.1875
0 0.3125 0.6916666666666667 0.090625 0.10416666666666667
0 0.29375 0.8083333333333333 0.1 0.125
0 0.09166666666666666 0.8291666666666667 0.18333333333333332 0.3416666666666667
0 0.6729166666666667 0.9020833333333333 0.140625 0.19583333333333333
0 0.228125 0.9416666666666667 0.15 0.11666666666666667