0 0.35833333333333334 0.4041666666666667 0.05416666666666667 0.0875
0 0.5020833333333333 0.44166666666666665 0.034375 0.041666666666666664
0 0.5697916666666667 0.44895833333333335 0.05416666666666667 0.07708333333333334
0 0.32083333333333336 0.4552083333333333 0.06458333333333334 0.07708333333333334
0 0.38958333333333334 0.475 0.034375 0.0375
0 0.38333333333333336 0.5083333333333333 0.041666666666666664 0.041666666666666664
0 0.5166666666666667 0.51875 0.046875 0.06666666666666667
0 0.203125 0.5229166666666667 0.078125 0.1125
0 0.253125 0.5510416666666667 0.121875 0.17291666666666666
0 0.36770833333333336 0.553125 0.05416666666666667 0.06458333333333334
0 0.109375 0.5864583333333333 0.109375 0.11458333333333333
0 0.5697916666666667 0.6395833333333333 0.07083333333333333 0.10416666666666667
0 0.3333333333333333 0.6416666666666667 0.07083333333333333 0.08333333333333333
0 0.296875 0.7666666666666667 0.103125 0.14166666666666666
0 0.9260416666666667 0.76875 0.14791666666666667 0.22916666666666666
0 0.10416666666666667 0.8229166666666666 0.20833333333333334 0.3541666666666667