0 0.496875 0.4270833333333333 0.028125 0.041666666666666664
0 0.5833333333333334 0.4322916666666667 0.034375 0.04791666666666667
0 0.3125 0.49375 0.040625 0.04583333333333333
0 0.540625 0.528125 0.05 0.08125
0 0.2916666666666667 0.5416666666666666 0.041666666666666664 0.07083333333333333
0 0.37604166666666666 0.5552083333333333 0.052083333333333336 0.06458333333333334
0 0.20729166666666668 0.590625 0.16458333333333333 0.21875
0 0.34791666666666665 0.6010416666666667 0.059375 0.06041666666666667
0 0.07916666666666666 0.6052083333333333 0.13541666666666666 0.19375
0 0.3302083333333333 0.659375 0.07916666666666666 0.11458333333333333
0 0.2947916666666667 0.7604166666666666 0.10833333333333334 0.14166666666666666