0 0.284375 0.44375 0.028125 0.041666666666666664
0 0.340625 0.45625 0.03125 0.041666666666666664
0 0.234375 0.48333333333333334 0.078125 0.12083333333333333
0 0.32083333333333336 0.4864583333333333 0.041666666666666664 0.05625
0 0.37395833333333334 0.5135416666666667 0.04583333333333333 0.06458333333333334
0 0.5291666666666667 0.5333333333333333 0.052083333333333336 0.07083333333333333
0 0.28854166666666664 0.5416666666666666 0.052083333333333336 0.06666666666666667
0 0.13958333333333334 0.5614583333333333 0.16666666666666666 0.17708333333333334
0 0.36666666666666664 0.5916666666666667 0.06041666666666667 0.08333333333333333
0 0.24791666666666667 0.6125 0.07083333333333333 0.09166666666666666
0 0.5927083333333333 0.6666666666666666 0.08333333333333333 0.125
0 0.3177083333333333 0.6927083333333334 0.08333333333333333 0.10625