0 0.5770833333333333 0.4635416666666667 0.07083333333333333 0.13541666666666666
0 0.25104166666666666 0.46458333333333335 0.07291666666666667 0.09583333333333334
0 0.3229166666666667 0.4864583333333333 0.041666666666666664 0.05625
0 0.6645833333333333 0.490625 0.07083333333333333 0.11041666666666666
0 0.37395833333333334 0.5135416666666667 0.04583333333333333 0.06458333333333334
0 0.5260416666666666 0.5145833333333333 0.04583333333333333 0.0625
0 0.1625 0.534375 0.1375 0.16458333333333333
0 0.2916666666666667 0.5364583333333334 0.05 0.06041666666666667
0 0.36666666666666664 0.5677083333333334 0.053125 0.07291666666666667
0 0.2635416666666667 0.5833333333333334 0.06666666666666667 0.09166666666666666
0 0.5958333333333333 0.6135416666666667 0.071875 0.10625
0 0.33125 0.6520833333333333 0.071875 0.08333333333333333
0 0.1 0.7989583333333333 0.2 0.40208333333333335
0 0.2791666666666667 0.825 0.12916666666666668 0.17916666666666667