0 0.29583333333333334 0.42291666666666666 0.06041666666666667 0.0875
0 0.39166666666666666 0.44166666666666665 0.027083333333333334 0.0375
0 0.35104166666666664 0.45 0.03333333333333333 0.041666666666666664
0 0.25104166666666666 0.45625 0.035416666666666666 0.041666666666666664
0 0.5177083333333333 0.46770833333333334 0.03333333333333333 0.04791666666666667
0 0.396875 0.4739583333333333 0.0375 0.04375
0 0.20416666666666666 0.48333333333333334 0.04791666666666667 0.05
0 0.31666666666666665 0.4875 0.071875 0.1
0 0.3729166666666667 0.5270833333333333 0.05 0.0625
0 0.18854166666666666 0.5447916666666667 0.058333333333333334 0.07708333333333334
0 0.5458333333333333 0.5625 0.05625 0.08333333333333333
0 0.25 0.5854166666666667 0.071875 0.09583333333333334
0 0.10104166666666667 0.621875 0.12708333333333333 0.15208333333333332
0 0.31979166666666664 0.6260416666666667 0.08541666666666667 0.09375
0 0.8010416666666667 0.6479166666666667 0.09166666666666666 0.10416666666666667
0 0.8145833333333333 0.8385416666666666 0.153125 0.17291666666666666
0 0.08541666666666667 0.8791666666666667 0.146875 0.17083333333333334
0 0.6604166666666667 0.9041666666666667 0.1375 0.19166666666666668