0 0.28541666666666665 0.43854166666666666 0.04375 0.07708333333333334
0 0.6166666666666667 0.4427083333333333 0.06041666666666667 0.10208333333333333
0 0.3333333333333333 0.45625 0.04375 0.06666666666666667
0 0.396875 0.47291666666666665 0.0375 0.041666666666666664
0 0.178125 0.5177083333333333 0.115625 0.15625
0 0.3802083333333333 0.521875 0.04583333333333333 0.06458333333333334
0 0.30416666666666664 0.5375 0.053125 0.05416666666666667
0 0.6854166666666667 0.6114583333333333 0.17291666666666666 0.23958333333333334
0 0.846875 0.6395833333333333 0.128125 0.18333333333333332
0 0.3458333333333333 0.6604166666666667 0.07916666666666666 0.1
0 0.12083333333333333 0.8010416666666667 0.22291666666666668 0.39791666666666664
0 0.2791666666666667 0.8739583333333333 0.13541666666666666 0.18541666666666667