0 0.28020833333333334 0.446875 0.052083333333333336 0.07291666666666667
0 0.3333333333333333 0.4510416666666667 0.0625 0.09791666666666667
0 0.23333333333333334 0.46875 0.059375 0.0625
0 0.3885416666666667 0.471875 0.03958333333333333 0.04375
0 0.38333333333333336 0.5020833333333333 0.041666666666666664 0.041666666666666664
0 0.6989583333333333 0.5239583333333333 0.07916666666666666 0.10208333333333333
0 0.265625 0.5364583333333334 0.115625 0.15625
0 0.17395833333333333 0.5385416666666667 0.08333333333333333 0.13125
0 0.3729166666666667 0.540625 0.05 0.06041666666666667
0 0.12708333333333333 0.540625 0.04583333333333333 0.05625
0 0.35208333333333336 0.5864583333333333 0.06458333333333334 0.06458333333333334
0 0.5552083333333333 0.5895833333333333 0.07291666666666667 0.1
0 0.69375 0.6083333333333333 0.175 0.2625
0 0.33125 0.6479166666666667 0.075 0.1
0 0.146875 0.7229166666666667 0.16875 0.24166666666666667
0 0.31875 0.7302083333333333 0.09375 0.13125
0 0.5916666666666667 0.7677083333333333 0.109375 0.16875
0 0.2791666666666667 0.9010416666666666 0.134375 0.18541666666666667
0 0.03229166666666667 0.69375 0.06354166666666666 0.25833333333333336