0 0.27395833333333336 0.44583333333333336 0.06666666666666667 0.10833333333333334
0 0.3875 0.45729166666666665 0.034375 0.04375
0 0.3385416666666667 0.46875 0.03333333333333333 0.041666666666666664
0 0.20416666666666666 0.490625 0.052083333333333336 0.04791666666666667
0 0.5104166666666666 0.49375 0.035416666666666666 0.0625
0 0.5947916666666667 0.5041666666666667 0.06041666666666667 0.10416666666666667
0 0.29583333333333334 0.5166666666666667 0.08333333333333333 0.12083333333333333
0 0.21041666666666667 0.5208333333333334 0.04583333333333333 0.05416666666666667
0 0.38333333333333336 0.5270833333333333 0.046875 0.05416666666666667
0 0.5197916666666667 0.5541666666666667 0.052083333333333336 0.0625
0 0.052083333333333336 0.6114583333333333 0.065625 0.08958333333333333
0 0.33541666666666664 0.6270833333333333 0.075 0.10416666666666667
0 0.09791666666666667 0.6364583333333333 0.08125 0.10625
0 0.18125 0.6854166666666667 0.1 0.12916666666666668
0 0.765625 0.7020833333333333 0.253125 0.3541666666666667
0 0.9479166666666666 0.8020833333333334 0.10416666666666667 0.17083333333333334
0 0.08958333333333333 0.884375 0.1625 0.17291666666666666