0 0.35104166666666664 0.4166666666666667 0.04583333333333333 0.07083333333333333
0 0.49895833333333334 0.4239583333333333 0.027083333333333334 0.035416666666666666
0 0.39791666666666664 0.446875 0.029166666666666667 0.03125
0 0.3 0.48020833333333335 0.084375 0.13958333333333334
0 0.5958333333333333 0.5083333333333333 0.052083333333333336 0.08333333333333333
0 0.3802083333333333 0.509375 0.04791666666666667 0.06458333333333334
0 0.17604166666666668 0.5385416666666667 0.09583333333333334 0.09791666666666667
0 0.35833333333333334 0.55625 0.05416666666666667 0.07083333333333333
0 0.5541666666666667 0.5885416666666666 0.06458333333333334 0.09791666666666667
0 0.20208333333333334 0.6114583333333333 0.14166666666666666 0.17291666666666666
0 0.8208333333333333 0.6145833333333334 0.178125 0.2375
0 0.058333333333333334 0.6635416666666667 0.11666666666666667 0.15208333333333332
0 0.71875 0.6666666666666666 0.125 0.21666666666666667
0 0.321875 0.715625 0.084375 0.11041666666666666