0 0.353125 0.3645833333333333 0.03125 0.04583333333333333
0 0.33125 0.396875 0.04375 0.06875
0 0.42291666666666666 0.40520833333333334 0.021875 0.027083333333333334
0 0.4041666666666667 0.41041666666666665 0.022916666666666665 0.029166666666666667
0 0.29270833333333335 0.4125 0.03333333333333333 0.0375
0 0.3625 0.4125 0.0375 0.05
0 0.396875 0.4322916666666667 0.03125 0.035416666666666666
0 0.5708333333333333 0.44479166666666664 0.05416666666666667 0.09375
0 0.3416666666666667 0.45 0.04791666666666667 0.07916666666666666
0 0.39895833333333336 0.45208333333333334 0.035416666666666666 0.04583333333333333
0 0.26979166666666665 0.46458333333333335 0.06041666666666667 0.0875
0 0.390625 0.475 0.040625 0.04583333333333333
0 0.309375 0.4979166666666667 0.046875 0.06666666666666667
0 0.36875 0.5302083333333333 0.053125 0.06875
0 0.6229166666666667 0.5395833333333333 0.06666666666666667 0.0875
0 0.20416666666666666 0.5416666666666666 0.059375 0.07083333333333333
0 0.26979166666666665 0.56875 0.06041666666666667 0.07916666666666666
0 0.6666666666666666 0.6416666666666667 0.096875 0.11666666666666667
0 0.03125 0.6625 0.0625 0.09166666666666666
0 0.625 0.7416666666666667 0.109375 0.175
0 0.15729166666666666 0.7510416666666667 0.11666666666666667 0.15625
0 0.22395833333333334 0.91875 0.17083333333333334 0.1625