0 0.26875 0.45 0.065625 0.09166666666666666
0 0.32916666666666666 0.478125 0.035416666666666666 0.04791666666666667
0 0.196875 0.5020833333333333 0.115625 0.12083333333333333
0 0.37395833333333334 0.5125 0.04583333333333333 0.0625
0 0.3 0.5135416666666667 0.04375 0.052083333333333336
0 0.3729166666666667 0.5583333333333333 0.052083333333333336 0.07083333333333333
0 0.27395833333333336 0.5625 0.06041666666666667 0.08333333333333333
0 0.3416666666666667 0.6166666666666667 0.0625 0.08333333333333333
0 0.14791666666666667 0.6625 0.221875 0.2875
0 0.3177083333333333 0.7104166666666667 0.09791666666666667 0.13333333333333333
0 0.8479166666666667 0.7770833333333333 0.30416666666666664 0.44583333333333336
0 0.26875 0.8583333333333333 0.14375 0.17916666666666667