0 0.5822916666666667 0.45625 0.035416666666666666 0.04583333333333333
0 0.5083333333333333 0.459375 0.0375 0.052083333333333336
0 0.321875 0.47291666666666665 0.05625 0.084375
0 0.40208333333333335 0.478125 0.035416666666666666 0.058333333333333334
0 0.23541666666666666 0.4822916666666667 0.08020833333333334 0.12291666666666666
0 0.27291666666666664 0.5395833333333333 0.07395833333333333 0.109375
0 0.6416666666666667 0.565625 0.06458333333333334 0.10625
0 0.35 0.56875 0.06145833333333333 0.06770833333333333
0 0.7229166666666667 0.5729166666666666 0.075 0.0875
0 0.10625 0.584375 0.159375 0.19791666666666666
0 0.3416666666666667 0.6427083333333333 0.065625 0.08333333333333333
0 0.10625 0.7895833333333333 0.21145833333333333 0.31354166666666666
0 0.8072916666666666 0.8447916666666667 0.12708333333333333 0.16458333333333333
0 0.26666666666666666 0.85625 0.12395833333333334 0.16041666666666668
0 0.6520833333333333 0.8864583333333333 0.14375 0.22708333333333333