0 0.3489583333333333 0.4197916666666667 0.05416666666666667 0.08541666666666667
0 0.3958333333333333 0.43854166666666666 0.029166666666666667 0.03125
0 0.27708333333333335 0.45729166666666665 0.046875 0.06041666666666667
0 0.39166666666666666 0.46979166666666666 0.034375 0.04791666666666667
0 0.5104166666666666 0.46979166666666666 0.040625 0.05625
0 0.31145833333333334 0.47291666666666665 0.06458333333333334 0.08333333333333333
0 0.2375 0.48541666666666666 0.046875 0.058333333333333334
0 0.3802083333333333 0.5177083333333333 0.035416666666666666 0.04791666666666667
0 0.690625 0.5229166666666667 0.075 0.09166666666666666
0 0.17291666666666666 0.5458333333333333 0.08125 0.10833333333333334
0 0.3697916666666667 0.56875 0.06041666666666667 0.075
0 0.22916666666666666 0.5854166666666667 0.13958333333333334 0.19166666666666668
0 0.06041666666666667 0.6520833333333333 0.12083333333333333 0.15416666666666667
0 0.3260416666666667 0.6677083333333333 0.08333333333333333 0.08958333333333333
0 0.6145833333333334 0.753125 0.11041666666666666 0.16875
0 0.27708333333333335 0.83125 0.12083333333333333 0.15416666666666667
0 0.071875 0.86875 0.14375 0.26145833333333335