0 0.265625 0.459375 0.071875 0.09375
0 0.32916666666666666 0.478125 0.035416666666666666 0.04791666666666667
0 0.37916666666666665 0.5104166666666666 0.04583333333333333 0.0625
0 0.18645833333333334 0.5135416666666667 0.12291666666666666 0.13958333333333334
0 0.29791666666666666 0.5239583333333333 0.04375 0.052083333333333336
0 0.6458333333333334 0.54375 0.125 0.21666666666666667
0 0.7333333333333333 0.5614583333333333 0.0625 0.07708333333333334
0 0.3729166666666667 0.5625 0.052083333333333336 0.07083333333333333
0 0.27291666666666664 0.575 0.06041666666666667 0.08333333333333333
0 0.340625 0.6291666666666667 0.071875 0.08333333333333333
0 0.8927083333333333 0.7052083333333333 0.18958333333333333 0.26458333333333334
0 0.115625 0.725 0.228125 0.3541666666666667
0 0.30104166666666665 0.7541666666666667 0.10416666666666667 0.15416666666666667
0 0.6270833333333333 0.790625 0.10833333333333334 0.14791666666666667
0 0.22291666666666668 0.9364583333333333 0.15625 0.12708333333333333