0 0.48541666666666666 0.33958333333333335 0.015625 0.029166666666666667
0 0.46458333333333335 0.346875 0.010416666666666666 0.014583333333333334
0 0.33958333333333335 0.38645833333333335 0.034375 0.05625
0 0.36354166666666665 0.40729166666666666 0.029166666666666667 0.04375
0 0.4 0.40729166666666666 0.025 0.01875
0 0.39791666666666664 0.42916666666666664 0.028125 0.029166666666666667
0 0.29791666666666666 0.4354166666666667 0.04791666666666667 0.06666666666666667
0 0.34375 0.44375 0.04375 0.07083333333333333
0 0.4 0.45208333333333334 0.03125 0.03333333333333333
0 0.39166666666666666 0.4708333333333333 0.034375 0.041666666666666664
0 0.21770833333333334 0.47604166666666664 0.03958333333333333 0.035416666666666666
0 0.31666666666666665 0.4875 0.040625 0.05416666666666667
0 0.25416666666666665 0.49166666666666664 0.040625 0.05
0 0.3770833333333333 0.503125 0.041666666666666664 0.05625
0 0.2833333333333333 0.5458333333333333 0.05 0.0625
0 0.240625 0.6114583333333333 0.071875 0.08541666666666667
0 0.065625 0.6666666666666666 0.13125 0.25416666666666665
0 0.3229166666666667 0.671875 0.08333333333333333 0.12291666666666666
0 0.8666666666666667 0.8010416666666667 0.19791666666666666 0.35208333333333336
0 0.128125 0.8104166666666667 0.128125 0.1375