0 0.5895833333333333 0.43333333333333335 0.035416666666666666 0.04583333333333333
0 0.5510416666666667 0.4375 0.03333333333333333 0.05416666666666667
0 0.4041666666666667 0.4395833333333333 0.03125 0.0375
0 0.50625 0.47291666666666665 0.0375 0.05
0 0.29791666666666666 0.4875 0.065625 0.09583333333333334
0 0.578125 0.48854166666666665 0.040625 0.04791666666666667
0 0.2125 0.4947916666666667 0.09375 0.12708333333333333
0 0.39791666666666664 0.515625 0.04791666666666667 0.06458333333333334
0 0.22916666666666666 0.5916666666666667 0.103125 0.1375
0 0.3333333333333333 0.6208333333333333 0.071875 0.1
0 0.07604166666666666 0.628125 0.15208333333333332 0.23125
0 0.8083333333333333 0.6604166666666667 0.096875 0.12916666666666668
0 0.6041666666666666 0.6958333333333333 0.1 0.14166666666666666
0 0.31666666666666665 0.7239583333333334 0.0875 0.11458333333333333
0 0.09479166666666666 0.828125 0.18958333333333333 0.34375
0 0.24166666666666667 0.9239583333333333 0.14791666666666667 0.15208333333333332