0 0.30520833333333336 0.41458333333333336 0.027083333333333334 0.029166666666666667
0 0.36041666666666666 0.43333333333333335 0.029166666666666667 0.041666666666666664
0 0.40520833333333334 0.4375 0.027083333333333334 0.0375
0 0.5583333333333333 0.446875 0.03958333333333333 0.06041666666666667
0 0.603125 0.44895833333333335 0.0375 0.04791666666666667
0 0.3958333333333333 0.47604166666666664 0.034375 0.04375
0 0.3104166666666667 0.48333333333333334 0.058333333333333334 0.09583333333333334
0 0.21458333333333332 0.49375 0.0875 0.1375
0 0.5145833333333333 0.5010416666666667 0.04375 0.06458333333333334
0 0.39791666666666664 0.5072916666666667 0.040625 0.06041666666666667
0 0.5958333333333333 0.515625 0.04791666666666667 0.06041666666666667
0 0.23541666666666666 0.5864583333333333 0.08958333333333333 0.13958333333333334
0 0.334375 0.6114583333333333 0.06875 0.08958333333333333
0 0.07916666666666666 0.6260416666666667 0.15833333333333333 0.23125
0 0.3229166666666667 0.709375 0.08333333333333333 0.10208333333333333
0 0.8927083333333333 0.7447916666666666 0.13541666666666666 0.16875
0 0.09583333333333334 0.8208333333333333 0.190625 0.3375
0 0.6614583333333334 0.84375 0.13541666666666666 0.20833333333333334
0 0.24479166666666666 0.91875 0.13958333333333334 0.1625