0 0.5 0.36041666666666666 0.025 0.04583333333333333
0 0.35 0.37395833333333334 0.03125 0.04791666666666667
0 0.48020833333333335 0.3885416666666667 0.016666666666666666 0.01875
0 0.36666666666666664 0.40520833333333334 0.029166666666666667 0.04375
0 0.4 0.40729166666666666 0.025 0.01875
0 0.32083333333333336 0.41354166666666664 0.03333333333333333 0.04375
0 0.39791666666666664 0.42916666666666664 0.028125 0.029166666666666667
0 0.3489583333333333 0.4354166666666667 0.035416666666666666 0.0625
0 0.3020833333333333 0.44166666666666665 0.027083333333333334 0.03333333333333333
0 0.403125 0.45 0.03125 0.03333333333333333
0 0.33125 0.46770833333333334 0.0375 0.052083333333333336
0 0.39166666666666666 0.46875 0.034375 0.041666666666666664
0 0.275 0.48541666666666666 0.0375 0.041666666666666664
0 0.378125 0.4947916666666667 0.0375 0.052083333333333336
0 0.28958333333333336 0.53125 0.04791666666666667 0.0625
0 0.36770833333333336 0.5395833333333333 0.05416666666666667 0.07916666666666666
0 0.15 0.5416666666666666 0.14375 0.15833333333333333
0 0.6729166666666667 0.6145833333333334 0.08125 0.1
0 0.24791666666666667 0.615625 0.07083333333333333 0.08125
0 0.051041666666666666 0.703125 0.10208333333333333 0.26458333333333334
0 0.315625 0.76875 0.096875 0.12916666666666668
0 0.10104166666666667 0.8510416666666667 0.13541666666666666 0.17708333333333334