0 0.3625 0.428125 0.034375 0.04375
0 0.403125 0.43645833333333334 0.03125 0.052083333333333336
0 0.28541666666666665 0.4947916666666667 0.103125 0.14375
0 0.3854166666666667 0.4979166666666667 0.03333333333333333 0.05
0 0.37083333333333335 0.54375 0.051041666666666666 0.065625
0 0.6041666666666666 0.54375 0.057291666666666664 0.075
0 0.15416666666666667 0.6552083333333333 0.22083333333333333 0.31875
0 0.325 0.659375 0.0875 0.10729166666666666
0 0.29270833333333335 0.7604166666666666 0.109375 0.13854166666666667
0 0.06770833333333333 0.8677083333333333 0.13541666666666666 0.26458333333333334
0 0.2625 0.9135416666666667 0.13229166666666667 0.16666666666666666
0 0.7020833333333333 0.90625 0.13854166666666667 0.1875