0 0.3125 0.41041666666666665 0.0375 0.07083333333333333
0 0.584375 0.41041666666666665 0.0375 0.0625
0 0.5489583333333333 0.43020833333333336 0.041666666666666664 0.07708333333333334
0 0.2833333333333333 0.4375 0.052083333333333336 0.08333333333333333
0 0.39479166666666665 0.45 0.035416666666666666 0.03333333333333333
0 0.371875 0.4947916666666667 0.05 0.06875
0 0.17083333333333334 0.515625 0.08541666666666667 0.12291666666666666
0 0.24166666666666667 0.5479166666666667 0.12916666666666668 0.1875
0 0.375 0.5510416666666667 0.065625 0.08125
0 0.5458333333333333 0.59375 0.071875 0.11666666666666667
0 0.34375 0.5979166666666667 0.053125 0.0625
0 0.325 0.6489583333333333 0.08125 0.10208333333333333
0 0.2916666666666667 0.753125 0.09791666666666667 0.14375
0 0.10416666666666667 0.775 0.20833333333333334 0.45
0 0.26458333333333334 0.9052083333333333 0.134375 0.16875