0 0.3541666666666667 0.371875 0.03125 0.04791666666666667
0 0.51875 0.38125 0.03125 0.05416666666666667
0 0.47708333333333336 0.39166666666666666 0.014583333333333334 0.025
0 0.33229166666666665 0.4010416666666667 0.03333333333333333 0.04375
0 0.3645833333333333 0.40520833333333334 0.029166666666666667 0.04375
0 0.4 0.40729166666666666 0.025 0.01875
0 0.28958333333333336 0.4197916666666667 0.025 0.027083333333333334
0 0.4875 0.4239583333333333 0.021875 0.03125
0 0.39791666666666664 0.42916666666666664 0.028125 0.029166666666666667
0 0.30833333333333335 0.43125 0.027083333333333334 0.03333333333333333
0 0.3489583333333333 0.4354166666666667 0.035416666666666666 0.0625
0 0.403125 0.45 0.03125 0.03333333333333333
0 0.5041666666666667 0.45625 0.034375 0.04583333333333333
0 0.3333333333333333 0.45729166666666665 0.0375 0.052083333333333336
0 0.27708333333333335 0.4625 0.03125 0.0375
0 0.39166666666666666 0.46875 0.034375 0.041666666666666664
0 0.378125 0.4947916666666667 0.0375 0.052083333333333336
0 0.21354166666666666 0.49583333333333335 0.09791666666666667 0.12916666666666668
0 0.309375 0.5052083333333334 0.046875 0.05625
0 0.371875 0.5208333333333334 0.046875 0.0625
0 0.27708333333333335 0.5677083333333334 0.059375 0.06458333333333334
0 0.08958333333333333 0.6041666666666666 0.178125 0.20416666666666666
0 0.3541666666666667 0.6375 0.06666666666666667 0.09166666666666666
0 0.21041666666666667 0.6822916666666666 0.08333333333333333 0.12291666666666666
0 0.2833333333333333 0.79375 0.103125 0.125