0 0.41041666666666665 0.41354166666666664 0.022916666666666665 0.035416666666666666
0 0.36354166666666665 0.4322916666666667 0.035416666666666666 0.04375
0 0.34270833333333334 0.46145833333333336 0.03333333333333333 0.035416666666666666
0 0.5104166666666666 0.46458333333333335 0.046875 0.05
0 0.38645833333333335 0.48854166666666665 0.04583333333333333 0.07291666666666667
0 0.18333333333333332 0.5270833333333333 0.13958333333333334 0.1375
0 0.24895833333333334 0.5416666666666666 0.12291666666666666 0.19583333333333333
0 0.37083333333333335 0.5458333333333333 0.052083333333333336 0.06666666666666667
0 0.35208333333333336 0.6 0.06041666666666667 0.07083333333333333
0 0.565625 0.63125 0.08125 0.13333333333333333
0 0.13958333333333334 0.6604166666666667 0.23958333333333334 0.325
0 0.3416666666666667 0.66875 0.10833333333333334 0.15
0 0.2916666666666667 0.7614583333333333 0.11666666666666667 0.16458333333333333
0 0.259375 0.9114583333333334 0.146875 0.17708333333333334