0 0.3625 0.4239583333333333 0.028125 0.05625
0 0.4041666666666667 0.42916666666666664 0.040625 0.058333333333333334
0 0.559375 0.43854166666666666 0.0625 0.07708333333333334
0 0.49895833333333334 0.44479166666666664 0.04583333333333333 0.06458333333333334
0 0.3104166666666667 0.46875 0.084375 0.1375
0 0.24166666666666667 0.48020833333333335 0.07291666666666667 0.08125
0 0.39375 0.484375 0.05 0.04791666666666667
0 0.37916666666666665 0.5177083333333333 0.052083333333333336 0.06875
0 0.328125 0.6520833333333333 0.096875 0.11666666666666667
0 0.16458333333333333 0.65625 0.215625 0.30833333333333335
0 0.2916666666666667 0.7552083333333334 0.09791666666666667 0.14791666666666667
0 0.06354166666666666 0.8625 0.12708333333333333 0.2708333333333333
0 0.26458333333333334 0.9135416666666667 0.14791666666666667 0.16875