0 0.5739583333333333 0.4510416666666667 0.07083333333333333 0.13541666666666666
0 0.25104166666666666 0.46458333333333335 0.07291666666666667 0.09583333333333334
0 0.646875 0.4791666666666667 0.05625 0.09583333333333334
0 0.3229166666666667 0.4864583333333333 0.041666666666666664 0.05625
0 0.5145833333333333 0.4979166666666667 0.0375 0.05416666666666667
0 0.37395833333333334 0.5135416666666667 0.04583333333333333 0.06458333333333334
0 0.1625 0.534375 0.1375 0.16458333333333333
0 0.2916666666666667 0.5364583333333334 0.05 0.06041666666666667
0 0.36666666666666664 0.5677083333333334 0.053125 0.07291666666666667
0 0.575 0.578125 0.059375 0.09375
0 0.25833333333333336 0.5916666666666667 0.06666666666666667 0.09166666666666666
0 0.33125 0.6520833333333333 0.071875 0.08333333333333333
0 0.27708333333333335 0.8395833333333333 0.12916666666666668 0.17916666666666667
0 0.6708333333333333 0.9020833333333333 0.1375 0.19583333333333333