0 0.5197916666666667 0.45208333333333334 0.06666666666666667 0.1
0 0.3885416666666667 0.471875 0.03958333333333333 0.04375
0 0.3 0.4875 0.078125 0.125
0 0.528125 0.525 0.053125 0.075
0 0.37083333333333335 0.5447916666666667 0.05 0.06041666666666667
0 0.7645833333333333 0.5625 0.16041666666666668 0.18333333333333332
0 0.35104166666666664 0.596875 0.06458333333333334 0.06458333333333334
0 0.06458333333333334 0.6322916666666667 0.12708333333333333 0.16875
0 0.18958333333333333 0.6541666666666667 0.19583333333333333 0.24583333333333332
0 0.33125 0.6541666666666667 0.075 0.1
0 0.29583333333333334 0.821875 0.1125 0.17291666666666666
0 0.6302083333333334 0.8333333333333334 0.12083333333333333 0.20833333333333334