0 0.29375 0.42604166666666665 0.04375 0.052083333333333336
0 0.3375 0.44583333333333336 0.040625 0.0625
0 0.6385416666666667 0.45416666666666666 0.04791666666666667 0.07916666666666666
0 0.25625 0.46979166666666666 0.05625 0.10208333333333333
0 0.5020833333333333 0.471875 0.041666666666666664 0.05625
0 0.5791666666666667 0.4739583333333333 0.075 0.09791666666666667
0 0.303125 0.49895833333333334 0.059375 0.08958333333333333
0 0.3854166666666667 0.50625 0.040625 0.058333333333333334
0 0.6958333333333333 0.540625 0.053125 0.06875
0 0.3645833333333333 0.584375 0.065625 0.07708333333333334
0 0.10416666666666667 0.5927083333333333 0.16458333333333333 0.18958333333333333
0 0.5708333333333333 0.61875 0.06875 0.1
0 0.25104166666666666 0.6354166666666666 0.07083333333333333 0.07916666666666666
0 0.30104166666666665 0.8052083333333333 0.11041666666666666 0.14375