0 0.49166666666666664 0.42604166666666665 0.028125 0.035416666666666666
0 0.40729166666666666 0.43645833333333334 0.029166666666666667 0.03958333333333333
0 0.60625 0.44375 0.0375 0.05
0 0.346875 0.453125 0.03125 0.03958333333333333
0 0.39791666666666664 0.4739583333333333 0.035416666666666666 0.04791666666666667
0 0.5791666666666667 0.47604166666666664 0.046875 0.06875
0 0.24270833333333333 0.4791666666666667 0.06041666666666667 0.0875
0 0.30833333333333335 0.49166666666666664 0.059375 0.0875
0 0.3875 0.5166666666666667 0.04375 0.05
0 0.18958333333333333 0.51875 0.07083333333333333 0.09166666666666666
0 0.5354166666666667 0.5447916666666667 0.04791666666666667 0.07291666666666667
0 0.115625 0.5885416666666666 0.10625 0.16041666666666668
0 0.21875 0.6052083333333333 0.1 0.13958333333333334
0 0.328125 0.7145833333333333 0.084375 0.1125
0 0.26145833333333335 0.9447916666666667 0.15625 0.109375
0 0.06354166666666666 0.8927083333333333 0.12604166666666666 0.21354166666666666