0 0.3229166666666667 0.4083333333333333 0.034375 0.058333333333333334
0 0.3625 0.41770833333333335 0.04375 0.06041666666666667
0 0.27395833333333336 0.43333333333333335 0.07708333333333334 0.1
0 0.39791666666666664 0.4822916666666667 0.041666666666666664 0.052083333333333336
0 0.19583333333333333 0.5104166666666666 0.115625 0.175
0 0.2708333333333333 0.5239583333333333 0.09166666666666666 0.16458333333333333
0 0.3614583333333333 0.5479166666666667 0.052083333333333336 0.05416666666666667
0 0.084375 0.5854166666666667 0.075 0.0625
0 0.346875 0.60625 0.06875 0.08333333333333333
0 0.33125 0.7041666666666667 0.090625 0.12083333333333333
0 0.057291666666666664 0.7041666666666667 0.10833333333333334 0.1875
0 0.8291666666666667 0.8052083333333333 0.240625 0.36041666666666666
0 0.125 0.81875 0.140625 0.14583333333333334
0 0.2947916666666667 0.8354166666666667 0.11458333333333333 0.14583333333333334