0 0.36666666666666664 0.4010416666666667 0.041666666666666664 0.06875
0 0.31354166666666666 0.40625 0.04583333333333333 0.075
0 0.4041666666666667 0.43125 0.034375 0.0375
0 0.3489583333333333 0.44895833333333335 0.03333333333333333 0.04375
0 0.5854166666666667 0.4625 0.05625 0.09166666666666666
0 0.27708333333333335 0.46458333333333335 0.04791666666666667 0.06666666666666667
0 0.39479166666666665 0.46770833333333334 0.03333333333333333 0.04375
0 0.21875 0.5270833333333333 0.065625 0.07916666666666666
0 0.378125 0.5354166666666667 0.046875 0.07083333333333333
0 0.27708333333333335 0.55 0.058333333333333334 0.07083333333333333
0 0.3541666666666667 0.6114583333333333 0.065625 0.08958333333333333
0 0.2125 0.6447916666666667 0.071875 0.07708333333333334
0 0.0625 0.6666666666666666 0.125 0.18333333333333332
0 0.18020833333333333 0.7510416666666667 0.10833333333333334 0.11875
0 0.9229166666666667 0.765625 0.153125 0.22291666666666668
0 0.29583333333333334 0.796875 0.11041666666666666 0.12291666666666666