0 0.35208333333333336 0.4239583333333333 0.058333333333333334 0.07708333333333334
0 0.3072916666666667 0.42916666666666664 0.04583333333333333 0.06666666666666667
0 0.3958333333333333 0.453125 0.03958333333333333 0.04375
0 0.5083333333333333 0.45416666666666666 0.028125 0.041666666666666664
0 0.31875 0.45729166666666665 0.075 0.09375
0 0.24791666666666667 0.48020833333333335 0.06041666666666667 0.09791666666666667
0 0.38958333333333334 0.4979166666666667 0.041666666666666664 0.05
0 0.5385416666666667 0.521875 0.052083333333333336 0.06875
0 0.3729166666666667 0.540625 0.05 0.06041666666666667
0 0.26875 0.5479166666666667 0.090625 0.11666666666666667
0 0.125 0.5625 0.178125 0.225
0 0.35208333333333336 0.5864583333333333 0.06458333333333334 0.06458333333333334
0 0.33125 0.6479166666666667 0.075 0.1
0 0.32916666666666666 0.7177083333333333 0.08541666666666667 0.12708333333333333
0 0.290625 0.8395833333333333 0.1125 0.15
0 0.671875 0.89375 0.15 0.2125