0 0.321875 0.396875 0.05 0.07708333333333334
0 0.4083333333333333 0.43125 0.029166666666666667 0.03333333333333333
0 0.3375 0.4354166666666667 0.0625 0.09583333333333334
0 0.2791666666666667 0.43645833333333334 0.07083333333333333 0.11041666666666666
0 0.496875 0.4375 0.028125 0.0375
0 0.39375 0.46875 0.034375 0.04583333333333333
0 0.5197916666666667 0.4822916666666667 0.03333333333333333 0.052083333333333336
0 0.61875 0.5052083333333334 0.084375 0.16041666666666668
0 0.309375 0.5114583333333333 0.05 0.05625
0 0.215625 0.5229166666666667 0.065625 0.09583333333333334
0 0.375 0.5270833333333333 0.05 0.058333333333333334
0 0.5354166666666667 0.5427083333333333 0.052083333333333336 0.08541666666666667
0 0.14479166666666668 0.5447916666666667 0.06041666666666667 0.05625
0 0.35208333333333336 0.6052083333333333 0.06666666666666667 0.09375
0 0.10833333333333334 0.6395833333333333 0.10833333333333334 0.14583333333333334
0 0.32708333333333334 0.7333333333333333 0.090625 0.125
0 0.16770833333333332 0.734375 0.10833333333333334 0.10208333333333333
0 0.6145833333333334 0.8020833333333334 0.103125 0.15416666666666667
0 0.9395833333333333 0.91875 0.12083333333333333 0.1625