0 0.334375 0.44479166666666664 0.0625 0.09791666666666667
0 0.5729166666666666 0.46458333333333335 0.041666666666666664 0.06666666666666667
0 0.3885416666666667 0.471875 0.03958333333333333 0.04375
0 0.5125 0.47291666666666665 0.03125 0.05416666666666667
0 0.19583333333333333 0.5177083333333333 0.08333333333333333 0.10625
0 0.2760416666666667 0.5197916666666667 0.09791666666666667 0.13541666666666666
0 0.3729166666666667 0.540625 0.05 0.06041666666666667
0 0.35208333333333336 0.5864583333333333 0.06458333333333334 0.06458333333333334
0 0.33125 0.6479166666666667 0.075 0.1
0 0.17395833333333333 0.66875 0.15208333333333332 0.2
0 0.052083333333333336 0.690625 0.103125 0.32708333333333334
0 0.3229166666666667 0.7260416666666667 0.09375 0.13125
0 0.8375 0.7802083333333333 0.296875 0.4395833333333333
0 0.6260416666666667 0.8114583333333333 0.12708333333333333 0.21041666666666667
0 0.284375 0.8729166666666667 0.121875 0.16666666666666666