0 0.3572916666666667 0.4125 0.04583333333333333 0.07083333333333333
0 0.6010416666666667 0.42291666666666666 0.052083333333333336 0.075
0 0.39895833333333336 0.4427083333333333 0.029166666666666667 0.03125
0 0.30833333333333335 0.4635416666666667 0.07916666666666666 0.13125
0 0.5166666666666667 0.46875 0.03333333333333333 0.05
0 0.384375 0.49375 0.04375 0.0625
0 0.19479166666666667 0.5239583333333333 0.08541666666666667 0.09375
0 0.36875 0.5385416666666667 0.05 0.06458333333333334
0 0.221875 0.58125 0.1125 0.15833333333333333
0 0.08958333333333333 0.6270833333333333 0.11666666666666667 0.12916666666666668
0 0.6822916666666666 0.6302083333333334 0.08333333333333333 0.13125
0 0.32708333333333334 0.690625 0.07916666666666666 0.11041666666666666
0 0.9520833333333333 0.771875 0.09583333333333334 0.32708333333333334
0 0.28020833333333334 0.8947916666666667 0.13333333333333333 0.16875
0 0.6770833333333334 0.9041666666666667 0.15416666666666667 0.19166666666666668