0 0.29791666666666666 0.41875 0.05416666666666667 0.08333333333333333
0 0.5458333333333333 0.42083333333333334 0.053125 0.08333333333333333
0 0.5916666666666667 0.43333333333333335 0.03125 0.04583333333333333
0 0.33541666666666664 0.44583333333333336 0.04583333333333333 0.07083333333333333
0 0.39791666666666664 0.46458333333333335 0.034375 0.04583333333333333
0 0.24166666666666667 0.46979166666666666 0.078125 0.11875
0 0.6458333333333334 0.478125 0.041666666666666664 0.06041666666666667
0 0.315625 0.49895833333333334 0.046875 0.05625
0 0.37604166666666666 0.503125 0.03958333333333333 0.05625
0 0.5958333333333333 0.5083333333333333 0.052083333333333336 0.06666666666666667
0 0.5260416666666666 0.5125 0.04583333333333333 0.0625
0 0.715625 0.5416666666666666 0.071875 0.07916666666666666
0 0.25 0.5729166666666666 0.109375 0.15833333333333333
0 0.14166666666666666 0.6125 0.07083333333333333 0.07916666666666666
0 0.3541666666666667 0.6177083333333333 0.06666666666666667 0.08125
0 0.04583333333333333 0.6208333333333333 0.090625 0.10833333333333334
0 0.6739583333333333 0.65 0.09166666666666666 0.125
0 0.26458333333333334 0.865625 0.134375 0.17291666666666666
0 0.07083333333333333 0.8822916666666667 0.140625 0.23541666666666666
0 0.6479166666666667 0.9114583333333334 0.13333333333333333 0.17708333333333334
0 0.8916666666666667 0.9125 0.16666666666666666 0.175