0 0.4739583333333333 0.36770833333333336 0.020833333333333332 0.027083333333333334
0 0.48541666666666666 0.39166666666666666 0.029166666666666667 0.029166666666666667
0 0.2833333333333333 0.428125 0.084375 0.08958333333333333
0 0.3541666666666667 0.4427083333333333 0.04583333333333333 0.04791666666666667
0 0.6270833333333333 0.46145833333333336 0.05625 0.09375
0 0.584375 0.4791666666666667 0.053125 0.1125
0 0.32395833333333335 0.48541666666666666 0.04583333333333333 0.05416666666666667
0 0.378125 0.5041666666666667 0.05625 0.058333333333333334
0 0.2375 0.5458333333333333 0.134375 0.18333333333333332
0 0.3729166666666667 0.5479166666666667 0.08125 0.075
0 0.07291666666666667 0.5916666666666667 0.14583333333333334 0.15
0 0.35 0.60625 0.08125 0.09166666666666666
0 0.32708333333333334 0.6614583333333334 0.08541666666666667 0.12708333333333333
0 0.11666666666666667 0.753125 0.23333333333333334 0.41875
0 0.2833333333333333 0.7614583333333333 0.12083333333333333 0.17708333333333334
0 0.26458333333333334 0.9083333333333333 0.159375 0.18333333333333332