0 0.3729166666666667 0.39375 0.041666666666666664 0.06666666666666667
0 0.32708333333333334 0.39895833333333336 0.04583333333333333 0.06875
0 0.5208333333333334 0.40520833333333334 0.028125 0.035416666666666666
0 0.40625 0.42916666666666664 0.034375 0.0375
0 0.3614583333333333 0.4322916666666667 0.03333333333333333 0.03958333333333333
0 0.290625 0.446875 0.04375 0.06041666666666667
0 0.39479166666666665 0.459375 0.03333333333333333 0.03958333333333333
0 0.503125 0.46041666666666664 0.0375 0.05
0 0.23541666666666666 0.5 0.059375 0.07916666666666666
0 0.3854166666666667 0.5125 0.041666666666666664 0.0625
0 0.2989583333333333 0.515625 0.04791666666666667 0.052083333333333336
0 0.6583333333333333 0.5572916666666666 0.08958333333333333 0.15625
0 0.36666666666666664 0.5770833333333333 0.052083333333333336 0.07083333333333333
0 0.25104166666666666 0.58125 0.058333333333333334 0.058333333333333334
0 0.09479166666666666 0.6135416666666667 0.12083333333333333 0.15625
0 0.23333333333333334 0.659375 0.075 0.08541666666666667
0 0.31875 0.728125 0.09375 0.10625
0 0.0625 0.8854166666666666 0.125 0.228125