0 0.30520833333333336 0.4114583333333333 0.04791666666666667 0.07708333333333334
0 0.3385416666666667 0.44166666666666665 0.041666666666666664 0.058333333333333334
0 0.403125 0.4510416666666667 0.028125 0.04375
0 0.253125 0.459375 0.078125 0.11875
0 0.6354166666666666 0.4791666666666667 0.040625 0.05416666666666667
0 0.38229166666666664 0.48020833333333335 0.035416666666666666 0.04791666666666667
0 0.32395833333333335 0.48125 0.035416666666666666 0.04583333333333333
0 0.5875 0.48125 0.084375 0.12916666666666668
0 0.13541666666666666 0.5447916666666667 0.07291666666666667 0.07291666666666667
0 0.271875 0.546875 0.090625 0.13958333333333334
0 0.7229166666666667 0.55625 0.08125 0.0875
0 0.17604166666666668 0.5635416666666667 0.06041666666666667 0.06458333333333334
0 0.36875 0.5760416666666667 0.059375 0.07291666666666667
0 0.5833333333333334 0.6854166666666667 0.08541666666666667 0.14166666666666666
0 0.7270833333333333 0.7020833333333333 0.11041666666666666 0.15
0 0.035416666666666666 0.7177083333333333 0.07083333333333333 0.13125
0 0.8958333333333334 0.71875 0.14583333333333334 0.1375
0 0.3020833333333333 0.7333333333333333 0.09583333333333334 0.12916666666666668
0 0.125 0.7729166666666667 0.121875 0.15833333333333333