0 0.35833333333333334 0.4239583333333333 0.03125 0.03958333333333333
0 0.4041666666666667 0.43125 0.03125 0.0375
0 0.49375 0.4354166666666667 0.034375 0.0375
0 0.596875 0.4354166666666667 0.040625 0.06666666666666667
0 0.3 0.43854166666666666 0.040625 0.04791666666666667
0 0.5541666666666667 0.44895833333333335 0.03333333333333333 0.03958333333333333
0 0.340625 0.45729166666666665 0.034375 0.03958333333333333
0 0.40208333333333335 0.46770833333333334 0.035416666666666666 0.03958333333333333
0 0.246875 0.4875 0.04375 0.04583333333333333
0 0.32395833333333335 0.490625 0.03958333333333333 0.04791666666666667
0 0.5114583333333333 0.5041666666666667 0.03958333333333333 0.05416666666666667
0 0.38229166666666664 0.5114583333333333 0.041666666666666664 0.04791666666666667
0 0.303125 0.5229166666666667 0.053125 0.06666666666666667
0 0.6791666666666667 0.528125 0.06458333333333334 0.07291666666666667
0 0.375 0.5572916666666666 0.04375 0.06041666666666667
0 0.125 0.5645833333333333 0.14375 0.19166666666666668
0 0.25104166666666666 0.5697916666666667 0.10208333333333333 0.13125
0 0.5572916666666666 0.5989583333333334 0.06666666666666667 0.10208333333333333
0 0.38333333333333336 0.6041666666666666 0.0625 0.08333333333333333
0 0.6708333333333333 0.6083333333333333 0.090625 0.14166666666666666
0 0.19583333333333333 0.640625 0.11875 0.15625
0 0.03958333333333333 0.671875 0.07916666666666666 0.18958333333333333
0 0.30833333333333335 0.6854166666666667 0.096875 0.10416666666666667
0 0.28958333333333336 0.809375 0.10416666666666667 0.13125
0 0.096875 0.8260416666666667 0.19375 0.34791666666666665
0 0.22916666666666666 0.9395833333333333 0.15416666666666667 0.12083333333333333