0 0.475 0.359375 0.025 0.022916666666666665
0 0.3260416666666667 0.39895833333333336 0.04791666666666667 0.052083333333333336
0 0.4114583333333333 0.41354166666666664 0.029166666666666667 0.03958333333333333
0 0.3072916666666667 0.4197916666666667 0.04791666666666667 0.07291666666666667
0 0.36354166666666665 0.43125 0.035416666666666666 0.04583333333333333
0 0.2604166666666667 0.43854166666666666 0.06458333333333334 0.07708333333333334
0 0.3416666666666667 0.4583333333333333 0.034375 0.041666666666666664
0 0.384375 0.4822916666666667 0.053125 0.05625
0 0.178125 0.48541666666666666 0.1125 0.10416666666666667
0 0.5166666666666667 0.4947916666666667 0.04791666666666667 0.08125
0 0.25 0.5260416666666666 0.125 0.17291666666666666
0 0.3770833333333333 0.5572916666666666 0.04375 0.08541666666666667
0 0.353125 0.6052083333333333 0.0625 0.09375
0 0.06666666666666667 0.6572916666666667 0.12291666666666666 0.18541666666666667
0 0.14895833333333333 0.6635416666666667 0.22708333333333333 0.33125
0 0.3302083333333333 0.6645833333333333 0.07916666666666666 0.13333333333333333
0 0.5989583333333334 0.7322916666666667 0.10208333333333333 0.18541666666666667
0 0.29270833333333335 0.765625 0.12291666666666666 0.16875
0 0.271875 0.90625 0.1625 0.1875