0 0.3645833333333333 0.41770833333333335 0.03125 0.04375
0 0.5416666666666666 0.42083333333333334 0.041666666666666664 0.07083333333333333
0 0.40625 0.42291666666666666 0.034375 0.0375
0 0.5864583333333333 0.4322916666666667 0.029166666666666667 0.03958333333333333
0 0.30833333333333335 0.434375 0.040625 0.04791666666666667
0 0.3416666666666667 0.453125 0.040625 0.04375
0 0.4041666666666667 0.459375 0.0375 0.04375
0 0.503125 0.465625 0.040625 0.05625
0 0.6322916666666667 0.46770833333333334 0.06458333333333334 0.08958333333333333
0 0.5739583333333333 0.4822916666666667 0.041666666666666664 0.06041666666666667
0 0.2552083333333333 0.48333333333333334 0.04791666666666667 0.05
0 0.328125 0.484375 0.0375 0.04375
0 0.38333333333333336 0.50625 0.046875 0.05
0 0.30833333333333335 0.51875 0.053125 0.06666666666666667
0 0.14583333333333334 0.5510416666666667 0.13125 0.18125
0 0.37395833333333334 0.5520833333333334 0.04791666666666667 0.0625
0 0.24791666666666667 0.559375 0.10208333333333333 0.13125
0 0.5354166666666667 0.5833333333333334 0.058333333333333334 0.07916666666666666
0 0.3854166666666667 0.596875 0.06458333333333334 0.08541666666666667
0 0.790625 0.6333333333333333 0.09375 0.1125
0 0.196875 0.634375 0.11875 0.15625
0 0.03958333333333333 0.6739583333333333 0.07916666666666666 0.18958333333333333
0 0.30833333333333335 0.6854166666666667 0.096875 0.10416666666666667
0 0.7666666666666667 0.7416666666666667 0.14791666666666667 0.225
0 0.621875 0.7875 0.1125 0.17916666666666667
0 0.28958333333333336 0.809375 0.10416666666666667 0.13125
0 0.096875 0.8260416666666667 0.19375 0.34791666666666665
0 0.23333333333333334 0.934375 0.1625 0.13125