0 0.35208333333333336 0.4239583333333333 0.058333333333333334 0.07708333333333334
0 0.3072916666666667 0.42916666666666664 0.04583333333333333 0.06666666666666667
0 0.515625 0.45729166666666665 0.034375 0.05625
0 0.3885416666666667 0.471875 0.03958333333333333 0.04375
0 0.30520833333333336 0.4739583333333333 0.08541666666666667 0.11458333333333333
0 0.23541666666666666 0.47604166666666664 0.06041666666666667 0.09791666666666667
0 0.38333333333333336 0.5020833333333333 0.041666666666666664 0.041666666666666664
0 0.3729166666666667 0.540625 0.05 0.06041666666666667
0 0.25104166666666666 0.575 0.09791666666666667 0.13333333333333333
0 0.09270833333333334 0.5854166666666667 0.18541666666666667 0.23333333333333334
0 0.35208333333333336 0.5864583333333333 0.06458333333333334 0.06458333333333334
0 0.55625 0.6072916666666667 0.071875 0.11041666666666666
0 0.33125 0.6479166666666667 0.075 0.1
0 0.7208333333333333 0.678125 0.09583333333333334 0.15208333333333332
0 0.32916666666666666 0.7177083333333333 0.08541666666666667 0.12708333333333333
0 0.290625 0.8395833333333333 0.1125 0.15