0 0.55 0.4354166666666667 0.025 0.0375
0 0.2760416666666667 0.43645833333333334 0.052083333333333336 0.09375
0 0.3458333333333333 0.43645833333333334 0.040625 0.06458333333333334
0 0.49270833333333336 0.44375 0.027083333333333334 0.035416666666666666
0 0.38958333333333334 0.45416666666666666 0.03333333333333333 0.0375
0 0.3229166666666667 0.4635416666666667 0.04375 0.08125
0 0.63125 0.46458333333333335 0.0375 0.05416666666666667
0 0.5208333333333334 0.5052083333333334 0.046875 0.057291666666666664
0 0.38333333333333336 0.5 0.034375 0.04583333333333333
0 0.20729166666666668 0.5020833333333333 0.09791666666666667 0.13333333333333333
0 0.634375 0.5072916666666667 0.06041666666666667 0.0625
0 0.615625 0.5427083333333333 0.057291666666666664 0.071875
0 0.34791666666666665 0.575 0.05 0.08333333333333333
0 0.07083333333333333 0.6114583333333333 0.08125 0.078125
0 0.20416666666666666 0.6364583333333333 0.146875 0.20625
0 0.75625 0.7020833333333333 0.10416666666666667 0.13854166666666667
0 0.057291666666666664 0.7895833333333333 0.08958333333333333 0.12916666666666668
0 0.29791666666666666 0.8125 0.10416666666666667 0.13854166666666667
0 0.6479166666666667 0.8854166666666666 0.15208333333333332 0.225