0 0.4864583333333333 0.409375 0.022916666666666665 0.03125
0 0.3541666666666667 0.4166666666666667 0.046875 0.06666666666666667
0 0.565625 0.41770833333333335 0.028125 0.03958333333333333
0 0.2989583333333333 0.43125 0.04583333333333333 0.07083333333333333
0 0.2520833333333333 0.45208333333333334 0.07291666666666667 0.07916666666666666
0 0.39166666666666666 0.46875 0.0375 0.04583333333333333
0 0.3302083333333333 0.4739583333333333 0.03958333333333333 0.052083333333333336
0 0.5229166666666667 0.4739583333333333 0.034375 0.052083333333333336
0 0.3802083333333333 0.48541666666666666 0.035416666666666666 0.03333333333333333
0 0.3104166666666667 0.5 0.041666666666666664 0.05416666666666667
0 0.375 0.5041666666666667 0.040625 0.0625
0 0.2916666666666667 0.540625 0.041666666666666664 0.06875
0 0.37083333333333335 0.553125 0.046875 0.06041666666666667
0 0.19583333333333333 0.5979166666666667 0.165625 0.225
0 0.3458333333333333 0.60625 0.059375 0.058333333333333334
0 0.06666666666666667 0.6177083333333333 0.13333333333333333 0.19375
0 0.33229166666666665 0.6697916666666667 0.08541666666666667 0.11458333333333333
0 0.5770833333333333 0.6864583333333333 0.08541666666666667 0.15208333333333332
0 0.290625 0.7635416666666667 0.10625 0.13541666666666666