0 0.3229166666666667 0.39791666666666664 0.046875 0.058333333333333334
0 0.49270833333333336 0.4114583333333333 0.035416666666666666 0.05625
0 0.29791666666666666 0.421875 0.058333333333333334 0.07708333333333334
0 0.4083333333333333 0.4239583333333333 0.03125 0.03958333333333333
0 0.3614583333333333 0.440625 0.035416666666666666 0.04791666666666667
0 0.23541666666666666 0.4427083333333333 0.06458333333333334 0.07291666666666667
0 0.3385416666666667 0.46770833333333334 0.04791666666666667 0.03958333333333333
0 0.515625 0.46875 0.040625 0.05
0 0.3885416666666667 0.49583333333333335 0.052083333333333336 0.0625
0 0.25104166666666666 0.5395833333333333 0.13333333333333333 0.16666666666666666
0 0.14791666666666667 0.5458333333333333 0.14583333333333334 0.15416666666666667
0 0.3729166666666667 0.5604166666666667 0.065625 0.07916666666666666
0 0.34479166666666666 0.5989583333333334 0.04791666666666667 0.09791666666666667
0 0.321875 0.65625 0.084375 0.14583333333333334
0 0.13020833333333334 0.69375 0.2520833333333333 0.35
0 0.7479166666666667 0.696875 0.14583333333333334 0.26458333333333334
0 0.890625 0.703125 0.171875 0.22708333333333333
0 0.275 0.740625 0.1 0.16875
0 0.27291666666666664 0.90625 0.16041666666666668 0.1875