0 0.346875 0.37083333333333335 0.03125 0.04583333333333333
0 0.5270833333333333 0.38645833333333335 0.03333333333333333 0.04791666666666667
0 0.3229166666666667 0.39895833333333336 0.046875 0.06875
0 0.42291666666666666 0.40520833333333334 0.021875 0.027083333333333334
0 0.4041666666666667 0.41041666666666665 0.022916666666666665 0.029166666666666667
0 0.29791666666666666 0.4125 0.020833333333333332 0.03333333333333333
0 0.359375 0.41458333333333336 0.0375 0.05
0 0.2625 0.4322916666666667 0.034375 0.03958333333333333
0 0.396875 0.4322916666666667 0.03125 0.035416666666666666
0 0.5114583333333333 0.43333333333333335 0.029166666666666667 0.0375
0 0.54375 0.434375 0.03125 0.03958333333333333
0 0.4010416666666667 0.44375 0.03333333333333333 0.029166666666666667
0 0.33541666666666664 0.45729166666666665 0.058333333333333334 0.08541666666666667
0 0.39895833333333336 0.4583333333333333 0.035416666666666666 0.04583333333333333
0 0.5114583333333333 0.4625 0.03958333333333333 0.04583333333333333
0 0.26979166666666665 0.4635416666666667 0.03958333333333333 0.052083333333333336
0 0.3854166666666667 0.48541666666666666 0.04375 0.05416666666666667
0 0.19791666666666666 0.4864583333333333 0.03333333333333333 0.052083333333333336
0 0.24270833333333333 0.49270833333333336 0.07083333333333333 0.08958333333333333
0 0.3 0.5104166666666666 0.053125 0.07083333333333333
0 0.3541666666666667 0.5895833333333333 0.071875 0.0875
0 0.25 0.6052083333333333 0.071875 0.08958333333333333
0 0.14166666666666666 0.6166666666666667 0.07708333333333334 0.09166666666666666