0 0.5010416666666667 0.37604166666666666 0.035416666666666666 0.03125
0 0.3416666666666667 0.390625 0.03125 0.052083333333333336
0 0.4864583333333333 0.3958333333333333 0.020833333333333332 0.03333333333333333
0 0.41354166666666664 0.40625 0.027083333333333334 0.0375
0 0.3177083333333333 0.4125 0.04583333333333333 0.0625
0 0.36666666666666664 0.41875 0.022916666666666665 0.03333333333333333
0 0.27395833333333336 0.42604166666666665 0.041666666666666664 0.052083333333333336
0 0.4083333333333333 0.4395833333333333 0.027083333333333334 0.05
0 0.35208333333333336 0.44375 0.029166666666666667 0.03333333333333333
0 0.3875 0.45625 0.03125 0.04583333333333333
0 0.22083333333333333 0.4822916666666667 0.08333333333333333 0.10208333333333333
0 0.24791666666666667 0.528125 0.115625 0.16041666666666668
0 0.38125 0.5322916666666667 0.05 0.07291666666666667
0 0.35104166666666664 0.590625 0.06041666666666667 0.06458333333333334
0 0.15208333333333332 0.64375 0.21458333333333332 0.30416666666666664
0 0.32708333333333334 0.6614583333333334 0.075 0.11458333333333333
0 0.03229166666666667 0.7020833333333333 0.06458333333333334 0.11666666666666667
0 0.28229166666666666 0.7625 0.12708333333333333 0.1375
0 0.058333333333333334 0.8729166666666667 0.115625 0.25416666666666665
0 0.2625 0.9114583333333334 0.153125 0.14791666666666667