0 0.32916666666666666 0.4552083333333333 0.06875 0.09791666666666667
0 0.3885416666666667 0.471875 0.03958333333333333 0.04375
0 0.259375 0.540625 0.115625 0.15625
0 0.3729166666666667 0.540625 0.05 0.06041666666666667
0 0.16666666666666666 0.5447916666666667 0.08333333333333333 0.13125
0 0.1125 0.5572916666666666 0.05 0.07291666666666667
0 0.5489583333333333 0.565625 0.06458333333333334 0.08125
0 0.35208333333333336 0.5864583333333333 0.06458333333333334 0.06458333333333334
0 0.6760416666666667 0.590625 0.15208333333333332 0.23125
0 0.33125 0.6479166666666667 0.075 0.1
0 0.5697916666666667 0.69375 0.08958333333333333 0.12916666666666668
0 0.31875 0.7302083333333333 0.09375 0.13125
0 0.13541666666666666 0.734375 0.17708333333333334 0.24791666666666667
0 0.26875 0.9125 0.1375 0.175