0 0.32916666666666666 0.4083333333333333 0.029166666666666667 0.05
0 0.40625 0.421875 0.028125 0.027083333333333334
0 0.6083333333333333 0.4270833333333333 0.052083333333333336 0.07916666666666666
0 0.28541666666666665 0.44583333333333336 0.040625 0.058333333333333334
0 0.33958333333333335 0.4552083333333333 0.03125 0.04375
0 0.39791666666666664 0.465625 0.029166666666666667 0.04791666666666667
0 0.30625 0.4864583333333333 0.034375 0.035416666666666666
0 0.390625 0.5052083333333334 0.0375 0.04791666666666667
0 0.309375 0.5177083333333333 0.04375 0.05625
0 0.19270833333333334 0.5229166666666667 0.08333333333333333 0.1125
0 0.36666666666666664 0.5875 0.06458333333333334 0.07083333333333333
0 0.23854166666666668 0.5947916666666667 0.10833333333333334 0.13541666666666666
0 0.10208333333333333 0.6052083333333333 0.10416666666666667 0.14375
0 0.9125 0.90625 0.175 0.1875
0 0.26666666666666666 0.9291666666666667 0.14270833333333333 0.140625
0 0.053125 0.8895833333333333 0.10625 0.21979166666666666
0 0.03229166666666667 0.703125 0.06458333333333334 0.16354166666666667