0 0.29583333333333334 0.4322916666666667 0.052083333333333336 0.07291666666666667
0 0.334375 0.44166666666666665 0.0625 0.09166666666666666
0 0.4979166666666667 0.446875 0.035416666666666666 0.03958333333333333
0 0.3885416666666667 0.471875 0.03958333333333333 0.04375
0 0.5916666666666667 0.49270833333333336 0.046875 0.07291666666666667
0 0.28541666666666665 0.5041666666666667 0.09166666666666666 0.13333333333333333
0 0.19791666666666666 0.5145833333333333 0.071875 0.10833333333333334
0 0.525 0.51875 0.046875 0.0625
0 0.3729166666666667 0.540625 0.05 0.06041666666666667
0 0.35208333333333336 0.5864583333333333 0.06458333333333334 0.06458333333333334
0 0.196875 0.6416666666666667 0.140625 0.1875
0 0.33125 0.6479166666666667 0.075 0.1
0 0.058333333333333334 0.6770833333333334 0.11666666666666667 0.32916666666666666
0 0.9260416666666667 0.7114583333333333 0.14791666666666667 0.16041666666666668
0 0.32916666666666666 0.7260416666666667 0.09375 0.13125
0 0.8791666666666667 0.8427083333333333 0.24166666666666667 0.3145833333333333
0 0.2916666666666667 0.8614583333333333 0.12708333333333333 0.15625