0 0.49583333333333335 0.43333333333333335 0.040625 0.05
0 0.5583333333333333 0.44583333333333336 0.05416666666666667 0.075
0 0.328125 0.4583333333333333 0.05 0.08333333333333333
0 0.23645833333333333 0.48125 0.06666666666666667 0.09166666666666666
0 0.646875 0.4895833333333333 0.04375 0.0625
0 0.5291666666666667 0.515625 0.053125 0.06458333333333334
0 0.378125 0.525 0.04375 0.06666666666666667
0 0.2864583333333333 0.5260416666666666 0.07291666666666667 0.10625
0 0.3572916666666667 0.6145833333333334 0.07083333333333333 0.09583333333333334
0 0.075 0.6333333333333333 0.15 0.24166666666666667
0 0.22916666666666666 0.6854166666666667 0.08541666666666667 0.09583333333333334
0 0.6260416666666667 0.7989583333333333 0.12083333333333333 0.18125
0 0.2833333333333333 0.8729166666666667 0.1375 0.18333333333333332