0 0.5708333333333333 0.4083333333333333 0.025 0.05416666666666667
0 0.41354166666666664 0.4125 0.022916666666666665 0.0375
0 0.31145833333333334 0.42083333333333334 0.04583333333333333 0.07916666666666666
0 0.5416666666666666 0.421875 0.0375 0.06041666666666667
0 0.4083333333333333 0.43645833333333334 0.029166666666666667 0.04375
0 0.28020833333333334 0.4375 0.058333333333333334 0.08333333333333333
0 0.33958333333333335 0.45625 0.04791666666666667 0.0375
0 0.39791666666666664 0.459375 0.029166666666666667 0.052083333333333336
0 0.38333333333333336 0.48020833333333335 0.034375 0.027083333333333334
0 0.31979166666666664 0.4947916666666667 0.041666666666666664 0.05625
0 0.37916666666666665 0.503125 0.040625 0.052083333333333336
0 0.525 0.5072916666666667 0.04375 0.07708333333333334
0 0.3020833333333333 0.534375 0.029166666666666667 0.08125
0 0.16041666666666668 0.5385416666666667 0.10208333333333333 0.13958333333333334
0 0.375 0.5520833333333334 0.046875 0.075
0 0.22708333333333333 0.55625 0.1375 0.1875
0 0.35104166666666664 0.5947916666666667 0.058333333333333334 0.07291666666666667
0 0.3302083333333333 0.65625 0.07708333333333334 0.11666666666666667
0 0.29791666666666666 0.740625 0.08333333333333333 0.11458333333333333
0 0.10208333333333333 0.7864583333333334 0.203125 0.4270833333333333
0 0.9208333333333333 0.7875 0.13958333333333334 0.18333333333333332
0 0.6833333333333333 0.9083333333333333 0.16041666666666668 0.18333333333333332