0 0.353125 0.3645833333333333 0.03125 0.04583333333333333
0 0.33125 0.396875 0.04375 0.06875
0 0.42291666666666666 0.40520833333333334 0.021875 0.027083333333333334
0 0.29583333333333334 0.4083333333333333 0.03333333333333333 0.0375
0 0.4041666666666667 0.41041666666666665 0.022916666666666665 0.029166666666666667
0 0.3625 0.4125 0.0375 0.05
0 0.396875 0.4322916666666667 0.03125 0.035416666666666666
0 0.3416666666666667 0.45 0.04791666666666667 0.07916666666666666
0 0.39895833333333336 0.45208333333333334 0.035416666666666666 0.04583333333333333
0 0.2760416666666667 0.4583333333333333 0.06041666666666667 0.0875
0 0.5854166666666667 0.465625 0.05416666666666667 0.09375
0 0.390625 0.475 0.040625 0.04583333333333333
0 0.3125 0.4979166666666667 0.046875 0.06666666666666667
0 0.36875 0.5260416666666666 0.053125 0.06875
0 0.215625 0.53125 0.059375 0.07083333333333333
0 0.27395833333333336 0.5666666666666667 0.06041666666666667 0.07916666666666666
0 0.6583333333333333 0.5958333333333333 0.075 0.09583333333333334
0 0.06666666666666667 0.6020833333333333 0.08333333333333333 0.09166666666666666
0 0.18125 0.7041666666666667 0.10625 0.12916666666666668
0 0.7791666666666667 0.7947916666666667 0.146875 0.17708333333333334
0 0.24791666666666667 0.8895833333333333 0.15208333333333332 0.22083333333333333
0 0.7229166666666667 0.9145833333333333 0.16458333333333333 0.17083333333333334