0 0.48333333333333334 0.3958333333333333 0.035416666666666666 0.041666666666666664
0 0.3145833333333333 0.403125 0.052083333333333336 0.08125
0 0.3541666666666667 0.4125 0.058333333333333334 0.0875
0 0.2833333333333333 0.41458333333333336 0.034375 0.05416666666666667
0 0.3958333333333333 0.43333333333333335 0.046875 0.058333333333333334
0 0.26979166666666665 0.4395833333333333 0.052083333333333336 0.075
0 0.40208333333333335 0.446875 0.040625 0.04791666666666667
0 0.328125 0.46041666666666664 0.078125 0.10416666666666667
0 0.23020833333333332 0.4666666666666667 0.052083333333333336 0.058333333333333334
0 0.39166666666666666 0.4791666666666667 0.05625 0.075
0 0.25104166666666666 0.48854166666666665 0.06666666666666667 0.07708333333333334
0 0.365625 0.5197916666666667 0.071875 0.08958333333333333
0 0.19791666666666666 0.53125 0.084375 0.11666666666666667
0 0.28958333333333336 0.53125 0.059375 0.07916666666666666
0 0.5395833333333333 0.5322916666666667 0.052083333333333336 0.06458333333333334
0 0.12604166666666666 0.5520833333333334 0.06666666666666667 0.0625
0 0.215625 0.6677083333333333 0.09375 0.10625
0 0.32916666666666666 0.6875 0.08958333333333333 0.1125
0 0.052083333333333336 0.7541666666666667 0.10416666666666667 0.13333333333333333