0 0.328125 0.4 0.034375 0.058333333333333334
0 0.36875 0.4041666666666667 0.0375 0.05416666666666667
0 0.409375 0.42604166666666665 0.028125 0.03958333333333333
0 0.5947916666666667 0.4354166666666667 0.041666666666666664 0.04583333333333333
0 0.403125 0.4666666666666667 0.0375 0.041666666666666664
0 0.22604166666666667 0.4791666666666667 0.11041666666666666 0.1625
0 0.29583333333333334 0.496875 0.09375 0.15208333333333332
0 0.17916666666666667 0.5041666666666667 0.041666666666666664 0.05
0 0.37395833333333334 0.525 0.052083333333333336 0.05416666666666667
0 0.35208333333333336 0.5927083333333333 0.06458333333333334 0.08125
0 0.11458333333333333 0.6302083333333334 0.121875 0.14375
0 0.21458333333333332 0.665625 0.09166666666666666 0.09791666666666667
0 0.33541666666666664 0.6916666666666667 0.0875 0.125
0 0.29583333333333334 0.8333333333333334 0.11458333333333333 0.14583333333333334