0 0.359375 0.40520833333333334 0.04375 0.06458333333333334
0 0.4010416666666667 0.4427083333333333 0.029166666666666667 0.03125
0 0.3260416666666667 0.45208333333333334 0.06666666666666667 0.1125
0 0.5052083333333334 0.4635416666666667 0.03958333333333333 0.05625
0 0.3927083333333333 0.48020833333333335 0.041666666666666664 0.05625
0 0.225 0.5052083333333334 0.071875 0.09791666666666667
0 0.37916666666666665 0.5114583333333333 0.046875 0.05625
0 0.2677083333333333 0.5333333333333333 0.08958333333333333 0.1125
0 0.7395833333333334 0.5447916666666667 0.12083333333333333 0.15208333333333332
0 0.15208333333333332 0.5708333333333333 0.090625 0.10416666666666667
0 0.5447916666666667 0.571875 0.058333333333333334 0.09791666666666667
0 0.35208333333333336 0.5989583333333334 0.058333333333333334 0.08125
0 0.04791666666666667 0.6427083333333333 0.09583333333333334 0.09375
0 0.325 0.7270833333333333 0.096875 0.11666666666666667
0 0.09791666666666667 0.815625 0.19583333333333333 0.36875