0 0.35625 0.40625 0.05 0.075
0 0.4979166666666667 0.43333333333333335 0.03333333333333333 0.041666666666666664
0 0.4010416666666667 0.4427083333333333 0.029166666666666667 0.03125
0 0.6239583333333333 0.44583333333333336 0.06458333333333334 0.08333333333333333
0 0.3145833333333333 0.4635416666666667 0.08125 0.12708333333333333
0 0.3885416666666667 0.490625 0.041666666666666664 0.05625
0 0.20729166666666668 0.5229166666666667 0.08333333333333333 0.09166666666666666
0 0.3729166666666667 0.525 0.053125 0.0625
0 0.5364583333333334 0.525 0.052083333333333336 0.07083333333333333
0 0.23958333333333334 0.559375 0.10833333333333334 0.13541666666666666
0 0.11666666666666667 0.603125 0.10416666666666667 0.11875
0 0.33958333333333335 0.6510416666666666 0.07708333333333334 0.09791666666666667
0 0.2989583333333333 0.8395833333333333 0.12291666666666666 0.15833333333333333
0 0.8885416666666667 0.8916666666666667 0.18333333333333332 0.21666666666666667