0 0.5395833333333333 0.4197916666666667 0.028125 0.04791666666666667
0 0.296875 0.42291666666666666 0.028125 0.0375
0 0.35520833333333335 0.4427083333333333 0.029166666666666667 0.035416666666666666
0 0.49583333333333335 0.44375 0.03333333333333333 0.05
0 0.40208333333333335 0.4510416666666667 0.029166666666666667 0.03958333333333333
0 0.5604166666666667 0.4625 0.035416666666666666 0.041666666666666664
0 0.3333333333333333 0.48020833333333335 0.0375 0.05625
0 0.20520833333333333 0.4979166666666667 0.10208333333333333 0.13333333333333333
0 0.28541666666666665 0.5166666666666667 0.065625 0.09583333333333334
0 0.396875 0.528125 0.05 0.06875
0 0.7270833333333333 0.5760416666666667 0.071875 0.08958333333333333
0 0.5572916666666666 0.578125 0.06666666666666667 0.09375
0 0.21666666666666667 0.6083333333333333 0.109375 0.14583333333333334
0 0.3302083333333333 0.6270833333333333 0.07708333333333334 0.09166666666666666
0 0.071875 0.6375 0.14375 0.225
0 0.3104166666666667 0.7458333333333333 0.09166666666666666 0.1125
0 0.09270833333333334 0.8291666666666667 0.18541666666666667 0.3416666666666667
0 0.23333333333333334 0.93125 0.14791666666666667 0.1375