0 0.278125 0.44583333333333336 0.065625 0.09166666666666666
0 0.3333333333333333 0.47604166666666664 0.035416666666666666 0.04791666666666667
0 0.21458333333333332 0.4864583333333333 0.10833333333333334 0.12291666666666666
0 0.30416666666666664 0.509375 0.04375 0.052083333333333336
0 0.37395833333333334 0.5125 0.04583333333333333 0.0625
0 0.27708333333333335 0.5572916666666666 0.05416666666666667 0.07708333333333334
0 0.3729166666666667 0.5583333333333333 0.052083333333333336 0.07083333333333333
0 0.34375 0.6104166666666667 0.0625 0.08333333333333333
0 0.16666666666666666 0.6375 0.19791666666666666 0.25833333333333336
0 0.3229166666666667 0.6895833333333333 0.09791666666666667 0.13333333333333333
0 0.27395833333333336 0.8302083333333333 0.12708333333333333 0.17708333333333334