0 0.5354166666666667 0.4041666666666667 0.040625 0.075
0 0.29791666666666666 0.4125 0.0625 0.08333333333333333
0 0.409375 0.4239583333333333 0.028125 0.03958333333333333
0 0.4947916666666667 0.4427083333333333 0.022916666666666665 0.035416666666666666
0 0.403125 0.4583333333333333 0.0375 0.041666666666666664
0 0.24166666666666667 0.46770833333333334 0.07916666666666666 0.13541666666666666
0 0.3072916666666667 0.47604166666666664 0.07708333333333334 0.12708333333333333
0 0.6354166666666666 0.484375 0.0625 0.06875
0 0.38333333333333336 0.5 0.046875 0.05416666666666667
0 0.36354166666666665 0.5739583333333333 0.06458333333333334 0.08125
0 0.14791666666666667 0.5916666666666667 0.10208333333333333 0.12916666666666668
0 0.25416666666666665 0.5958333333333333 0.078125 0.08333333333333333
0 0.33958333333333335 0.6677083333333333 0.07916666666666666 0.11041666666666666
0 0.303125 0.8104166666666667 0.10625 0.14583333333333334