0 0.27708333333333335 0.44479166666666664 0.052083333333333336 0.07291666666666667
0 0.3229166666666667 0.46145833333333336 0.06875 0.09791666666666667
0 0.3885416666666667 0.471875 0.03958333333333333 0.04375
0 0.5239583333333333 0.4979166666666667 0.04583333333333333 0.05416666666666667
0 0.6302083333333334 0.5270833333333333 0.12083333333333333 0.16666666666666666
0 0.3729166666666667 0.540625 0.05 0.06041666666666667
0 0.2520833333333333 0.5489583333333333 0.115625 0.16458333333333333
0 0.14583333333333334 0.5604166666666667 0.09166666666666666 0.1375
0 0.5354166666666667 0.5708333333333333 0.06458333333333334 0.08333333333333333
0 0.35208333333333336 0.5864583333333333 0.06458333333333334 0.06458333333333334
0 0.06354166666666666 0.6010416666666667 0.07708333333333334 0.07708333333333334
0 0.33125 0.6479166666666667 0.075 0.1
0 0.31875 0.7302083333333333 0.09375 0.13125
0 0.09895833333333333 0.778125 0.19791666666666666 0.28125
0 0.2635416666666667 0.9239583333333333 0.14583333333333334 0.14791666666666667