0 0.5604166666666667 0.3927083333333333 0.0375 0.06041666666666667
0 0.5177083333333333 0.42291666666666666 0.027083333333333334 0.041666666666666664
0 0.3333333333333333 0.44479166666666664 0.06458333333333334 0.10625
0 0.49895833333333334 0.44479166666666664 0.029166666666666667 0.052083333333333336
0 0.4041666666666667 0.45208333333333334 0.027083333333333334 0.0375
0 0.27291666666666664 0.45729166666666665 0.04583333333333333 0.07291666666666667
0 0.390625 0.48125 0.034375 0.04583333333333333
0 0.5364583333333334 0.5145833333333333 0.04583333333333333 0.06666666666666667
0 0.22291666666666668 0.5770833333333333 0.159375 0.23333333333333334
0 0.3489583333333333 0.5958333333333333 0.07291666666666667 0.1
0 0.07083333333333333 0.6604166666666667 0.14166666666666666 0.175
0 0.31354166666666666 0.690625 0.08958333333333333 0.11458333333333333
0 0.615625 0.7958333333333333 0.115625 0.1875
0 0.878125 0.86875 0.24375 0.2625
0 0.2635416666666667 0.9135416666666667 0.13333333333333333 0.17291666666666666