0 0.5479166666666667 0.44583333333333336 0.0375 0.04583333333333333
0 0.2635416666666667 0.4510416666666667 0.08333333333333333 0.10625
0 0.3229166666666667 0.475 0.06666666666666667 0.09583333333333334
0 0.38333333333333336 0.48125 0.04375 0.04583333333333333
0 0.5916666666666667 0.49375 0.05416666666666667 0.0625
0 0.5270833333333333 0.5135416666666667 0.05416666666666667 0.07708333333333334
0 0.18333333333333332 0.5166666666666667 0.12916666666666668 0.15
0 0.3770833333333333 0.53125 0.04791666666666667 0.06041666666666667
0 0.7145833333333333 0.553125 0.06041666666666667 0.10625
0 0.10833333333333334 0.5604166666666667 0.052083333333333336 0.07083333333333333
0 0.6635416666666667 0.6114583333333333 0.07708333333333334 0.10625
0 0.12291666666666666 0.6229166666666667 0.08333333333333333 0.1
0 0.334375 0.63125 0.071875 0.103125
0 0.17708333333333334 0.6885416666666667 0.1875 0.24375
0 0.6375 0.8427083333333333 0.134375 0.22291666666666668
0 0.042708333333333334 0.9177083333333333 0.08541666666666667 0.16458333333333333
0 0.25104166666666666 0.9552083333333333 0.13020833333333334 0.08958333333333333