0 0.471875 0.36041666666666666 0.015625 0.020833333333333332
0 0.49583333333333335 0.3614583333333333 0.015625 0.022916666666666665
0 0.3375 0.38125 0.040625 0.05416666666666667
0 0.42291666666666666 0.40520833333333334 0.025 0.027083333333333334
0 0.36875 0.40625 0.03125 0.05
0 0.49166666666666664 0.41041666666666665 0.027083333333333334 0.0375
0 0.30416666666666664 0.41458333333333336 0.058333333333333334 0.07916666666666666
0 0.4041666666666667 0.41458333333333336 0.028125 0.03333333333333333
0 0.3541666666666667 0.4270833333333333 0.035416666666666666 0.05
0 0.3958333333333333 0.43333333333333335 0.028125 0.041666666666666664
0 0.26979166666666665 0.434375 0.03333333333333333 0.03958333333333333
0 0.34791666666666665 0.4479166666666667 0.03125 0.0375
0 0.23541666666666666 0.459375 0.04583333333333333 0.04375
0 0.39791666666666664 0.46458333333333335 0.035416666666666666 0.041666666666666664
0 0.3229166666666667 0.478125 0.058333333333333334 0.09791666666666667
0 0.38333333333333336 0.5020833333333333 0.052083333333333336 0.06666666666666667
0 0.16458333333333333 0.50625 0.06666666666666667 0.08333333333333333
0 0.215625 0.5177083333333333 0.053125 0.07291666666666667
0 0.5458333333333333 0.54375 0.05625 0.075
0 0.26458333333333334 0.5604166666666667 0.06666666666666667 0.08333333333333333
0 0.14479166666666668 0.571875 0.12291666666666666 0.15208333333333332
0 0.34791666666666665 0.5760416666666667 0.06666666666666667 0.08125
0 0.6229166666666667 0.7802083333333333 0.10208333333333333 0.16458333333333333
0 0.140625 0.7822916666666667 0.134375 0.17291666666666666
0 0.2708333333333333 0.8854166666666666 0.146875 0.17916666666666667