0 0.4875 0.39375 0.021875 0.025
0 0.5333333333333333 0.40729166666666666 0.028125 0.052083333333333336
0 0.5958333333333333 0.421875 0.053125 0.08125
0 0.4979166666666667 0.428125 0.028125 0.04375
0 0.33958333333333335 0.43125 0.058333333333333334 0.09583333333333334
0 0.40520833333333334 0.43854166666666666 0.027083333333333334 0.03125
0 0.39166666666666666 0.4666666666666667 0.027083333333333334 0.041666666666666664
0 0.5604166666666667 0.5166666666666667 0.05416666666666667 0.10416666666666667
0 0.2552083333333333 0.5322916666666667 0.12291666666666666 0.19791666666666666
0 0.3645833333333333 0.5645833333333333 0.0625 0.07916666666666666
0 0.11770833333333333 0.5958333333333333 0.08333333333333333 0.125
0 0.5520833333333334 0.60625 0.06666666666666667 0.11666666666666667
0 0.328125 0.6322916666666667 0.0875 0.09791666666666667
0 0.103125 0.7604166666666666 0.20625 0.29583333333333334
0 0.27291666666666664 0.875 0.134375 0.16666666666666666