0 0.503125 0.3645833333333333 0.025 0.04583333333333333
0 0.35 0.37395833333333334 0.03125 0.04791666666666667
0 0.4822916666666667 0.39479166666666665 0.020833333333333332 0.022916666666666665
0 0.36666666666666664 0.40520833333333334 0.029166666666666667 0.04375
0 0.4 0.40729166666666666 0.025 0.01875
0 0.32083333333333336 0.41354166666666664 0.03333333333333333 0.04375
0 0.39791666666666664 0.42916666666666664 0.028125 0.029166666666666667
0 0.3489583333333333 0.4354166666666667 0.035416666666666666 0.0625
0 0.30416666666666664 0.4375 0.027083333333333334 0.03333333333333333
0 0.403125 0.45 0.03125 0.03333333333333333
0 0.23958333333333334 0.4625 0.034375 0.03333333333333333
0 0.32916666666666666 0.46770833333333334 0.0375 0.052083333333333336
0 0.39166666666666666 0.46875 0.034375 0.041666666666666664
0 0.271875 0.4791666666666667 0.034375 0.041666666666666664
0 0.378125 0.4947916666666667 0.0375 0.052083333333333336
0 0.17604166666666668 0.5208333333333334 0.12083333333333333 0.14166666666666666
0 0.29270833333333335 0.5229166666666667 0.04791666666666667 0.0625
0 0.36875 0.534375 0.053125 0.07291666666666667
0 0.253125 0.6010416666666667 0.0625 0.07708333333333334
0 0.06041666666666667 0.6791666666666667 0.12083333333333333 0.2708333333333333
0 0.3302083333333333 0.725 0.08958333333333333 0.12083333333333333
0 0.790625 0.7760416666666666 0.134375 0.15625
0 0.13958333333333334 0.7916666666666666 0.11875 0.15416666666666667
0 0.20729166666666668 0.95625 0.15416666666666667 0.0875