0 0.3572916666666667 0.41458333333333336 0.052083333333333336 0.08333333333333333
0 0.30520833333333336 0.41875 0.06041666666666667 0.08333333333333333
0 0.39791666666666664 0.45416666666666666 0.034375 0.0375
0 0.21979166666666666 0.47604166666666664 0.027083333333333334 0.035416666666666666
0 0.33541666666666664 0.478125 0.040625 0.03958333333333333
0 0.25416666666666665 0.484375 0.05416666666666667 0.07708333333333334
0 0.6427083333333333 0.48541666666666666 0.058333333333333334 0.08333333333333333
0 0.3875 0.4895833333333333 0.040625 0.04583333333333333
0 0.371875 0.5604166666666667 0.05625 0.075
0 0.18020833333333333 0.5625 0.07916666666666666 0.1
0 0.24583333333333332 0.6083333333333333 0.07083333333333333 0.07916666666666666
0 0.34375 0.6604166666666667 0.075 0.1
0 0.5697916666666667 0.6697916666666667 0.07916666666666666 0.10625
0 0.13125 0.7739583333333333 0.10625 0.11875
0 0.2625 0.9072916666666667 0.13125 0.17291666666666666
0 0.06875 0.940625 0.13333333333333333 0.11770833333333333
0 0.028125 0.7291666666666666 0.05625 0.2