0 0.6104166666666667 0.42604166666666665 0.05416666666666667 0.08125
0 0.55 0.428125 0.053125 0.08125
0 0.32708333333333334 0.45416666666666666 0.05625 0.07916666666666666
0 0.5125 0.471875 0.03125 0.05625
0 0.38958333333333334 0.475 0.034375 0.0375
0 0.6020833333333333 0.49270833333333336 0.075 0.11041666666666666
0 0.38333333333333336 0.5083333333333333 0.041666666666666664 0.041666666666666664
0 0.203125 0.5229166666666667 0.078125 0.1125
0 0.265625 0.54375 0.121875 0.1625
0 0.36770833333333336 0.553125 0.05416666666666667 0.06458333333333334
0 0.13125 0.5739583333333333 0.109375 0.11458333333333333
0 0.5479166666666667 0.6104166666666667 0.06666666666666667 0.09166666666666666
0 0.33541666666666664 0.6333333333333333 0.07083333333333333 0.08333333333333333
0 0.30520833333333336 0.7395833333333334 0.10208333333333333 0.12916666666666668
0 0.11041666666666666 0.809375 0.22083333333333333 0.38125
0 0.6708333333333333 0.9010416666666666 0.13541666666666666 0.19791666666666666