0 0.5791666666666667 0.40625 0.04375 0.06666666666666667
0 0.4895833333333333 0.40729166666666666 0.021875 0.03958333333333333
0 0.33645833333333336 0.43020833333333336 0.06458333333333334 0.09375
0 0.40625 0.440625 0.025 0.03125
0 0.5375 0.4635416666666667 0.034375 0.052083333333333336
0 0.39375 0.4739583333333333 0.034375 0.03958333333333333
0 0.5177083333333333 0.5010416666666667 0.03958333333333333 0.06875
0 0.24270833333333333 0.5510416666666667 0.14166666666666666 0.20625
0 0.3572916666666667 0.575 0.06666666666666667 0.0875
0 0.09479166666666666 0.628125 0.13541666666666666 0.15625
0 0.3260416666666667 0.6604166666666667 0.07916666666666666 0.1
0 0.6020833333333333 0.6833333333333333 0.0875 0.13333333333333333
0 0.08958333333333333 0.8135416666666667 0.17916666666666667 0.3145833333333333
0 0.26979166666666665 0.8989583333333333 0.13333333333333333 0.16875