0 0.5520833333333334 0.4395833333333333 0.034375 0.04583333333333333
0 0.27395833333333336 0.465625 0.04791666666666667 0.06041666666666667
0 0.32708333333333334 0.4739583333333333 0.040625 0.03958333333333333
0 0.3958333333333333 0.49166666666666664 0.040625 0.05
0 0.5333333333333333 0.5270833333333333 0.05416666666666667 0.0625
0 0.30416666666666664 0.53125 0.040625 0.06666666666666667
0 0.3770833333333333 0.5322916666666667 0.04791666666666667 0.05625
0 0.24583333333333332 0.5625 0.09166666666666666 0.125
0 0.3729166666666667 0.5697916666666667 0.05 0.05625
0 0.09583333333333334 0.5770833333333333 0.153125 0.17083333333333334
0 0.690625 0.6125 0.09375 0.16666666666666666
0 0.38229166666666664 0.6135416666666667 0.06666666666666667 0.08541666666666667
0 0.5604166666666667 0.61875 0.071875 0.10833333333333334
0 0.19583333333333333 0.640625 0.11666666666666667 0.16041666666666668
0 0.035416666666666666 0.6833333333333333 0.07083333333333333 0.1875
0 0.3125 0.6916666666666667 0.090625 0.10416666666666667
0 0.29375 0.8083333333333333 0.1 0.125
0 0.09166666666666666 0.8291666666666667 0.18333333333333332 0.3416666666666667
0 0.23333333333333334 0.940625 0.14791666666666667 0.11770833333333333