0 0.49583333333333335 0.41458333333333336 0.022916666666666665 0.0375
0 0.3489583333333333 0.4197916666666667 0.04791666666666667 0.06041666666666667
0 0.403125 0.42083333333333334 0.028125 0.029166666666666667
0 0.284375 0.43333333333333335 0.059375 0.07916666666666666
0 0.40208333333333335 0.44895833333333335 0.034375 0.035416666666666666
0 0.3416666666666667 0.45208333333333334 0.03333333333333333 0.0375
0 0.23229166666666667 0.4625 0.08541666666666667 0.09583333333333334
0 0.39166666666666666 0.46875 0.035416666666666666 0.04583333333333333
0 0.32916666666666666 0.4739583333333333 0.0375 0.052083333333333336
0 0.5083333333333333 0.478125 0.0375 0.06875
0 0.37916666666666665 0.4791666666666667 0.034375 0.025
0 0.3104166666666667 0.5010416666666667 0.04583333333333333 0.052083333333333336
0 0.37604166666666666 0.509375 0.04583333333333333 0.052083333333333336
0 0.2791666666666667 0.546875 0.04791666666666667 0.07291666666666667
0 0.37083333333333335 0.5552083333333333 0.04583333333333333 0.06875
0 0.34791666666666665 0.6072916666666667 0.065625 0.08125
0 0.18958333333333333 0.6177083333333333 0.196875 0.23958333333333334
0 0.3229166666666667 0.6739583333333333 0.09375 0.11458333333333333
0 0.04895833333333333 0.6770833333333334 0.09791666666666667 0.24583333333333332
0 0.28541666666666665 0.7927083333333333 0.11875 0.14375