0 0.50625 0.36875 0.025 0.04583333333333333
0 0.35 0.37395833333333334 0.03125 0.04791666666666667
0 0.36666666666666664 0.40520833333333334 0.029166666666666667 0.04375
0 0.4 0.40729166666666666 0.025 0.01875
0 0.4864583333333333 0.40729166666666666 0.020833333333333332 0.022916666666666665
0 0.32083333333333336 0.41354166666666664 0.03333333333333333 0.04375
0 0.39791666666666664 0.42916666666666664 0.028125 0.029166666666666667
0 0.30833333333333335 0.43125 0.027083333333333334 0.03333333333333333
0 0.3489583333333333 0.4354166666666667 0.035416666666666666 0.0625
0 0.2520833333333333 0.45 0.034375 0.03333333333333333
0 0.403125 0.45 0.03125 0.03333333333333333
0 0.32916666666666666 0.46770833333333334 0.0375 0.052083333333333336
0 0.39166666666666666 0.46875 0.034375 0.041666666666666664
0 0.271875 0.4791666666666667 0.034375 0.041666666666666664
0 0.378125 0.4947916666666667 0.0375 0.052083333333333336
0 0.2989583333333333 0.5177083333333333 0.04791666666666667 0.05625
0 0.17604166666666668 0.5208333333333334 0.12083333333333333 0.14166666666666666
0 0.36875 0.534375 0.053125 0.07291666666666667
0 0.259375 0.5947916666666667 0.0625 0.07708333333333334
0 0.06875 0.6645833333333333 0.1375 0.2375
0 0.33541666666666664 0.6979166666666666 0.08333333333333333 0.10833333333333334
0 0.16041666666666668 0.759375 0.10833333333333334 0.14375
0 0.23125 0.93125 0.1375 0.1375
0 0.9208333333333333 0.9416666666666667 0.15833333333333333 0.11666666666666667