0 0.525 0.4197916666666667 0.0375 0.04375
0 0.35833333333333334 0.4375 0.027083333333333334 0.03333333333333333
0 0.39791666666666664 0.4479166666666667 0.03333333333333333 0.05
0 0.525 0.4822916666666667 0.04375 0.05625
0 0.328125 0.49166666666666664 0.034375 0.05416666666666667
0 0.26666666666666666 0.5145833333333333 0.1 0.15
0 0.3854166666666667 0.5208333333333334 0.04375 0.0625
0 0.359375 0.5708333333333333 0.053125 0.06666666666666667
0 0.14895833333333333 0.64375 0.25416666666666665 0.31666666666666665
0 0.33125 0.6625 0.08125 0.1375
0 0.296875 0.7541666666666667 0.1 0.15833333333333333
0 0.06979166666666667 0.859375 0.13958333333333334 0.27708333333333335
0 0.26666666666666666 0.90625 0.15 0.1875