0 0.28020833333333334 0.4375 0.06458333333333334 0.09583333333333334
0 0.39166666666666666 0.44895833333333335 0.034375 0.04375
0 0.6104166666666667 0.45416666666666666 0.03333333333333333 0.0375
0 0.23229166666666667 0.459375 0.04583333333333333 0.03958333333333333
0 0.3416666666666667 0.46041666666666664 0.03333333333333333 0.041666666666666664
0 0.58125 0.49270833333333336 0.05 0.06458333333333334
0 0.22083333333333333 0.49583333333333335 0.040625 0.04583333333333333
0 0.51875 0.503125 0.0375 0.05625
0 0.30104166666666665 0.5072916666666667 0.07708333333333334 0.11041666666666666
0 0.384375 0.5104166666666666 0.046875 0.05416666666666667
0 0.128125 0.5489583333333333 0.065625 0.07291666666666667
0 0.346875 0.5885416666666666 0.0625 0.08125
0 0.13541666666666666 0.596875 0.07291666666666667 0.09375
0 0.5479166666666667 0.6041666666666666 0.06666666666666667 0.1125
0 0.6854166666666667 0.6260416666666667 0.10208333333333333 0.16875
0 0.20833333333333334 0.6458333333333334 0.084375 0.10416666666666667
0 0.5739583333333333 0.7552083333333334 0.09583333333333334 0.13541666666666666
0 0.18020833333333333 0.790625 0.15416666666666667 0.13958333333333334
0 0.9239583333333333 0.8416666666666667 0.14166666666666666 0.2