0 0.35833333333333334 0.409375 0.046875 0.06875
0 0.2989583333333333 0.42916666666666664 0.04583333333333333 0.06666666666666667
0 0.39895833333333336 0.440625 0.03333333333333333 0.04375
0 0.3229166666666667 0.453125 0.065625 0.08541666666666667
0 0.26458333333333334 0.45416666666666666 0.053125 0.08333333333333333
0 0.3885416666666667 0.49166666666666664 0.041666666666666664 0.05
0 0.290625 0.51875 0.065625 0.09583333333333334
0 0.159375 0.5270833333333333 0.14375 0.1875
0 0.5354166666666667 0.53125 0.053125 0.07916666666666666
0 0.3729166666666667 0.5322916666666667 0.05 0.06041666666666667
0 0.3489583333333333 0.5875 0.058333333333333334 0.06666666666666667
0 0.33125 0.6458333333333334 0.075 0.1
0 0.053125 0.696875 0.10625 0.24375
0 0.32708333333333334 0.7177083333333333 0.08541666666666667 0.12708333333333333
0 0.6135416666666667 0.7520833333333333 0.11041666666666666 0.1625
0 0.29375 0.8375 0.1125 0.15