0 0.35104166666666664 0.4166666666666667 0.04583333333333333 0.07083333333333333
0 0.5020833333333333 0.4322916666666667 0.027083333333333334 0.035416666666666666
0 0.39791666666666664 0.446875 0.029166666666666667 0.03125
0 0.30104166666666665 0.47604166666666664 0.07916666666666666 0.13125
0 0.3802083333333333 0.509375 0.04791666666666667 0.06458333333333334
0 0.60625 0.51875 0.05 0.0875
0 0.17916666666666667 0.5385416666666667 0.09583333333333334 0.09791666666666667
0 0.35833333333333334 0.55625 0.05416666666666667 0.07083333333333333
0 0.20520833333333333 0.6041666666666666 0.12916666666666668 0.17083333333333334
0 0.5666666666666667 0.621875 0.07083333333333333 0.11041666666666666
0 0.8572916666666667 0.6416666666666667 0.19583333333333333 0.25
0 0.065625 0.6479166666666667 0.128125 0.1375
0 0.32395833333333335 0.7072916666666667 0.08541666666666667 0.11458333333333333
0 0.7541666666666667 0.7197916666666667 0.15208333333333332 0.2520833333333333