0 0.29270833333333335 0.415625 0.05416666666666667 0.08125
0 0.6020833333333333 0.4322916666666667 0.03958333333333333 0.04375
0 0.5479166666666667 0.44166666666666665 0.034375 0.05
0 0.5020833333333333 0.4479166666666667 0.035416666666666666 0.04583333333333333
0 0.3333333333333333 0.45 0.04583333333333333 0.07083333333333333
0 0.6375 0.46979166666666666 0.05 0.06041666666666667
0 0.3958333333333333 0.47291666666666665 0.034375 0.04583333333333333
0 0.23229166666666667 0.478125 0.08333333333333333 0.12708333333333333
0 0.5770833333333333 0.4947916666666667 0.046875 0.06875
0 0.36875 0.5239583333333333 0.046875 0.06875
0 0.159375 0.528125 0.059375 0.06458333333333334
0 0.6375 0.5666666666666667 0.0625 0.08333333333333333
0 0.5364583333333334 0.5739583333333333 0.05416666666666667 0.08125
0 0.2375 0.5927083333333333 0.11875 0.16458333333333333
0 0.771875 0.5947916666666667 0.084375 0.12708333333333333
0 0.3333333333333333 0.66875 0.07291666666666667 0.0875
0 0.10208333333333333 0.671875 0.07291666666666667 0.08958333333333333
0 0.6520833333333333 0.8739583333333333 0.14375 0.20625