0 0.35208333333333336 0.4239583333333333 0.058333333333333334 0.07708333333333334
0 0.5020833333333333 0.44375 0.028125 0.041666666666666664
0 0.3958333333333333 0.453125 0.03958333333333333 0.04375
0 0.315625 0.4666666666666667 0.08125 0.10416666666666667
0 0.24791666666666667 0.48020833333333335 0.06041666666666667 0.09791666666666667
0 0.38958333333333334 0.4979166666666667 0.041666666666666664 0.05
0 0.5333333333333333 0.5041666666666667 0.046875 0.0625
0 0.3729166666666667 0.540625 0.05 0.06041666666666667
0 0.2625 0.5583333333333333 0.090625 0.11666666666666667
0 0.115625 0.56875 0.178125 0.225
0 0.35208333333333336 0.5864583333333333 0.06458333333333334 0.06458333333333334
0 0.33125 0.6479166666666667 0.075 0.1
0 0.32916666666666666 0.7177083333333333 0.08541666666666667 0.12708333333333333
0 0.6333333333333333 0.81875 0.12708333333333333 0.2125
0 0.290625 0.8395833333333333 0.1125 0.15
0 0.8895833333333333 0.8833333333333333 0.1625 0.23333333333333334