0 0.36666666666666664 0.4010416666666667 0.041666666666666664 0.06875
0 0.31354166666666666 0.40625 0.04583333333333333 0.075
0 0.4041666666666667 0.4375 0.034375 0.0375
0 0.24895833333333334 0.44895833333333335 0.027083333333333334 0.035416666666666666
0 0.34791666666666665 0.44895833333333335 0.03333333333333333 0.04375
0 0.5770833333333333 0.453125 0.04791666666666667 0.08125
0 0.39479166666666665 0.46979166666666666 0.03333333333333333 0.04375
0 0.2677083333333333 0.4708333333333333 0.04791666666666667 0.06666666666666667
0 0.20625 0.528125 0.065625 0.09375
0 0.378125 0.5354166666666667 0.046875 0.07083333333333333
0 0.27708333333333335 0.55 0.058333333333333334 0.07083333333333333
0 0.353125 0.6239583333333333 0.065625 0.08958333333333333
0 0.20520833333333333 0.6552083333333333 0.07708333333333334 0.08125
0 0.053125 0.6739583333333333 0.10625 0.18125
0 0.8583333333333333 0.6958333333333333 0.128125 0.1875
0 0.16666666666666666 0.7729166666666667 0.115625 0.125
0 0.2916666666666667 0.809375 0.11458333333333333 0.13958333333333334