0 0.31666666666666665 0.4322916666666667 0.029166666666666667 0.03958333333333333
0 0.5645833333333333 0.434375 0.035416666666666666 0.03958333333333333
0 0.35 0.43645833333333334 0.03125 0.035416666666666666
0 0.39791666666666664 0.44583333333333336 0.034375 0.0375
0 0.28541666666666665 0.4510416666666667 0.04583333333333333 0.05625
0 0.503125 0.45625 0.034375 0.04583333333333333
0 0.33229166666666665 0.46770833333333334 0.03958333333333333 0.03958333333333333
0 0.578125 0.47708333333333336 0.046875 0.07083333333333333
0 0.39791666666666664 0.4822916666666667 0.040625 0.03958333333333333
0 0.31666666666666665 0.49895833333333334 0.041666666666666664 0.04375
0 0.221875 0.5072916666666667 0.040625 0.03958333333333333
0 0.378125 0.5229166666666667 0.04375 0.05
0 0.30416666666666664 0.53125 0.040625 0.06666666666666667
0 0.24479166666666666 0.56875 0.09166666666666666 0.125
0 0.3729166666666667 0.56875 0.04583333333333333 0.05416666666666667
0 0.10625 0.56875 0.153125 0.17083333333333334
0 0.38229166666666664 0.6135416666666667 0.06666666666666667 0.08541666666666667
0 0.19583333333333333 0.640625 0.11666666666666667 0.16041666666666668
0 0.035416666666666666 0.6833333333333333 0.07083333333333333 0.1875
0 0.3104166666666667 0.6916666666666667 0.09583333333333334 0.10416666666666667
0 0.5989583333333334 0.696875 0.08958333333333333 0.11875
0 0.2916666666666667 0.8083333333333333 0.10416666666666667 0.125
0 0.09166666666666666 0.8291666666666667 0.18333333333333332 0.3416666666666667
0 0.228125 0.9416666666666667 0.15 0.11666666666666667
0 0.6760416666666667 0.9447916666666667 0.13958333333333334 0.11041666666666666