0 0.50625 0.36875 0.025 0.04583333333333333
0 0.35 0.37395833333333334 0.03125 0.04791666666666667
0 0.36666666666666664 0.40520833333333334 0.029166666666666667 0.04375
0 0.4 0.40729166666666666 0.025 0.01875
0 0.32083333333333336 0.41354166666666664 0.03333333333333333 0.04375
0 0.4895833333333333 0.41354166666666664 0.020833333333333332 0.022916666666666665
0 0.39791666666666664 0.42916666666666664 0.028125 0.029166666666666667
0 0.30833333333333335 0.43125 0.027083333333333334 0.03333333333333333
0 0.3489583333333333 0.4354166666666667 0.035416666666666666 0.0625
0 0.259375 0.44166666666666665 0.034375 0.03333333333333333
0 0.403125 0.45 0.03125 0.03333333333333333
0 0.32916666666666666 0.46770833333333334 0.0375 0.052083333333333336
0 0.39166666666666666 0.46875 0.034375 0.041666666666666664
0 0.27291666666666664 0.475 0.034375 0.041666666666666664
0 0.378125 0.4947916666666667 0.0375 0.052083333333333336
0 0.1875 0.5125 0.1125 0.13333333333333333
0 0.2989583333333333 0.5177083333333333 0.04791666666666667 0.05625
0 0.371875 0.5208333333333334 0.046875 0.0625
0 0.2625 0.590625 0.0625 0.07708333333333334
0 0.07291666666666667 0.6489583333333333 0.14583333333333334 0.24375
0 0.3416666666666667 0.6895833333333333 0.08333333333333333 0.10833333333333334
0 0.17083333333333334 0.7489583333333333 0.10833333333333334 0.14375
0 0.240625 0.915625 0.128125 0.16041666666666668