0 0.3145833333333333 0.4083333333333333 0.04583333333333333 0.07916666666666666
0 0.3541666666666667 0.42083333333333334 0.03958333333333333 0.05416666666666667
0 0.2677083333333333 0.43333333333333335 0.029166666666666667 0.0375
0 0.3958333333333333 0.43333333333333335 0.046875 0.058333333333333334
0 0.40208333333333335 0.4552083333333333 0.040625 0.04791666666666667
0 0.33229166666666665 0.46458333333333335 0.058333333333333334 0.08333333333333333
0 0.21354166666666666 0.475 0.052083333333333336 0.058333333333333334
0 0.39166666666666666 0.4791666666666667 0.05625 0.075
0 0.24583333333333332 0.4875 0.0375 0.0625
0 0.5291666666666667 0.5125 0.040625 0.0625
0 0.3729166666666667 0.521875 0.053125 0.06458333333333334
0 0.284375 0.53125 0.05625 0.075
0 0.18958333333333333 0.540625 0.07916666666666666 0.11041666666666666
0 0.1125 0.5604166666666667 0.065625 0.06666666666666667
0 0.20729166666666668 0.671875 0.08541666666666667 0.10208333333333333
0 0.321875 0.70625 0.090625 0.11666666666666667
0 0.04375 0.7729166666666667 0.0875 0.13333333333333333
0 0.7052083333333333 0.925 0.17916666666666667 0.15