0 0.5458333333333333 0.42916666666666664 0.034375 0.04583333333333333
0 0.3958333333333333 0.49166666666666664 0.04375 0.041666666666666664
0 0.5229166666666667 0.49895833333333334 0.05 0.052083333333333336
0 0.31354166666666666 0.5041666666666667 0.03958333333333333 0.041666666666666664
0 0.30416666666666664 0.53125 0.040625 0.06666666666666667
0 0.37604166666666666 0.534375 0.052083333333333336 0.05625
0 0.20104166666666667 0.5385416666666667 0.04583333333333333 0.05625
0 0.6458333333333334 0.5489583333333333 0.07916666666666666 0.13958333333333334
0 0.24583333333333332 0.5625 0.09166666666666666 0.125
0 0.37395833333333334 0.56875 0.04791666666666667 0.05416666666666667
0 0.5479166666666667 0.5697916666666667 0.06041666666666667 0.08958333333333333
0 0.09375 0.5770833333333333 0.153125 0.17083333333333334
0 0.38229166666666664 0.6135416666666667 0.06666666666666667 0.08541666666666667
0 0.19479166666666667 0.6427083333333333 0.12083333333333333 0.16458333333333333
0 0.035416666666666666 0.6833333333333333 0.07083333333333333 0.1875
0 0.3104166666666667 0.6947916666666667 0.09375 0.11041666666666666
0 0.2916666666666667 0.809375 0.10416666666666667 0.12708333333333333
0 0.09166666666666666 0.8291666666666667 0.18333333333333332 0.3416666666666667
0 0.228125 0.9416666666666667 0.15 0.11666666666666667
0 0.65625 0.903125 0.14791666666666667 0.19270833333333334