0 0.3697916666666667 0.415625 0.029166666666666667 0.03125
0 0.309375 0.4322916666666667 0.034375 0.052083333333333336
0 0.40208333333333335 0.43854166666666666 0.03333333333333333 0.03958333333333333
0 0.25833333333333336 0.48020833333333335 0.046875 0.07291666666666667
0 0.5770833333333333 0.48020833333333335 0.03958333333333333 0.05625
0 0.31666666666666665 0.4864583333333333 0.041666666666666664 0.052083333333333336
0 0.38958333333333334 0.49270833333333336 0.040625 0.052083333333333336
0 0.28229166666666666 0.5239583333333333 0.03958333333333333 0.03958333333333333
0 0.3729166666666667 0.55 0.05 0.06666666666666667
0 0.15208333333333332 0.5614583333333333 0.09791666666666667 0.11458333333333333
0 0.2833333333333333 0.5697916666666667 0.06041666666666667 0.06875
0 0.3416666666666667 0.65 0.07708333333333334 0.0875
0 0.046875 0.675 0.09375 0.16666666666666666
0 0.14166666666666666 0.7208333333333333 0.15208333333333332 0.20416666666666666
0 0.5958333333333333 0.7333333333333333 0.096875 0.12916666666666668