0 0.3333333333333333 0.440625 0.065625 0.08541666666666667
0 0.39895833333333336 0.440625 0.03333333333333333 0.04375
0 0.26458333333333334 0.45416666666666666 0.053125 0.08333333333333333
0 0.3885416666666667 0.49166666666666664 0.041666666666666664 0.05
0 0.29375 0.5125 0.065625 0.09583333333333334
0 0.17291666666666666 0.5229166666666667 0.13333333333333333 0.17916666666666667
0 0.3729166666666667 0.5322916666666667 0.05 0.06041666666666667
0 0.5520833333333334 0.575 0.06041666666666667 0.0875
0 0.3489583333333333 0.5875 0.058333333333333334 0.06666666666666667
0 0.33125 0.6458333333333334 0.075 0.1
0 0.06458333333333334 0.6958333333333333 0.12916666666666668 0.2875
0 0.32708333333333334 0.7177083333333333 0.08541666666666667 0.12708333333333333
0 0.29375 0.8375 0.1125 0.15
0 0.6770833333333334 0.9020833333333333 0.15833333333333333 0.19583333333333333