0 0.4708333333333333 0.35833333333333334 0.015625 0.020833333333333332
0 0.49583333333333335 0.3614583333333333 0.015625 0.022916666666666665
0 0.3333333333333333 0.3875 0.05 0.06666666666666667
0 0.4895833333333333 0.4041666666666667 0.027083333333333334 0.0375
0 0.425 0.40520833333333334 0.025 0.027083333333333334
0 0.36875 0.40625 0.03125 0.05
0 0.4041666666666667 0.41458333333333336 0.028125 0.03333333333333333
0 0.3 0.42083333333333334 0.065625 0.09166666666666666
0 0.3541666666666667 0.4270833333333333 0.035416666666666666 0.05
0 0.396875 0.43333333333333335 0.028125 0.041666666666666664
0 0.2604166666666667 0.44479166666666664 0.03333333333333333 0.03958333333333333
0 0.34791666666666665 0.4479166666666667 0.03125 0.0375
0 0.21770833333333334 0.465625 0.052083333333333336 0.04375
0 0.3958333333333333 0.46875 0.035416666666666666 0.041666666666666664
0 0.3229166666666667 0.478125 0.058333333333333334 0.09791666666666667
0 0.528125 0.49270833333333336 0.05 0.06458333333333334
0 0.3802083333333333 0.5145833333333333 0.052083333333333336 0.06666666666666667
0 0.196875 0.5260416666666666 0.053125 0.07291666666666667
0 0.2552083333333333 0.5697916666666667 0.06666666666666667 0.09375
0 0.11354166666666667 0.5989583333333334 0.12291666666666666 0.15208333333333332
0 0.33645833333333336 0.6 0.07291666666666667 0.09583333333333334
0 0.5666666666666667 0.6177083333333333 0.078125 0.11041666666666666
0 0.8989583333333333 0.74375 0.12916666666666668 0.15
0 0.11041666666666666 0.8177083333333334 0.134375 0.17291666666666666
0 0.24375 0.9385416666666667 0.153125 0.12291666666666666