0 0.315625 0.41875 0.034375 0.041666666666666664
0 0.36041666666666666 0.4239583333333333 0.029166666666666667 0.035416666666666666
0 0.40729166666666666 0.43645833333333334 0.029166666666666667 0.03958333333333333
0 0.5083333333333333 0.47291666666666665 0.03125 0.04583333333333333
0 0.3385416666666667 0.46770833333333334 0.034375 0.042708333333333334
0 0.39791666666666664 0.4739583333333333 0.035416666666666666 0.04791666666666667
0 0.23333333333333334 0.48541666666666666 0.06458333333333334 0.0875
0 0.2947916666666667 0.5114583333333333 0.06666666666666667 0.09375
0 0.38333333333333336 0.528125 0.05 0.05625
0 0.17291666666666666 0.5354166666666667 0.078125 0.09583333333333334
0 0.08958333333333333 0.6208333333333333 0.11666666666666667 0.175
0 0.18333333333333332 0.65 0.121875 0.1625
0 0.8677083333333333 0.6583333333333333 0.17291666666666666 0.2375
0 0.32083333333333336 0.7572916666666667 0.09375 0.12708333333333333