0 0.48125 0.3375 0.015625 0.025
0 0.5 0.3375 0.0125 0.025
0 0.46458333333333335 0.3385416666666667 0.0125 0.014583333333333334
0 0.5166666666666667 0.3489583333333333 0.020833333333333332 0.035416666666666666
0 0.4708333333333333 0.35104166666666664 0.014583333333333334 0.01875
0 0.475 0.37395833333333334 0.015625 0.01875
0 0.5166666666666667 0.3927083333333333 0.016666666666666666 0.035416666666666666
0 0.334375 0.3958333333333333 0.0375 0.058333333333333334
0 0.303125 0.41458333333333336 0.04375 0.0625
0 0.5479166666666667 0.41875 0.041666666666666664 0.06666666666666667
0 0.49375 0.421875 0.028125 0.035416666666666666
0 0.3 0.4739583333333333 0.084375 0.11875
0 0.39166666666666666 0.49270833333333336 0.0375 0.052083333333333336
0 0.23020833333333332 0.496875 0.06458333333333334 0.09375
0 0.3770833333333333 0.5260416666666666 0.04583333333333333 0.05625
0 0.15833333333333333 0.6541666666666667 0.22291666666666668 0.32083333333333336
0 0.32916666666666666 0.6604166666666667 0.08958333333333333 0.125
0 0.2947916666666667 0.7520833333333333 0.10833333333333334 0.125
0 0.065625 0.8635416666666667 0.13125 0.27291666666666664
0 0.26145833333333335 0.9145833333333333 0.13958333333333334 0.17083333333333334