0 0.3333333333333333 0.4479166666666667 0.05625 0.0625
0 0.3885416666666667 0.471875 0.03958333333333333 0.04375
0 0.5083333333333333 0.471875 0.040625 0.06041666666666667
0 0.6020833333333333 0.478125 0.0875 0.13125
0 0.22291666666666668 0.5 0.059375 0.09166666666666666
0 0.38333333333333336 0.5020833333333333 0.041666666666666664 0.041666666666666664
0 0.2833333333333333 0.5197916666666667 0.1 0.13958333333333334
0 0.37083333333333335 0.55 0.05 0.06666666666666667
0 0.14895833333333333 0.5510416666666667 0.09166666666666666 0.08541666666666667
0 0.5489583333333333 0.5614583333333333 0.05416666666666667 0.08541666666666667
0 0.6916666666666667 0.6020833333333333 0.12708333333333333 0.19583333333333333
0 0.34479166666666666 0.609375 0.06458333333333334 0.07291666666666667
0 0.31666666666666665 0.703125 0.0875 0.11041666666666666
0 0.12291666666666666 0.759375 0.24583333333333332 0.34375
0 0.6552083333333333 0.8989583333333333 0.13333333333333333 0.20208333333333334
0 0.2520833333333333 0.921875 0.14791666666666667 0.15625