0 0.36666666666666664 0.4010416666666667 0.041666666666666664 0.06875
0 0.3229166666666667 0.4041666666666667 0.04583333333333333 0.075
0 0.4041666666666667 0.43125 0.034375 0.0375
0 0.3489583333333333 0.44895833333333335 0.03333333333333333 0.04375
0 0.2791666666666667 0.4625 0.04791666666666667 0.06666666666666667
0 0.39479166666666665 0.46770833333333334 0.03333333333333333 0.04375
0 0.5916666666666667 0.475 0.05625 0.09166666666666666
0 0.225 0.51875 0.065625 0.07916666666666666
0 0.3802083333333333 0.528125 0.041666666666666664 0.06041666666666667
0 0.28541666666666665 0.5385416666666667 0.053125 0.05625
0 0.36041666666666666 0.6072916666666667 0.0625 0.07708333333333334
0 0.21875 0.6322916666666667 0.071875 0.07708333333333334
0 0.065625 0.6552083333333333 0.13125 0.17291666666666666
0 0.18958333333333333 0.7322916666666667 0.10416666666666667 0.11875
0 0.3 0.784375 0.10625 0.12291666666666666