0 0.33125 0.4083333333333333 0.03125 0.0375
0 0.36770833333333336 0.41354166666666664 0.029166666666666667 0.035416666666666666
0 0.4114583333333333 0.42291666666666666 0.029166666666666667 0.03333333333333333
0 0.3541666666666667 0.44375 0.027083333333333334 0.03333333333333333
0 0.5010416666666667 0.446875 0.03333333333333333 0.04375
0 0.403125 0.453125 0.03125 0.03958333333333333
0 0.24895833333333334 0.46979166666666666 0.06041666666666667 0.08125
0 0.6364583333333333 0.471875 0.04583333333333333 0.06458333333333334
0 0.315625 0.4864583333333333 0.059375 0.07708333333333334
0 0.3885416666666667 0.49583333333333335 0.03958333333333333 0.041666666666666664
0 0.19791666666666666 0.5072916666666667 0.065625 0.08541666666666667
0 0.609375 0.5125 0.059375 0.0875
0 0.1375 0.5697916666666667 0.096875 0.15208333333333332
0 0.23541666666666666 0.575 0.084375 0.12083333333333333
0 0.5739583333333333 0.65 0.07291666666666667 0.11666666666666667
0 0.33958333333333335 0.68125 0.07916666666666666 0.1
0 0.08854166666666667 0.8479166666666667 0.17708333333333334 0.2833333333333333
0 0.2760416666666667 0.915625 0.15104166666666666 0.16770833333333332