0 0.31666666666666665 0.421875 0.034375 0.052083333333333336
0 0.4041666666666667 0.43125 0.03333333333333333 0.0375
0 0.2760416666666667 0.4635416666666667 0.05416666666666667 0.06458333333333334
0 0.328125 0.4708333333333333 0.0375 0.04583333333333333
0 0.39375 0.47708333333333336 0.034375 0.05
0 0.29583333333333334 0.509375 0.03958333333333333 0.03958333333333333
0 0.378125 0.53125 0.04375 0.0625
0 0.16770833333333332 0.5458333333333333 0.08541666666666667 0.1125
0 0.2947916666666667 0.5489583333333333 0.05416666666666667 0.05625
0 0.6364583333333333 0.559375 0.06041666666666667 0.08541666666666667
0 0.35104166666666664 0.6302083333333334 0.07291666666666667 0.08125
0 0.06354166666666666 0.6447916666666667 0.12708333333333333 0.15208333333333332
0 0.19270833333333334 0.6614583333333334 0.13541666666666666 0.16875