0 0.28125 0.43645833333333334 0.05 0.06041666666666667
0 0.6229166666666667 0.44479166666666664 0.04791666666666667 0.08125
0 0.4979166666666667 0.45 0.03958333333333333 0.058333333333333334
0 0.565625 0.45208333333333334 0.0625 0.09166666666666666
0 0.334375 0.45416666666666666 0.04375 0.075
0 0.24791666666666667 0.47604166666666664 0.06041666666666667 0.09375
0 0.6666666666666666 0.515625 0.04375 0.06458333333333334
0 0.38333333333333336 0.5166666666666667 0.04583333333333333 0.05
0 0.29270833333333335 0.5197916666666667 0.06041666666666667 0.10208333333333333
0 0.5479166666666667 0.5572916666666666 0.06458333333333334 0.07708333333333334
0 0.3614583333333333 0.603125 0.06458333333333334 0.08541666666666667
0 0.08645833333333333 0.6104166666666667 0.16458333333333333 0.22083333333333333
0 0.24270833333333333 0.6604166666666667 0.08333333333333333 0.07916666666666666
0 0.2989583333333333 0.8364583333333333 0.12291666666666666 0.16041666666666668