0 0.3729166666666667 0.41875 0.027083333333333334 0.03333333333333333
0 0.40729166666666666 0.43125 0.022916666666666665 0.029166666666666667
0 0.28541666666666665 0.43645833333333334 0.04583333333333333 0.06458333333333334
0 0.496875 0.4427083333333333 0.034375 0.04375
0 0.34375 0.45208333333333334 0.04375 0.058333333333333334
0 0.4 0.4666666666666667 0.034375 0.041666666666666664
0 0.23854166666666668 0.47291666666666665 0.04583333333333333 0.07083333333333333
0 0.2875 0.5052083333333334 0.0625 0.08958333333333333
0 0.19375 0.5135416666666667 0.075 0.10208333333333333
0 0.36354166666666665 0.5875 0.06041666666666667 0.075
0 0.21666666666666667 0.6239583333333333 0.096875 0.15625
0 0.32708333333333334 0.7333333333333333 0.10208333333333333 0.12916666666666668
0 0.6729166666666667 0.9041666666666667 0.14375 0.19166666666666668
0 0.07916666666666666 0.9385416666666667 0.153125 0.121875