0 0.28125 0.45 0.03125 0.041666666666666664
0 0.3375 0.4583333333333333 0.03125 0.041666666666666664
0 0.5041666666666667 0.4708333333333333 0.0375 0.05416666666666667
0 0.23333333333333334 0.48333333333333334 0.084375 0.125
0 0.31666666666666665 0.490625 0.041666666666666664 0.05625
0 0.37083333333333335 0.5166666666666667 0.04583333333333333 0.0625
0 0.5354166666666667 0.534375 0.04791666666666667 0.06875
0 0.2833333333333333 0.5520833333333334 0.05416666666666667 0.06666666666666667
0 0.11979166666666667 0.5802083333333333 0.18333333333333332 0.18958333333333333
0 0.35833333333333334 0.60625 0.06041666666666667 0.08333333333333333
0 0.23541666666666666 0.6395833333333333 0.07916666666666666 0.10416666666666667
0 0.30625 0.728125 0.090625 0.10625