0 0.4895833333333333 0.4114583333333333 0.025 0.03125
0 0.3104166666666667 0.4125 0.058333333333333334 0.0875
0 0.41354166666666664 0.41458333333333336 0.027083333333333334 0.0375
0 0.5041666666666667 0.4322916666666667 0.025 0.03125
0 0.33125 0.44166666666666665 0.06875 0.09583333333333334
0 0.4083333333333333 0.44375 0.029166666666666667 0.03333333333333333
0 0.26666666666666666 0.4510416666666667 0.07916666666666666 0.11875
0 0.5822916666666667 0.46041666666666664 0.06041666666666667 0.11666666666666667
0 0.5104166666666666 0.4739583333333333 0.035416666666666666 0.052083333333333336
0 0.3875 0.4875 0.034375 0.04583333333333333
0 0.2947916666666667 0.5291666666666667 0.05416666666666667 0.058333333333333334
0 0.36666666666666664 0.5416666666666666 0.05 0.058333333333333334
0 0.196875 0.5479166666666667 0.078125 0.10416666666666667
0 0.5458333333333333 0.5833333333333334 0.053125 0.075
0 0.09375 0.5875 0.071875 0.07083333333333333
0 0.3541666666666667 0.621875 0.06666666666666667 0.08958333333333333
0 0.06145833333333333 0.6760416666666667 0.12291666666666666 0.14791666666666667
0 0.8125 0.6822916666666666 0.134375 0.14375
0 0.31666666666666665 0.7541666666666667 0.096875 0.12916666666666668
0 0.12604166666666666 0.8083333333333333 0.12708333333333333 0.12916666666666668