0 0.346875 0.37083333333333335 0.03125 0.04583333333333333
0 0.32708333333333334 0.39895833333333336 0.04375 0.06875
0 0.42291666666666666 0.40520833333333334 0.021875 0.027083333333333334
0 0.4041666666666667 0.41041666666666665 0.022916666666666665 0.029166666666666667
0 0.5479166666666667 0.41354166666666664 0.0375 0.06875
0 0.359375 0.41458333333333336 0.0375 0.05
0 0.27708333333333335 0.4270833333333333 0.03333333333333333 0.0375
0 0.396875 0.4322916666666667 0.03125 0.035416666666666666
0 0.39895833333333336 0.45208333333333334 0.035416666666666666 0.04583333333333333
0 0.278125 0.45416666666666666 0.034375 0.05
0 0.33645833333333336 0.45416666666666666 0.04791666666666667 0.07916666666666666
0 0.22395833333333334 0.4625 0.016666666666666666 0.041666666666666664
0 0.25833333333333336 0.475 0.06041666666666667 0.0875
0 0.5770833333333333 0.47604166666666664 0.041666666666666664 0.06041666666666667
0 0.3875 0.4791666666666667 0.040625 0.04583333333333333
0 0.30416666666666664 0.5 0.046875 0.06666666666666667
0 0.5635416666666667 0.5083333333333333 0.05416666666666667 0.06666666666666667
0 0.5479166666666667 0.55 0.05625 0.08333333333333333
0 0.36354166666666665 0.5520833333333334 0.058333333333333334 0.075
0 0.17708333333333334 0.5802083333333333 0.07083333333333333 0.08125
0 0.26145833333333335 0.5864583333333333 0.06666666666666667 0.08958333333333333
0 0.103125 0.834375 0.140625 0.17291666666666666