0 0.3541666666666667 0.371875 0.03125 0.04791666666666667
0 0.5104166666666666 0.37395833333333334 0.028125 0.052083333333333336
0 0.4739583333333333 0.3770833333333333 0.014583333333333334 0.025
0 0.4791666666666667 0.39791666666666664 0.01875 0.025
0 0.32916666666666666 0.4010416666666667 0.03333333333333333 0.04375
0 0.3645833333333333 0.40520833333333334 0.029166666666666667 0.04375
0 0.4 0.40729166666666666 0.025 0.01875
0 0.49270833333333336 0.425 0.022916666666666665 0.029166666666666667
0 0.39791666666666664 0.42916666666666664 0.028125 0.029166666666666667
0 0.30833333333333335 0.43125 0.027083333333333334 0.03333333333333333
0 0.27395833333333336 0.43333333333333335 0.03333333333333333 0.03333333333333333
0 0.3489583333333333 0.4354166666666667 0.035416666666666666 0.0625
0 0.403125 0.45 0.03125 0.03333333333333333
0 0.275 0.46458333333333335 0.03125 0.0375
0 0.334375 0.465625 0.0375 0.052083333333333336
0 0.39166666666666666 0.46875 0.034375 0.041666666666666664
0 0.378125 0.4947916666666667 0.0375 0.052083333333333336
0 0.19791666666666666 0.5052083333333334 0.10416666666666667 0.13125
0 0.303125 0.5114583333333333 0.046875 0.05625
0 0.371875 0.5208333333333334 0.046875 0.0625
0 0.26666666666666666 0.5802083333333333 0.059375 0.06458333333333334
0 0.07916666666666666 0.634375 0.15833333333333333 0.22291666666666668
0 0.34270833333333334 0.665625 0.07291666666666667 0.09791666666666667
0 0.18645833333333334 0.7229166666666667 0.09791666666666667 0.13333333333333333
0 0.25833333333333336 0.86875 0.11875 0.14583333333333334