0 0.32708333333333334 0.40729166666666666 0.034375 0.05625
0 0.5208333333333334 0.41041666666666665 0.025 0.03333333333333333
0 0.28958333333333336 0.41354166666666664 0.05 0.04375
0 0.23854166666666668 0.4375 0.06458333333333334 0.06666666666666667
0 0.35833333333333334 0.44375 0.028125 0.03333333333333333
0 0.39479166666666665 0.44895833333333335 0.029166666666666667 0.052083333333333336
0 0.5135416666666667 0.459375 0.03333333333333333 0.04791666666666667
0 0.32395833333333335 0.49166666666666664 0.027083333333333334 0.05
0 0.38125 0.5145833333333333 0.04375 0.058333333333333334
0 0.2635416666666667 0.5208333333333334 0.11041666666666666 0.1625
0 0.359375 0.5697916666666667 0.05625 0.07708333333333334
0 0.33229166666666665 0.6489583333333333 0.09583333333333334 0.11041666666666666
0 0.14791666666666667 0.6510416666666666 0.22083333333333333 0.3020833333333333
0 0.2916666666666667 0.7635416666666667 0.103125 0.13125
0 0.0625 0.8635416666666667 0.125 0.27291666666666664
0 0.25833333333333336 0.9145833333333333 0.16875 0.17083333333333334