0 0.359375 0.425 0.028125 0.041666666666666664
0 0.49166666666666664 0.4270833333333333 0.03125 0.0375
0 0.5895833333333333 0.4270833333333333 0.040625 0.06666666666666667
0 0.40208333333333335 0.43020833333333336 0.029166666666666667 0.035416666666666666
0 0.2989583333333333 0.440625 0.041666666666666664 0.052083333333333336
0 0.5510416666666667 0.4427083333333333 0.035416666666666666 0.03958333333333333
0 0.33958333333333335 0.4583333333333333 0.03333333333333333 0.041666666666666664
0 0.40208333333333335 0.46875 0.035416666666666666 0.041666666666666664
0 0.24583333333333332 0.48854166666666665 0.04583333333333333 0.03958333333333333
0 0.3229166666666667 0.490625 0.040625 0.04375
0 0.5072916666666667 0.490625 0.041666666666666664 0.052083333333333336
0 0.38229166666666664 0.5114583333333333 0.04583333333333333 0.04791666666666667
0 0.6604166666666667 0.515625 0.065625 0.07708333333333334
0 0.303125 0.525 0.053125 0.06666666666666667
0 0.375 0.559375 0.046875 0.06041666666666667
0 0.125 0.5645833333333333 0.14375 0.19166666666666668
0 0.24479166666666666 0.565625 0.09791666666666667 0.12708333333333333
0 0.5458333333333333 0.5729166666666666 0.059375 0.09166666666666666
0 0.6572916666666667 0.5864583333333333 0.09583333333333334 0.12291666666666666
0 0.38125 0.6052083333333333 0.065625 0.08541666666666667
0 0.19583333333333333 0.640625 0.11875 0.15625
0 0.03958333333333333 0.671875 0.07916666666666666 0.18958333333333333
0 0.309375 0.6885416666666667 0.1 0.11041666666666666
0 0.28958333333333336 0.809375 0.10416666666666667 0.13125
0 0.096875 0.8260416666666667 0.19375 0.34791666666666665
0 0.23020833333333332 0.9395833333333333 0.15833333333333333 0.12083333333333333