0 0.5666666666666667 0.39166666666666666 0.03958333333333333 0.0625
0 0.5229166666666667 0.4270833333333333 0.029166666666666667 0.041666666666666664
0 0.334375 0.43854166666666666 0.065625 0.10208333333333333
0 0.4041666666666667 0.4479166666666667 0.028125 0.0375
0 0.27395833333333336 0.45208333333333334 0.041666666666666664 0.0625
0 0.5020833333333333 0.45208333333333334 0.028125 0.05
0 0.38958333333333334 0.478125 0.035416666666666666 0.04375
0 0.5447916666666667 0.5354166666666667 0.052083333333333336 0.07083333333333333
0 0.22291666666666668 0.5708333333333333 0.159375 0.22916666666666666
0 0.35104166666666664 0.5927083333333333 0.07291666666666667 0.09791666666666667
0 0.06979166666666667 0.6552083333333333 0.13958333333333334 0.17708333333333334
0 0.3177083333333333 0.684375 0.09166666666666666 0.11041666666666666
0 0.08125 0.8395833333333333 0.1625 0.32083333333333336
0 0.6583333333333333 0.8979166666666667 0.15833333333333333 0.20416666666666666
0 0.26458333333333334 0.9125 0.13958333333333334 0.175