0 0.26666666666666666 0.4552083333333333 0.052083333333333336 0.07291666666666667
0 0.32083333333333336 0.46770833333333334 0.06666666666666667 0.10208333333333333
0 0.3885416666666667 0.471875 0.03958333333333333 0.04375
0 0.5958333333333333 0.48333333333333334 0.08125 0.14166666666666666
0 0.21770833333333334 0.48541666666666666 0.06666666666666667 0.06666666666666667
0 0.5083333333333333 0.48854166666666665 0.040625 0.052083333333333336
0 0.38333333333333336 0.5020833333333333 0.041666666666666664 0.041666666666666664
0 0.37083333333333335 0.5447916666666667 0.05 0.06041666666666667
0 0.13229166666666667 0.5791666666666667 0.09583333333333334 0.15416666666666667
0 0.240625 0.5822916666666667 0.134375 0.18125
0 0.35104166666666664 0.596875 0.06458333333333334 0.06458333333333334
0 0.33125 0.6479166666666667 0.075 0.1
0 0.7145833333333333 0.7104166666666667 0.25416666666666665 0.3625
0 0.3145833333333333 0.7479166666666667 0.09791666666666667 0.15
0 0.08854166666666667 0.8447916666666667 0.17708333333333334 0.3104166666666667