0 0.33958333333333335 0.39166666666666666 0.029166666666666667 0.05
0 0.53125 0.3958333333333333 0.0375 0.0625
0 0.375 0.4 0.0375 0.05416666666666667
0 0.2916666666666667 0.415625 0.0625 0.09375
0 0.409375 0.42604166666666665 0.028125 0.03958333333333333
0 0.4895833333333333 0.42604166666666665 0.027083333333333334 0.035416666666666666
0 0.6166666666666667 0.459375 0.04791666666666667 0.04791666666666667
0 0.40208333333333335 0.46041666666666664 0.0375 0.041666666666666664
0 0.3072916666666667 0.47604166666666664 0.07708333333333334 0.12708333333333333
0 0.23333333333333334 0.4822916666666667 0.09166666666666666 0.13958333333333334
0 0.375 0.5125 0.046875 0.05416666666666667
0 0.3572916666666667 0.5802083333333333 0.06458333333333334 0.08125
0 0.13333333333333333 0.609375 0.10416666666666667 0.13541666666666666
0 0.240625 0.61875 0.078125 0.08333333333333333
0 0.33645833333333336 0.678125 0.07916666666666666 0.11458333333333333
0 0.30104166666666665 0.8125 0.11041666666666666 0.14583333333333334