0 0.4979166666666667 0.440625 0.028125 0.03958333333333333
0 0.284375 0.45729166666666665 0.046875 0.052083333333333336
0 0.5666666666666667 0.4625 0.04375 0.06666666666666667
0 0.39791666666666664 0.484375 0.040625 0.03958333333333333
0 0.22083333333333333 0.5145833333333333 0.040625 0.04583333333333333
0 0.37916666666666665 0.5239583333333333 0.04791666666666667 0.052083333333333336
0 0.30416666666666664 0.53125 0.040625 0.06666666666666667
0 0.3729166666666667 0.5645833333333333 0.04583333333333333 0.05
0 0.24479166666666666 0.56875 0.09166666666666666 0.125
0 0.10625 0.56875 0.153125 0.17083333333333334
0 0.38333333333333336 0.6135416666666667 0.06458333333333334 0.08541666666666667
0 0.5666666666666667 0.6166666666666667 0.065625 0.0875
0 0.19583333333333333 0.640625 0.11666666666666667 0.16041666666666668
0 0.035416666666666666 0.6833333333333333 0.07083333333333333 0.1875
0 0.3125 0.6916666666666667 0.090625 0.10416666666666667
0 0.29375 0.8083333333333333 0.1 0.125
0 0.6229166666666667 0.8229166666666666 0.11458333333333333 0.20416666666666666
0 0.09166666666666666 0.8291666666666667 0.18333333333333332 0.3416666666666667
0 0.8875 0.8541666666666666 0.203125 0.2916666666666667
0 0.228125 0.9416666666666667 0.15 0.11666666666666667