0 0.5854166666666667 0.41458333333333336 0.03958333333333333 0.06666666666666667
0 0.5458333333333333 0.415625 0.05 0.09375
0 0.490625 0.42604166666666665 0.025 0.035416666666666666
0 0.284375 0.44375 0.028125 0.041666666666666664
0 0.3375 0.45625 0.03125 0.041666666666666664
0 0.5072916666666667 0.4625 0.03958333333333333 0.05
0 0.234375 0.48333333333333334 0.078125 0.12083333333333333
0 0.31666666666666665 0.490625 0.041666666666666664 0.05625
0 0.37395833333333334 0.5135416666666667 0.04583333333333333 0.06458333333333334
0 0.28854166666666664 0.5416666666666666 0.052083333333333336 0.06666666666666667
0 0.540625 0.5604166666666667 0.05625 0.08333333333333333
0 0.13958333333333334 0.5614583333333333 0.16666666666666666 0.17708333333333334
0 0.36666666666666664 0.5916666666666667 0.06041666666666667 0.08333333333333333
0 0.24791666666666667 0.6125 0.07083333333333333 0.09166666666666666
0 0.3177083333333333 0.6927083333333334 0.08333333333333333 0.10625
0 0.6166666666666667 0.7291666666666666 0.096875 0.15
0 0.23645833333333333 0.925 0.16666666666666666 0.15