0 0.5489583333333333 0.42083333333333334 0.022916666666666665 0.03333333333333333
0 0.49583333333333335 0.4239583333333333 0.027083333333333334 0.035416666666666666
0 0.3458333333333333 0.46145833333333336 0.025 0.05625
0 0.640625 0.4822916666666667 0.046875 0.06041666666666667
0 0.3104166666666667 0.48333333333333334 0.058333333333333334 0.09583333333333334
0 0.5833333333333334 0.48333333333333334 0.04583333333333333 0.07083333333333333
0 0.22395833333333334 0.4864583333333333 0.08541666666666667 0.13541666666666666
0 0.40208333333333335 0.4947916666666667 0.040625 0.06041666666666667
0 0.25416666666666665 0.565625 0.08541666666666667 0.12708333333333333
0 0.5416666666666666 0.584375 0.0625 0.09791666666666667
0 0.33958333333333335 0.59375 0.06875 0.08333333333333333
0 0.6479166666666667 0.5989583333333334 0.06666666666666667 0.08125
0 0.08541666666666667 0.6114583333333333 0.17083333333333334 0.22291666666666668
0 0.3302083333333333 0.678125 0.07291666666666667 0.09791666666666667
0 0.096875 0.8104166666666667 0.19375 0.3333333333333333
0 0.25625 0.9010416666666666 0.13125 0.17291666666666666