0 0.30416666666666664 0.4083333333333333 0.0625 0.08333333333333333
0 0.41041666666666665 0.4197916666666667 0.028125 0.03958333333333333
0 0.5552083333333333 0.425 0.052083333333333336 0.09166666666666666
0 0.4041666666666667 0.45208333333333334 0.03333333333333333 0.03333333333333333
0 0.25416666666666665 0.4552083333333333 0.07708333333333334 0.11458333333333333
0 0.31875 0.46041666666666664 0.0625 0.10833333333333334
0 0.5145833333333333 0.49166666666666664 0.040625 0.05416666666666667
0 0.3854166666666667 0.49375 0.03958333333333333 0.04583333333333333
0 0.2791666666666667 0.5510416666666667 0.0625 0.06458333333333334
0 0.36354166666666665 0.5583333333333333 0.05416666666666667 0.07083333333333333
0 0.7072916666666667 0.5614583333333333 0.08541666666666667 0.09375
0 0.17291666666666666 0.5697916666666667 0.08541666666666667 0.11458333333333333
0 0.3458333333333333 0.6447916666666667 0.07708333333333334 0.10625
0 0.05 0.7239583333333334 0.1 0.18125
0 0.309375 0.7854166666666667 0.103125 0.13333333333333333
0 0.071875 0.9020833333333333 0.14375 0.17083333333333334