0 0.321875 0.396875 0.05 0.07708333333333334
0 0.4083333333333333 0.43125 0.029166666666666667 0.03333333333333333
0 0.3375 0.4354166666666667 0.0625 0.09583333333333334
0 0.2791666666666667 0.43645833333333334 0.07083333333333333 0.11041666666666666
0 0.5020833333333333 0.4510416666666667 0.034375 0.04375
0 0.39375 0.46875 0.034375 0.04583333333333333
0 0.309375 0.503125 0.05 0.05625
0 0.5291666666666667 0.503125 0.041666666666666664 0.06041666666666667
0 0.21979166666666666 0.51875 0.06458333333333334 0.09166666666666666
0 0.375 0.5270833333333333 0.05 0.058333333333333334
0 0.6333333333333333 0.5270833333333333 0.090625 0.17083333333333334
0 0.15208333333333332 0.534375 0.05416666666666667 0.052083333333333336
0 0.546875 0.5760416666666667 0.059375 0.09791666666666667
0 0.359375 0.5989583333333334 0.0625 0.08958333333333333
0 0.12083333333333333 0.628125 0.11875 0.13125
0 0.17916666666666667 0.7177083333333333 0.103125 0.11458333333333333
0 0.328125 0.7197916666666667 0.090625 0.11458333333333333
0 0.65 0.9104166666666667 0.125 0.17916666666666667
0 0.240625 0.95 0.14895833333333333 0.09895833333333333