0 0.35625 0.40625 0.05 0.075
0 0.4010416666666667 0.4427083333333333 0.029166666666666667 0.03125
0 0.5010416666666667 0.44479166666666664 0.035416666666666666 0.04791666666666667
0 0.640625 0.4583333333333333 0.071875 0.10416666666666667
0 0.3145833333333333 0.459375 0.07291666666666667 0.12291666666666666
0 0.3885416666666667 0.490625 0.041666666666666664 0.05625
0 0.21354166666666666 0.5177083333333333 0.07916666666666666 0.09791666666666667
0 0.3729166666666667 0.525 0.053125 0.0625
0 0.24791666666666667 0.5520833333333334 0.10208333333333333 0.13333333333333333
0 0.5572916666666666 0.5770833333333333 0.06041666666666667 0.0875
0 0.12291666666666666 0.6020833333333333 0.10625 0.125
0 0.3416666666666667 0.6416666666666667 0.06875 0.09166666666666666
0 0.30416666666666664 0.8114583333333333 0.109375 0.13958333333333334
0 0.07291666666666667 0.85 0.14583333333333334 0.2989583333333333