0 0.29583333333333334 0.4270833333333333 0.035416666666666666 0.05416666666666667
0 0.340625 0.4395833333333333 0.046875 0.058333333333333334
0 0.25729166666666664 0.46770833333333334 0.052083333333333336 0.08541666666666667
0 0.6583333333333333 0.475 0.05625 0.09583333333333334
0 0.5833333333333334 0.4791666666666667 0.08125 0.10416666666666667
0 0.30833333333333335 0.49583333333333335 0.05416666666666667 0.08333333333333333
0 0.3885416666666667 0.5041666666666667 0.03958333333333333 0.05
0 0.5145833333333333 0.5041666666666667 0.046875 0.07083333333333333
0 0.7239583333333334 0.5729166666666666 0.06666666666666667 0.07916666666666666
0 0.36666666666666664 0.5739583333333333 0.06041666666666667 0.07708333333333334
0 0.11666666666666667 0.5739583333333333 0.153125 0.18541666666666667
0 0.26458333333333334 0.6145833333333334 0.065625 0.06666666666666667
0 0.6135416666666667 0.7260416666666667 0.11458333333333333 0.14791666666666667
0 0.3125 0.7729166666666667 0.1125 0.1375
0 0.065625 0.875 0.128125 0.25