0 0.359375 0.428125 0.027083333333333334 0.03333333333333333
0 0.40625 0.44479166666666664 0.03125 0.03958333333333333
0 0.2708333333333333 0.4510416666666667 0.04791666666666667 0.07291666666666667
0 0.32916666666666666 0.46875 0.04583333333333333 0.075
0 0.39375 0.4864583333333333 0.040625 0.04791666666666667
0 0.22291666666666668 0.49166666666666664 0.0625 0.08333333333333333
0 0.26666666666666666 0.534375 0.08125 0.11041666666666666
0 0.16979166666666667 0.5395833333333333 0.08958333333333333 0.125
0 0.5375 0.5447916666666667 0.05625 0.08125
0 0.7458333333333333 0.5885416666666666 0.09583333333333334 0.09791666666666667
0 0.353125 0.6270833333333333 0.065625 0.08333333333333333
0 0.7041666666666667 0.640625 0.103125 0.15625
0 0.15833333333333333 0.7083333333333334 0.13333333333333333 0.19166666666666668
0 0.30520833333333336 0.8135416666666667 0.11458333333333333 0.14375