0 0.3145833333333333 0.4083333333333333 0.053125 0.06666666666666667
0 0.265625 0.43125 0.05 0.05416666666666667
0 0.3458333333333333 0.4552083333333333 0.041666666666666664 0.04375
0 0.3854166666666667 0.4708333333333333 0.04375 0.041666666666666664
0 0.2520833333333333 0.5270833333333333 0.13541666666666666 0.16666666666666666
0 0.375 0.540625 0.05625 0.07291666666666667
0 0.3541666666666667 0.5979166666666667 0.06041666666666667 0.075
0 0.15833333333333333 0.6541666666666667 0.221875 0.31666666666666665
0 0.33229166666666665 0.6625 0.09166666666666666 0.11666666666666667
0 0.29791666666666666 0.7572916666666667 0.08125 0.13958333333333334
0 0.640625 0.8666666666666667 0.140625 0.17083333333333334
0 0.05416666666666667 0.8822916666666667 0.10833333333333334 0.23541666666666666
0 0.259375 0.9072916666666667 0.11875 0.16875