0 0.3697916666666667 0.396875 0.03958333333333333 0.05625
0 0.3104166666666667 0.41354166666666664 0.03958333333333333 0.06458333333333334
0 0.3489583333333333 0.43333333333333335 0.04583333333333333 0.06666666666666667
0 0.25104166666666666 0.44583333333333336 0.07291666666666667 0.1125
0 0.39791666666666664 0.46145833333333336 0.028125 0.03958333333333333
0 0.5739583333333333 0.4625 0.06458333333333334 0.09166666666666666
0 0.3885416666666667 0.49895833333333334 0.041666666666666664 0.052083333333333336
0 0.159375 0.5552083333333333 0.171875 0.21458333333333332
0 0.35833333333333334 0.5625 0.052083333333333336 0.05416666666666667
0 0.21770833333333334 0.6020833333333333 0.12291666666666666 0.21666666666666667
0 0.33541666666666664 0.6239583333333333 0.0625 0.07708333333333334
0 0.325 0.7166666666666667 0.090625 0.12083333333333333
0 0.29270833333333335 0.8354166666666667 0.11458333333333333 0.14583333333333334