0 0.29375 0.42604166666666665 0.04375 0.052083333333333336
0 0.3375 0.44583333333333336 0.040625 0.0625
0 0.6489583333333333 0.46458333333333335 0.04791666666666667 0.07916666666666666
0 0.25625 0.46979166666666666 0.05625 0.10208333333333333
0 0.5791666666666667 0.4739583333333333 0.075 0.09791666666666667
0 0.5114583333333333 0.49270833333333336 0.041666666666666664 0.06458333333333334
0 0.303125 0.49895833333333334 0.059375 0.08958333333333333
0 0.3854166666666667 0.50625 0.040625 0.058333333333333334
0 0.7083333333333334 0.5552083333333333 0.06458333333333334 0.08125
0 0.365625 0.5802083333333333 0.065625 0.07708333333333334
0 0.11458333333333333 0.5822916666666667 0.153125 0.18958333333333333
0 0.2604166666666667 0.6291666666666667 0.07083333333333333 0.07916666666666666
0 0.5895833333333333 0.6635416666666667 0.08958333333333333 0.11041666666666666
0 0.3072916666666667 0.790625 0.11041666666666666 0.14375