0 0.5385416666666667 0.40625 0.04583333333333333 0.075
0 0.3020833333333333 0.4197916666666667 0.04375 0.052083333333333336
0 0.3541666666666667 0.43020833333333336 0.03958333333333333 0.05625
0 0.5010416666666667 0.44166666666666665 0.03333333333333333 0.041666666666666664
0 0.60625 0.44479166666666664 0.0375 0.04375
0 0.40520833333333334 0.44895833333333335 0.03333333333333333 0.035416666666666666
0 0.25729166666666664 0.45416666666666666 0.052083333333333336 0.07083333333333333
0 0.3125 0.48020833333333335 0.053125 0.08958333333333333
0 0.22083333333333333 0.4895833333333333 0.065625 0.1
0 0.5333333333333333 0.546875 0.05416666666666667 0.08125
0 0.3729166666666667 0.5489583333333333 0.053125 0.06458333333333334
0 0.26145833333333335 0.5645833333333333 0.07916666666666666 0.12083333333333333
0 0.3458333333333333 0.6645833333333333 0.08333333333333333 0.10833333333333334
0 0.05625 0.6864583333333333 0.1125 0.29375
0 0.18125 0.7666666666666667 0.10625 0.11666666666666667
0 0.25416666666666665 0.9385416666666667 0.16145833333333334 0.121875