0 0.59375 0.4375 0.028125 0.0375
0 0.27395833333333336 0.44583333333333336 0.06666666666666667 0.10833333333333334
0 0.39166666666666666 0.44895833333333335 0.034375 0.04375
0 0.3416666666666667 0.46041666666666664 0.03333333333333333 0.041666666666666664
0 0.22395833333333334 0.46770833333333334 0.04583333333333333 0.03958333333333333
0 0.5666666666666667 0.46770833333333334 0.035416666666666666 0.052083333333333336
0 0.5125 0.4739583333333333 0.034375 0.052083333333333336
0 0.21666666666666667 0.5041666666666667 0.040625 0.04583333333333333
0 0.29791666666666666 0.5145833333333333 0.08333333333333333 0.12083333333333333
0 0.384375 0.51875 0.046875 0.05416666666666667
0 0.5270833333333333 0.55 0.05 0.08333333333333333
0 0.6427083333333333 0.5666666666666667 0.08541666666666667 0.14166666666666666
0 0.103125 0.56875 0.071875 0.07916666666666666
0 0.346875 0.5989583333333334 0.0625 0.08125
0 0.12083333333333333 0.6104166666666667 0.07916666666666666 0.09583333333333334
0 0.5447916666666667 0.64375 0.06666666666666667 0.09583333333333334
0 0.19791666666666666 0.6572916666666667 0.0875 0.11041666666666666
0 0.8729166666666667 0.825 0.253125 0.35
0 0.13958333333333334 0.8260416666666667 0.159375 0.15625