0 0.2875 0.4375 0.028125 0.041666666666666664
0 0.5708333333333333 0.44479166666666664 0.06666666666666667 0.12291666666666666
0 0.33958333333333335 0.45625 0.03125 0.041666666666666664
0 0.634375 0.46458333333333335 0.05625 0.09583333333333334
0 0.24375 0.48125 0.078125 0.12083333333333333
0 0.5104166666666666 0.48125 0.0375 0.05416666666666667
0 0.3229166666666667 0.4864583333333333 0.041666666666666664 0.05625
0 0.37395833333333334 0.5135416666666667 0.04583333333333333 0.06458333333333334
0 0.2916666666666667 0.5364583333333334 0.05 0.06041666666666667
0 0.16145833333333334 0.5395833333333333 0.15208333333333332 0.17083333333333334
0 0.5552083333333333 0.55 0.04583333333333333 0.07916666666666666
0 0.36666666666666664 0.5770833333333333 0.05625 0.07916666666666666
0 0.25833333333333336 0.5916666666666667 0.06666666666666667 0.09166666666666666
0 0.32916666666666666 0.659375 0.078125 0.09375
0 0.6239583333333333 0.8104166666666667 0.10208333333333333 0.1875
0 0.27291666666666664 0.853125 0.13958333333333334 0.20208333333333334