0 0.490625 0.42291666666666666 0.03125 0.03333333333333333
0 0.584375 0.425 0.040625 0.06666666666666667
0 0.35625 0.4270833333333333 0.03125 0.041666666666666664
0 0.4041666666666667 0.43645833333333334 0.03333333333333333 0.035416666666666666
0 0.5479166666666667 0.43645833333333334 0.035416666666666666 0.03958333333333333
0 0.29791666666666666 0.440625 0.040625 0.04791666666666667
0 0.33958333333333335 0.45729166666666665 0.0375 0.03958333333333333
0 0.40208333333333335 0.471875 0.0375 0.04375
0 0.503125 0.48020833333333335 0.034375 0.04791666666666667
0 0.32083333333333336 0.49270833333333336 0.0375 0.04375
0 0.23854166666666668 0.49583333333333335 0.04791666666666667 0.05
0 0.6427083333333333 0.5 0.05416666666666667 0.0625
0 0.3802083333333333 0.5135416666666667 0.04583333333333333 0.04791666666666667
0 0.303125 0.525 0.053125 0.06666666666666667
0 0.5395833333333333 0.5479166666666667 0.05416666666666667 0.07916666666666666
0 0.37395833333333334 0.5614583333333333 0.04791666666666667 0.06041666666666667
0 0.125 0.5645833333333333 0.14375 0.19166666666666668
0 0.6395833333333333 0.5677083333333334 0.07291666666666667 0.10208333333333333
0 0.25104166666666666 0.5697916666666667 0.10208333333333333 0.13125
0 0.38229166666666664 0.6072916666666667 0.06458333333333334 0.08958333333333333
0 0.19583333333333333 0.640625 0.11875 0.15625
0 0.03958333333333333 0.671875 0.07916666666666666 0.18958333333333333
0 0.309375 0.6895833333333333 0.096875 0.10416666666666667
0 0.28958333333333336 0.809375 0.10416666666666667 0.13125
0 0.096875 0.8260416666666667 0.19375 0.34791666666666665
0 0.228125 0.940625 0.153125 0.11875