0 0.5458333333333333 0.415625 0.05 0.09375
0 0.5895833333333333 0.42083333333333334 0.03958333333333333 0.06666666666666667
0 0.49375 0.434375 0.025 0.035416666666666666
0 0.2875 0.44166666666666665 0.028125 0.041666666666666664
0 0.3375 0.45625 0.03125 0.041666666666666664
0 0.5145833333333333 0.4739583333333333 0.04375 0.05625
0 0.24375 0.48125 0.078125 0.12083333333333333
0 0.31666666666666665 0.490625 0.041666666666666664 0.05625
0 0.37395833333333334 0.5135416666666667 0.04583333333333333 0.06458333333333334
0 0.28854166666666664 0.5416666666666666 0.052083333333333336 0.06666666666666667
0 0.14375 0.553125 0.159375 0.17708333333333334
0 0.36666666666666664 0.58125 0.05625 0.07916666666666666
0 0.5489583333333333 0.5864583333333333 0.06041666666666667 0.09375
0 0.25104166666666666 0.6020833333333333 0.07083333333333333 0.09166666666666666
0 0.3229166666666667 0.6760416666666667 0.075 0.08958333333333333
0 0.65 0.8125 0.125 0.19166666666666668
0 0.240625 0.915625 0.175 0.16875