0 0.334375 0.44479166666666664 0.0625 0.09791666666666667
0 0.5583333333333333 0.44479166666666664 0.03333333333333333 0.052083333333333336
0 0.28020833333333334 0.446875 0.052083333333333336 0.07291666666666667
0 0.503125 0.4510416666666667 0.034375 0.04791666666666667
0 0.3885416666666667 0.471875 0.03958333333333333 0.04375
0 0.38333333333333336 0.5020833333333333 0.041666666666666664 0.041666666666666664
0 0.17708333333333334 0.528125 0.08333333333333333 0.13125
0 0.2677083333333333 0.528125 0.10833333333333334 0.13541666666666666
0 0.7260416666666667 0.5395833333333333 0.09166666666666666 0.11666666666666667
0 0.35208333333333336 0.5864583333333333 0.06458333333333334 0.06458333333333334
0 0.5666666666666667 0.63125 0.078125 0.11666666666666667
0 0.7177083333333333 0.64375 0.19791666666666666 0.2875
0 0.33125 0.6479166666666667 0.075 0.1
0 0.15416666666666667 0.709375 0.15833333333333333 0.21875
0 0.3229166666666667 0.7260416666666667 0.09375 0.13125
0 0.621875 0.8604166666666667 0.134375 0.21666666666666667
0 0.2791666666666667 0.8895833333333333 0.13333333333333333 0.17083333333333334