0 0.3572916666666667 0.43125 0.027083333333333334 0.03333333333333333
0 0.40625 0.44479166666666664 0.03125 0.03958333333333333
0 0.2677083333333333 0.4552083333333333 0.04791666666666667 0.07291666666666667
0 0.32916666666666666 0.46875 0.04583333333333333 0.075
0 0.39375 0.4864583333333333 0.040625 0.04791666666666667
0 0.21666666666666667 0.49375 0.0625 0.08333333333333333
0 0.528125 0.521875 0.05 0.06875
0 0.16458333333333333 0.5479166666666667 0.08958333333333333 0.125
0 0.25729166666666664 0.5479166666666667 0.07708333333333334 0.11666666666666667
0 0.71875 0.5520833333333334 0.08125 0.0875
0 0.6791666666666667 0.6135416666666667 0.09375 0.13541666666666666
0 0.35208333333333336 0.63125 0.07291666666666667 0.09166666666666666
0 0.15208333333333332 0.721875 0.15833333333333333 0.21041666666666667
0 0.303125 0.834375 0.128125 0.15625