0 0.48333333333333334 0.4083333333333333 0.027083333333333334 0.0375
0 0.534375 0.421875 0.028125 0.035416666666666666
0 0.2875 0.440625 0.03125 0.03958333333333333
0 0.3458333333333333 0.45416666666666666 0.034375 0.041666666666666664
0 0.3958333333333333 0.46770833333333334 0.035416666666666666 0.04375
0 0.5145833333333333 0.4739583333333333 0.04375 0.05625
0 0.6395833333333333 0.484375 0.05 0.06041666666666667
0 0.325 0.48854166666666665 0.0375 0.05625
0 0.19166666666666668 0.5114583333333333 0.096875 0.14375
0 0.3802083333333333 0.5135416666666667 0.041666666666666664 0.05625
0 0.2833333333333333 0.515625 0.07083333333333333 0.10625
0 0.39375 0.5479166666666667 0.05 0.075
0 0.20208333333333334 0.6333333333333333 0.115625 0.16666666666666666
0 0.5770833333333333 0.640625 0.08125 0.12291666666666666
0 0.058333333333333334 0.64375 0.11666666666666667 0.21666666666666667
0 0.3229166666666667 0.6458333333333334 0.078125 0.09583333333333334
0 0.725 0.6854166666666667 0.1 0.10833333333333334
0 0.896875 0.721875 0.121875 0.13125
0 0.29583333333333334 0.7895833333333333 0.10208333333333333 0.12916666666666668
0 0.09270833333333334 0.8291666666666667 0.18541666666666667 0.3416666666666667
0 0.22916666666666666 0.9385416666666667 0.15416666666666667 0.12291666666666666