0 0.3885416666666667 0.471875 0.03958333333333333 0.04375
0 0.259375 0.47291666666666665 0.053125 0.0875
0 0.31354166666666666 0.4822916666666667 0.07708333333333334 0.11041666666666666
0 0.20104166666666667 0.5020833333333333 0.07291666666666667 0.06666666666666667
0 0.38333333333333336 0.5020833333333333 0.041666666666666664 0.041666666666666664
0 0.5770833333333333 0.5166666666666667 0.11041666666666666 0.175
0 0.37083333333333335 0.5447916666666667 0.05 0.06041666666666667
0 0.35104166666666664 0.596875 0.06458333333333334 0.06458333333333334
0 0.10208333333333333 0.5989583333333334 0.10625 0.16458333333333333
0 0.21770833333333334 0.6052083333333333 0.14583333333333334 0.20208333333333334
0 0.33125 0.6541666666666667 0.075 0.1
0 0.5854166666666667 0.6760416666666667 0.08958333333333333 0.13958333333333334
0 0.8885416666666667 0.69375 0.22291666666666668 0.3
0 0.30416666666666664 0.7802083333333333 0.10833333333333334 0.15625