0 0.490625 0.3458333333333333 0.01875 0.0375
0 0.46979166666666666 0.3614583333333333 0.010416666666666666 0.014583333333333334
0 0.34375 0.384375 0.034375 0.05625
0 0.36666666666666664 0.40520833333333334 0.029166666666666667 0.04375
0 0.4 0.40729166666666666 0.025 0.01875
0 0.31354166666666666 0.41770833333333335 0.041666666666666664 0.06041666666666667
0 0.39791666666666664 0.42916666666666664 0.028125 0.029166666666666667
0 0.275 0.43020833333333336 0.034375 0.03125
0 0.5541666666666667 0.44166666666666665 0.03125 0.041666666666666664
0 0.34375 0.44375 0.04375 0.07083333333333333
0 0.4 0.45416666666666666 0.03125 0.03333333333333333
0 0.278125 0.46770833333333334 0.034375 0.03958333333333333
0 0.39166666666666666 0.4708333333333333 0.034375 0.041666666666666664
0 0.3229166666666667 0.47604166666666664 0.0375 0.052083333333333336
0 0.378125 0.4947916666666667 0.0375 0.052083333333333336
0 0.28125 0.5177083333333333 0.04375 0.05625
0 0.27291666666666664 0.5614583333333333 0.059375 0.07291666666666667
0 0.3541666666666667 0.5697916666666667 0.059375 0.08541666666666667
0 0.10729166666666666 0.5791666666666667 0.17291666666666666 0.19583333333333333
0 0.042708333333333334 0.6114583333333333 0.07291666666666667 0.06875
0 0.21458333333333332 0.671875 0.08541666666666667 0.09791666666666667
0 0.24166666666666667 0.9541666666666667 0.153125 0.09166666666666666