0 0.3229166666666667 0.421875 0.034375 0.04375
0 0.353125 0.44166666666666665 0.03125 0.03333333333333333
0 0.5020833333333333 0.44166666666666665 0.03333333333333333 0.04583333333333333
0 0.40520833333333334 0.446875 0.029166666666666667 0.035416666666666666
0 0.5645833333333333 0.459375 0.029166666666666667 0.04791666666666667
0 0.26666666666666666 0.4635416666666667 0.0375 0.03958333333333333
0 0.3302083333333333 0.48125 0.03333333333333333 0.041666666666666664
0 0.6583333333333333 0.484375 0.040625 0.04375
0 0.6114583333333333 0.490625 0.07083333333333333 0.11041666666666666
0 0.3885416666666667 0.49583333333333335 0.035416666666666666 0.041666666666666664
0 0.31145833333333334 0.5072916666666667 0.041666666666666664 0.05625
0 0.3770833333333333 0.53125 0.040625 0.05416666666666667
0 0.17083333333333334 0.5354166666666667 0.121875 0.1625
0 0.25833333333333336 0.5479166666666667 0.084375 0.12083333333333333
0 0.38645833333333335 0.5802083333333333 0.05416666666666667 0.08125
0 0.5447916666666667 0.6 0.07708333333333334 0.09583333333333334
0 0.6479166666666667 0.6010416666666667 0.065625 0.10625
0 0.79375 0.6322916666666667 0.125 0.18125
0 0.19583333333333333 0.64375 0.115625 0.15416666666666667
0 0.3177083333333333 0.6739583333333333 0.08958333333333333 0.10625
0 0.036458333333333336 0.6770833333333334 0.07291666666666667 0.19583333333333333
0 0.2916666666666667 0.8104166666666667 0.09791666666666667 0.12083333333333333
0 0.09375 0.8270833333333333 0.184375 0.3375
0 0.23020833333333332 0.9416666666666667 0.14166666666666666 0.11666666666666667