0 0.5739583333333333 0.4010416666666667 0.04791666666666667 0.07291666666666667
0 0.3333333333333333 0.43645833333333334 0.06041666666666667 0.10208333333333333
0 0.5291666666666667 0.44479166666666664 0.029166666666666667 0.04375
0 0.40520833333333334 0.446875 0.022916666666666665 0.035416666666666666
0 0.5104166666666666 0.471875 0.034375 0.06041666666666667
0 0.39166666666666666 0.47708333333333336 0.035416666666666666 0.04583333333333333
0 0.23854166666666668 0.5614583333333333 0.14791666666666667 0.23958333333333334
0 0.3541666666666667 0.5854166666666667 0.07291666666666667 0.09583333333333334
0 0.5791666666666667 0.6302083333333334 0.07291666666666667 0.11041666666666666
0 0.07708333333333334 0.6375 0.12708333333333333 0.14583333333333334
0 0.31875 0.6708333333333333 0.0875 0.11666666666666667
0 0.07916666666666666 0.8375 0.15833333333333333 0.325
0 0.25833333333333336 0.9 0.1375 0.1875