0 0.3104166666666667 0.4083333333333333 0.040625 0.075
0 0.5822916666666667 0.41770833333333335 0.04583333333333333 0.05625
0 0.546875 0.428125 0.04375 0.07708333333333334
0 0.39791666666666664 0.44375 0.041666666666666664 0.04583333333333333
0 0.271875 0.44583333333333336 0.06875 0.09166666666666666
0 0.3458333333333333 0.45729166666666665 0.0375 0.04791666666666667
0 0.32083333333333336 0.49166666666666664 0.04375 0.05
0 0.375 0.5010416666666667 0.0375 0.05625
0 0.15625 0.5041666666666667 0.0875 0.1125
0 0.3729166666666667 0.55 0.041666666666666664 0.07916666666666666
0 0.23541666666666666 0.5552083333333333 0.14375 0.18958333333333333
0 0.5354166666666667 0.559375 0.05416666666666667 0.10208333333333333
0 0.34270833333333334 0.596875 0.06458333333333334 0.06875
0 0.3229166666666667 0.6520833333333333 0.07708333333333334 0.10833333333333334
0 0.2864583333333333 0.7458333333333333 0.10208333333333333 0.12916666666666668
0 0.10208333333333333 0.778125 0.203125 0.44375
0 0.2635416666666667 0.9135416666666667 0.14166666666666666 0.17291666666666666