0 0.3104166666666667 0.41354166666666664 0.053125 0.07291666666666667
0 0.259375 0.43854166666666666 0.053125 0.06458333333333334
0 0.346875 0.4583333333333333 0.03125 0.041666666666666664
0 0.3854166666666667 0.4791666666666667 0.03958333333333333 0.058333333333333334
0 0.2677083333333333 0.5302083333333333 0.13541666666666666 0.16458333333333333
0 0.37395833333333334 0.559375 0.05416666666666667 0.09375
0 0.5552083333333333 0.5895833333333333 0.08541666666666667 0.10833333333333334
0 0.35625 0.6010416666666667 0.046875 0.09791666666666667
0 0.15208333333333332 0.659375 0.209375 0.31875
0 0.33541666666666664 0.6625 0.08958333333333333 0.10833333333333334
0 0.3 0.7520833333333333 0.115625 0.1375
0 0.2708333333333333 0.9041666666666667 0.115625 0.15