0 0.47291666666666665 0.36875 0.0125 0.020833333333333332
0 0.48333333333333334 0.39791666666666664 0.020833333333333332 0.029166666666666667
0 0.5572916666666666 0.4083333333333333 0.022916666666666665 0.029166666666666667
0 0.35520833333333335 0.42291666666666666 0.041666666666666664 0.06666666666666667
0 0.290625 0.428125 0.05625 0.08125
0 0.4 0.44895833333333335 0.034375 0.03958333333333333
0 0.5125 0.45416666666666666 0.028125 0.04583333333333333
0 0.24583333333333332 0.46145833333333336 0.07291666666666667 0.08125
0 0.39166666666666666 0.46770833333333334 0.0375 0.04375
0 0.33541666666666664 0.4791666666666667 0.0375 0.04583333333333333
0 0.37916666666666665 0.4822916666666667 0.03333333333333333 0.027083333333333334
0 0.3125 0.5020833333333333 0.0375 0.04583333333333333
0 0.37604166666666666 0.509375 0.04583333333333333 0.06041666666666667
0 0.28958333333333336 0.55 0.041666666666666664 0.0875
0 0.3729166666666667 0.5520833333333334 0.046875 0.06666666666666667
0 0.5458333333333333 0.5927083333333333 0.071875 0.11041666666666666
0 0.190625 0.6020833333333333 0.175 0.22916666666666666
0 0.35208333333333336 0.6041666666666666 0.06666666666666667 0.0625
0 0.06354166666666666 0.6333333333333333 0.12708333333333333 0.20833333333333334
0 0.33125 0.66875 0.096875 0.12083333333333333
0 0.290625 0.76875 0.109375 0.14166666666666666