0 0.3229166666666667 0.421875 0.034375 0.04375
0 0.359375 0.42916666666666664 0.03125 0.03333333333333333
0 0.5833333333333334 0.43125 0.03125 0.041666666666666664
0 0.4083333333333333 0.4375 0.03125 0.0375
0 0.2760416666666667 0.45625 0.03958333333333333 0.0375
0 0.33541666666666664 0.4708333333333333 0.03333333333333333 0.041666666666666664
0 0.5125 0.471875 0.040625 0.06041666666666667
0 0.5916666666666667 0.49166666666666664 0.041666666666666664 0.058333333333333334
0 0.3885416666666667 0.49583333333333335 0.035416666666666666 0.041666666666666664
0 0.3145833333333333 0.49895833333333334 0.041666666666666664 0.05625
0 0.17291666666666666 0.51875 0.115625 0.14583333333333334
0 0.3770833333333333 0.5302083333333333 0.04583333333333333 0.05625
0 0.665625 0.5458333333333333 0.09375 0.14583333333333334
0 0.25833333333333336 0.5479166666666667 0.084375 0.12083333333333333
0 0.38958333333333334 0.5729166666666666 0.05416666666666667 0.075
0 0.19583333333333333 0.64375 0.115625 0.15416666666666667
0 0.31979166666666664 0.6635416666666667 0.08958333333333333 0.10208333333333333
0 0.036458333333333336 0.6770833333333334 0.07291666666666667 0.19583333333333333
0 0.7104166666666667 0.7104166666666667 0.10625 0.14583333333333334
0 0.5947916666666667 0.7375 0.10833333333333334 0.15416666666666667
0 0.2916666666666667 0.8104166666666667 0.09791666666666667 0.12083333333333333
0 0.9291666666666667 0.8125 0.14166666666666666 0.3458333333333333
0 0.09375 0.8270833333333333 0.184375 0.3375
0 0.23020833333333332 0.9416666666666667 0.14166666666666666 0.11666666666666667