0 0.265625 0.459375 0.071875 0.09375
0 0.32916666666666666 0.478125 0.035416666666666666 0.04791666666666667
0 0.5958333333333333 0.48333333333333334 0.084375 0.15
0 0.37916666666666665 0.5104166666666666 0.04583333333333333 0.0625
0 0.17291666666666666 0.5239583333333333 0.12916666666666668 0.14791666666666667
0 0.29791666666666666 0.5239583333333333 0.04375 0.052083333333333336
0 0.7145833333333333 0.534375 0.0875 0.14375
0 0.3729166666666667 0.5625 0.052083333333333336 0.07083333333333333
0 0.5416666666666666 0.5677083333333334 0.05416666666666667 0.07708333333333334
0 0.26666666666666666 0.5791666666666667 0.06041666666666667 0.08333333333333333
0 0.33541666666666664 0.6395833333333333 0.06875 0.07916666666666666
0 0.6604166666666667 0.7197916666666667 0.09791666666666667 0.14791666666666667
0 0.28958333333333336 0.796875 0.125 0.17708333333333334
0 0.103125 0.7989583333333333 0.20625 0.40208333333333335