0 0.48541666666666666 0.4166666666666667 0.028125 0.03333333333333333
0 0.5416666666666666 0.43333333333333335 0.028125 0.0375
0 0.290625 0.4354166666666667 0.028125 0.041666666666666664
0 0.3489583333333333 0.45 0.035416666666666666 0.041666666666666664
0 0.39895833333333336 0.459375 0.035416666666666666 0.04375
0 0.5260416666666666 0.5 0.04791666666666667 0.058333333333333334
0 0.38333333333333336 0.5052083333333334 0.0375 0.052083333333333336
0 0.19583333333333333 0.50625 0.09791666666666667 0.1375
0 0.28541666666666665 0.5104166666666666 0.06875 0.09583333333333334
0 0.6614583333333334 0.5104166666666666 0.052083333333333336 0.0625
0 0.3958333333333333 0.5375 0.05 0.075
0 0.20729166666666668 0.6197916666666666 0.10416666666666667 0.15208333333333332
0 0.328125 0.64375 0.078125 0.09583333333333334
0 0.06979166666666667 0.6520833333333333 0.13333333333333333 0.22916666666666666
0 0.6145833333333334 0.74375 0.10416666666666667 0.17083333333333334
0 0.3 0.78125 0.1 0.12916666666666668
0 0.8104166666666667 0.815625 0.14375 0.16041666666666668
0 0.09375 0.8270833333333333 0.1875 0.3458333333333333
0 0.23229166666666667 0.9375 0.14791666666666667 0.125