0 0.31666666666666665 0.42291666666666666 0.0375 0.04583333333333333
0 0.353125 0.44166666666666665 0.03125 0.03333333333333333
0 0.40625 0.4510416666666667 0.03125 0.03958333333333333
0 0.5760416666666667 0.4552083333333333 0.052083333333333336 0.08958333333333333
0 0.6229166666666667 0.46145833333333336 0.041666666666666664 0.04791666666666667
0 0.2625 0.46979166666666666 0.0375 0.03958333333333333
0 0.3302083333333333 0.478125 0.035416666666666666 0.04375
0 0.38333333333333336 0.5020833333333333 0.040625 0.05
0 0.31145833333333334 0.5072916666666667 0.041666666666666664 0.05625
0 0.5291666666666667 0.5322916666666667 0.05416666666666667 0.07291666666666667
0 0.3770833333333333 0.5395833333333333 0.046875 0.058333333333333334
0 0.15833333333333333 0.540625 0.1375 0.18541666666666667
0 0.6104166666666667 0.54375 0.053125 0.075
0 0.7104166666666667 0.546875 0.08333333333333333 0.13541666666666666
0 0.25833333333333336 0.5479166666666667 0.084375 0.12083333333333333
0 0.3875 0.584375 0.059375 0.08125
0 0.19270833333333334 0.6395833333333333 0.12916666666666668 0.15833333333333333
0 0.3145833333333333 0.66875 0.084375 0.1
0 0.2916666666666667 0.8072916666666666 0.10625 0.12291666666666666
0 0.09791666666666667 0.8270833333333333 0.19583333333333333 0.3458333333333333
0 0.6072916666666667 0.834375 0.10833333333333334 0.18125
0 0.23020833333333332 0.9395833333333333 0.14166666666666666 0.12083333333333333