0 0.50625 0.37395833333333334 0.015625 0.022916666666666665
0 0.47708333333333336 0.375 0.015625 0.020833333333333332
0 0.3375 0.38125 0.040625 0.05416666666666667
0 0.42291666666666666 0.40520833333333334 0.025 0.027083333333333334
0 0.36875 0.40625 0.03125 0.05
0 0.4083333333333333 0.41041666666666665 0.028125 0.03333333333333333
0 0.31145833333333334 0.4125 0.058333333333333334 0.07916666666666666
0 0.35208333333333336 0.41875 0.035416666666666666 0.05
0 0.2833333333333333 0.42604166666666665 0.028125 0.035416666666666666
0 0.3958333333333333 0.43333333333333335 0.028125 0.041666666666666664
0 0.34791666666666665 0.4479166666666667 0.03125 0.0375
0 0.24270833333333333 0.4552083333333333 0.04583333333333333 0.04375
0 0.39895833333333336 0.45625 0.035416666666666666 0.041666666666666664
0 0.5104166666666666 0.459375 0.03333333333333333 0.04375
0 0.32708333333333334 0.471875 0.058333333333333334 0.09791666666666667
0 0.38958333333333334 0.49166666666666664 0.04583333333333333 0.058333333333333334
0 0.19583333333333333 0.49270833333333336 0.04375 0.04375
0 0.23125 0.5072916666666667 0.053125 0.07291666666666667
0 0.27708333333333335 0.540625 0.06666666666666667 0.08541666666666667
0 0.36041666666666666 0.5489583333333333 0.06666666666666667 0.08125
0 0.17083333333333334 0.559375 0.10208333333333333 0.13541666666666666
0 0.052083333333333336 0.615625 0.09166666666666666 0.09791666666666667
0 0.5916666666666667 0.6645833333333333 0.08541666666666667 0.12916666666666668
0 0.17916666666666667 0.7166666666666667 0.10833333333333334 0.125
0 0.29583333333333334 0.7833333333333333 0.11458333333333333 0.14166666666666666