0 0.48541666666666666 0.33958333333333335 0.015625 0.029166666666666667
0 0.46458333333333335 0.35104166666666664 0.010416666666666666 0.014583333333333334
0 0.33958333333333335 0.38645833333333335 0.034375 0.05625
0 0.36354166666666665 0.40729166666666666 0.029166666666666667 0.04375
0 0.4 0.40729166666666666 0.025 0.01875
0 0.39791666666666664 0.42916666666666664 0.028125 0.029166666666666667
0 0.2989583333333333 0.43645833333333334 0.041666666666666664 0.06041666666666667
0 0.34375 0.44375 0.04375 0.07083333333333333
0 0.4 0.45208333333333334 0.03125 0.03333333333333333
0 0.39166666666666666 0.4708333333333333 0.034375 0.041666666666666664
0 0.22604166666666667 0.471875 0.035416666666666666 0.035416666666666666
0 0.25833333333333336 0.4875 0.040625 0.04583333333333333
0 0.31666666666666665 0.4875 0.040625 0.05416666666666667
0 0.3770833333333333 0.503125 0.041666666666666664 0.05625
0 0.2833333333333333 0.5364583333333334 0.04583333333333333 0.06041666666666667
0 0.24583333333333332 0.6052083333333333 0.071875 0.08541666666666667
0 0.33125 0.65625 0.08125 0.11666666666666667
0 0.06875 0.659375 0.1375 0.2520833333333333
0 0.13958333333333334 0.7895833333333333 0.121875 0.12916666666666668
0 0.9135416666666667 0.85 0.17291666666666666 0.3