0 0.2708333333333333 0.4552083333333333 0.053125 0.08541666666666667
0 0.315625 0.484375 0.053125 0.08125
0 0.39166666666666666 0.49375 0.03958333333333333 0.04583333333333333
0 0.6072916666666667 0.50625 0.09583333333333334 0.1375
0 0.6989583333333333 0.509375 0.06666666666666667 0.11041666666666666
0 0.146875 0.55625 0.1375 0.1875
0 0.37083333333333335 0.5572916666666666 0.05416666666666667 0.07291666666666667
0 0.5375 0.5760416666666667 0.059375 0.10208333333333333
0 0.2791666666666667 0.5864583333333333 0.058333333333333334 0.06458333333333334
0 0.7989583333333333 0.6510416666666666 0.09166666666666666 0.13125
0 0.325 0.7354166666666667 0.1 0.12916666666666668
0 0.08541666666666667 0.8458333333333333 0.17083333333333334 0.30833333333333335