0 0.30520833333333336 0.4114583333333333 0.04791666666666667 0.07708333333333334
0 0.4041666666666667 0.4322916666666667 0.028125 0.04375
0 0.33958333333333335 0.4395833333333333 0.041666666666666664 0.058333333333333334
0 0.55625 0.4427083333333333 0.0375 0.06875
0 0.2625 0.4552083333333333 0.078125 0.11875
0 0.33229166666666665 0.46875 0.035416666666666666 0.04583333333333333
0 0.5020833333333333 0.46979166666666666 0.035416666666666666 0.04791666666666667
0 0.3854166666666667 0.471875 0.035416666666666666 0.04791666666666667
0 0.6260416666666667 0.521875 0.12083333333333333 0.16875
0 0.16041666666666668 0.5239583333333333 0.058333333333333334 0.07291666666666667
0 0.2833333333333333 0.5322916666666667 0.0875 0.13125
0 0.19166666666666668 0.546875 0.053125 0.06458333333333334
0 0.371875 0.5645833333333333 0.053125 0.0625
0 0.7885416666666667 0.6145833333333334 0.10416666666666667 0.10833333333333334
0 0.052083333333333336 0.6854166666666667 0.090625 0.12916666666666668
0 0.3177083333333333 0.6875 0.08541666666666667 0.11666666666666667
0 0.146875 0.7375 0.1125 0.15
0 0.665625 0.9010416666666666 0.146875 0.19791666666666666