0 0.2916666666666667 0.42291666666666666 0.05416666666666667 0.08333333333333333
0 0.6166666666666667 0.4427083333333333 0.03958333333333333 0.05625
0 0.3333333333333333 0.45 0.04583333333333333 0.07083333333333333
0 0.5604166666666667 0.45625 0.034375 0.05
0 0.5072916666666667 0.4666666666666667 0.035416666666666666 0.04583333333333333
0 0.3958333333333333 0.47291666666666665 0.034375 0.04583333333333333
0 0.23229166666666667 0.478125 0.08333333333333333 0.12708333333333333
0 0.6572916666666667 0.4895833333333333 0.05416666666666667 0.06666666666666667
0 0.17708333333333334 0.5135416666666667 0.059375 0.06458333333333334
0 0.3 0.5166666666666667 0.053125 0.05416666666666667
0 0.36875 0.5239583333333333 0.046875 0.06875
0 0.6 0.5322916666666667 0.05625 0.07708333333333334
0 0.24166666666666667 0.5875 0.109375 0.15416666666666667
0 0.684375 0.6354166666666666 0.078125 0.10833333333333334
0 0.5583333333333333 0.6416666666666667 0.071875 0.1
0 0.33958333333333335 0.65 0.07291666666666667 0.0875
0 0.11458333333333333 0.653125 0.07708333333333334 0.08958333333333333
0 0.8322916666666667 0.6635416666666667 0.10208333333333333 0.15208333333333332
0 0.052083333333333336 0.9104166666666667 0.10416666666666667 0.17916666666666667
0 0.22291666666666668 0.934375 0.153125 0.13125