0 0.49375 0.3625 0.025 0.025
0 0.48125 0.38645833333333335 0.028125 0.035416666666666666
0 0.31666666666666665 0.409375 0.04375 0.06041666666666667
0 0.271875 0.4322916666666667 0.053125 0.06875
0 0.353125 0.44583333333333336 0.0375 0.041666666666666664
0 0.38958333333333334 0.4635416666666667 0.03125 0.04791666666666667
0 0.22291666666666668 0.46875 0.103125 0.07916666666666666
0 0.26458333333333334 0.5229166666666667 0.11875 0.15
0 0.3854166666666667 0.5427083333333333 0.052083333333333336 0.08541666666666667
0 0.35208333333333336 0.5875 0.05 0.06666666666666667
0 0.15104166666666666 0.6510416666666666 0.19583333333333333 0.28958333333333336
0 0.32708333333333334 0.6625 0.078125 0.10833333333333334
0 0.025 0.71875 0.05 0.10833333333333334
0 0.28958333333333336 0.7625 0.11458333333333333 0.1375
0 0.04791666666666667 0.875 0.09583333333333334 0.25
0 0.26979166666666665 0.9177083333333333 0.14791666666666667 0.16458333333333333