0 0.3375 0.4354166666666667 0.05625 0.0625
0 0.5072916666666667 0.459375 0.03958333333333333 0.05625
0 0.3885416666666667 0.471875 0.03958333333333333 0.04375
0 0.29583333333333334 0.49166666666666664 0.08541666666666667 0.125
0 0.7 0.49583333333333335 0.115625 0.12083333333333333
0 0.38333333333333336 0.5020833333333333 0.041666666666666664 0.041666666666666664
0 0.37083333333333335 0.5447916666666667 0.05 0.06041666666666667
0 0.3489583333333333 0.6010416666666667 0.06458333333333334 0.06458333333333334
0 0.5541666666666667 0.609375 0.07083333333333333 0.10208333333333333
0 0.057291666666666664 0.6572916666666667 0.11458333333333333 0.19791666666666666
0 0.32395833333333335 0.671875 0.08541666666666667 0.10625
0 0.7802083333333333 0.6635416666666667 0.22916666666666666 0.30104166666666665
0 0.15520833333333334 0.6916666666666667 0.21041666666666667 0.2916666666666667
0 0.28229166666666666 0.8635416666666667 0.12916666666666668 0.18541666666666667
0 0.6979166666666666 0.9166666666666666 0.14583333333333334 0.16666666666666666