0 0.48854166666666665 0.3927083333333333 0.027083333333333334 0.04375
0 0.2947916666666667 0.4270833333333333 0.06041666666666667 0.07916666666666666
0 0.36041666666666666 0.43854166666666666 0.041666666666666664 0.04375
0 0.5020833333333333 0.44166666666666665 0.035416666666666666 0.05
0 0.33958333333333335 0.4708333333333333 0.040625 0.0375
0 0.3885416666666667 0.4979166666666667 0.058333333333333334 0.0625
0 0.24166666666666667 0.5427083333333333 0.14166666666666666 0.15625
0 0.3729166666666667 0.54375 0.06041666666666667 0.09583333333333334
0 0.12708333333333333 0.5583333333333333 0.146875 0.15833333333333333
0 0.34791666666666665 0.5979166666666667 0.05625 0.075
0 0.7729166666666667 0.6020833333333333 0.10625 0.15
0 0.678125 0.6072916666666667 0.10625 0.19791666666666666
0 0.334375 0.6489583333333333 0.08125 0.11875
0 0.12395833333333334 0.703125 0.24791666666666667 0.36041666666666666
0 0.29270833333333335 0.7625 0.12708333333333333 0.12916666666666668
0 0.271875 0.909375 0.159375 0.18125