0 0.3104166666666667 0.4125 0.058333333333333334 0.0875
0 0.4114583333333333 0.4166666666666667 0.027083333333333334 0.0375
0 0.5604166666666667 0.43333333333333335 0.058333333333333334 0.09166666666666666
0 0.49583333333333335 0.43854166666666666 0.029166666666666667 0.04791666666666667
0 0.4083333333333333 0.44375 0.029166666666666667 0.03333333333333333
0 0.2635416666666667 0.44895833333333335 0.07916666666666666 0.11875
0 0.3229166666666667 0.45416666666666666 0.0625 0.10833333333333334
0 0.3875 0.4875 0.034375 0.04583333333333333
0 0.5208333333333334 0.5125 0.040625 0.05416666666666667
0 0.2833333333333333 0.5479166666666667 0.058333333333333334 0.0625
0 0.3645833333333333 0.5541666666666667 0.05416666666666667 0.07083333333333333
0 0.18645833333333334 0.559375 0.08541666666666667 0.11458333333333333
0 0.7239583333333334 0.578125 0.08541666666666667 0.09791666666666667
0 0.35104166666666664 0.6385416666666667 0.07083333333333333 0.10625
0 0.05416666666666667 0.7072916666666667 0.10833333333333334 0.17291666666666666
0 0.3125 0.7729166666666667 0.096875 0.13333333333333333
0 0.08333333333333333 0.8770833333333333 0.153125 0.1625