0 0.334375 0.44375 0.05625 0.0625
0 0.3885416666666667 0.471875 0.03958333333333333 0.04375
0 0.6739583333333333 0.48020833333333335 0.09583333333333334 0.10208333333333333
0 0.29270833333333335 0.5052083333333334 0.08958333333333333 0.13125
0 0.37083333333333335 0.5447916666666667 0.05 0.06041666666666667
0 0.534375 0.55 0.053125 0.07916666666666666
0 0.7020833333333333 0.5833333333333334 0.153125 0.20833333333333334
0 0.3489583333333333 0.6010416666666667 0.06458333333333334 0.06458333333333334
0 0.32395833333333335 0.671875 0.08541666666666667 0.10625
0 0.04583333333333333 0.671875 0.09166666666666666 0.21875
0 0.13958333333333334 0.7125 0.228125 0.3125
0 0.625 0.7635416666666667 0.1 0.16458333333333333
0 0.9010416666666666 0.8583333333333333 0.19791666666666666 0.2833333333333333
0 0.2760416666666667 0.8864583333333333 0.12916666666666668 0.19375