0 0.31666666666666665 0.421875 0.034375 0.052083333333333336
0 0.39895833333333336 0.43125 0.03333333333333333 0.0375
0 0.275 0.46875 0.05 0.0625
0 0.3260416666666667 0.48020833333333335 0.041666666666666664 0.052083333333333336
0 0.390625 0.48125 0.034375 0.05
0 0.29270833333333335 0.5135416666666667 0.03958333333333333 0.03958333333333333
0 0.6020833333333333 0.515625 0.052083333333333336 0.07291666666666667
0 0.378125 0.53125 0.04375 0.0625
0 0.16458333333333333 0.5520833333333334 0.09583333333333334 0.1125
0 0.28958333333333336 0.553125 0.05416666666666667 0.06458333333333334
0 0.3458333333333333 0.640625 0.07708333333333334 0.08958333333333333
0 0.057291666666666664 0.6614583333333334 0.11458333333333333 0.16458333333333333
0 0.16666666666666666 0.6895833333333333 0.134375 0.18333333333333332
0 0.675 0.9291666666666667 0.153125 0.14166666666666666