0 0.3260416666666667 0.45208333333333334 0.06666666666666667 0.1125
0 0.5041666666666667 0.46041666666666664 0.034375 0.05
0 0.3927083333333333 0.48020833333333335 0.041666666666666664 0.05625
0 0.37916666666666665 0.5114583333333333 0.046875 0.05625
0 0.2677083333333333 0.5333333333333333 0.08958333333333333 0.1125
0 0.7260416666666667 0.5375 0.10833333333333334 0.1375
0 0.5375 0.5458333333333333 0.046875 0.08333333333333333
0 0.15208333333333332 0.5708333333333333 0.090625 0.10416666666666667
0 0.35208333333333336 0.6052083333333333 0.058333333333333334 0.08125
0 0.31979166666666664 0.7385416666666667 0.08958333333333333 0.12708333333333333
0 0.09895833333333333 0.8177083333333334 0.19791666666666666 0.36354166666666665
0 0.234375 0.9583333333333334 0.14791666666666667 0.08229166666666667