0 0.29791666666666666 0.41875 0.05416666666666667 0.08333333333333333
0 0.5520833333333334 0.4395833333333333 0.05416666666666667 0.09166666666666666
0 0.33541666666666664 0.44583333333333336 0.04583333333333333 0.07083333333333333
0 0.6 0.45208333333333334 0.03125 0.04583333333333333
0 0.40208333333333335 0.45416666666666666 0.034375 0.04583333333333333
0 0.24166666666666667 0.46979166666666666 0.078125 0.11875
0 0.209375 0.47604166666666664 0.0375 0.052083333333333336
0 0.3802083333333333 0.490625 0.03958333333333333 0.05625
0 0.32083333333333336 0.49270833333333336 0.046875 0.05625
0 0.665625 0.496875 0.05625 0.06875
0 0.6208333333333333 0.5510416666666667 0.059375 0.09375
0 0.5375 0.5520833333333334 0.05625 0.08333333333333333
0 0.265625 0.559375 0.103125 0.15208333333333332
0 0.7541666666666667 0.584375 0.090625 0.09375
0 0.07916666666666666 0.5916666666666667 0.08541666666666667 0.09166666666666666
0 0.15416666666666667 0.6 0.07083333333333333 0.07916666666666666
0 0.3541666666666667 0.6114583333333333 0.06666666666666667 0.08125
0 0.74375 0.7666666666666667 0.121875 0.18333333333333332
0 0.2791666666666667 0.8177083333333334 0.11875 0.16041666666666668
0 0.090625 0.8447916666666667 0.140625 0.19375