0 0.35208333333333336 0.43125 0.05625 0.0625
0 0.5364583333333334 0.46979166666666666 0.08541666666666667 0.12708333333333333
0 0.3885416666666667 0.471875 0.03958333333333333 0.04375
0 0.25416666666666665 0.475 0.053125 0.0875
0 0.3 0.4875 0.078125 0.125
0 0.38333333333333336 0.5020833333333333 0.041666666666666664 0.041666666666666664
0 0.37083333333333335 0.5447916666666667 0.05 0.06041666666666667
0 0.54375 0.5666666666666667 0.0625 0.09166666666666666
0 0.35104166666666664 0.596875 0.06458333333333334 0.06458333333333334
0 0.8145833333333333 0.6125 0.190625 0.23333333333333334
0 0.19583333333333333 0.6166666666666667 0.16875 0.21666666666666667
0 0.07708333333333334 0.6229166666666667 0.11875 0.175
0 0.33125 0.6541666666666667 0.075 0.1
0 0.29791666666666666 0.8020833333333334 0.11041666666666666 0.16666666666666666