0 0.35208333333333336 0.4239583333333333 0.058333333333333334 0.07708333333333334
0 0.3072916666666667 0.42916666666666664 0.04583333333333333 0.06666666666666667
0 0.3958333333333333 0.453125 0.03958333333333333 0.04375
0 0.3104166666666667 0.471875 0.08541666666666667 0.11458333333333333
0 0.24791666666666667 0.48020833333333335 0.06041666666666667 0.09791666666666667
0 0.5291666666666667 0.49166666666666664 0.046875 0.0625
0 0.38958333333333334 0.4979166666666667 0.041666666666666664 0.05
0 0.3729166666666667 0.540625 0.05 0.06041666666666667
0 0.25833333333333336 0.5583333333333333 0.090625 0.11666666666666667
0 0.10625 0.571875 0.190625 0.23541666666666666
0 0.35208333333333336 0.5864583333333333 0.06458333333333334 0.06458333333333334
0 0.33125 0.6479166666666667 0.075 0.1
0 0.32916666666666666 0.7177083333333333 0.08541666666666667 0.12708333333333333
0 0.6083333333333333 0.746875 0.103125 0.17291666666666666
0 0.83125 0.8270833333333333 0.14375 0.23333333333333334
0 0.290625 0.8395833333333333 0.1125 0.15