0 0.40208333333333335 0.428125 0.03333333333333333 0.04375
0 0.27291666666666664 0.44166666666666665 0.04791666666666667 0.075
0 0.33541666666666664 0.4427083333333333 0.065625 0.08541666666666667
0 0.30104166666666665 0.5041666666666667 0.06458333333333334 0.09166666666666666
0 0.178125 0.5145833333333333 0.125 0.17083333333333334
0 0.378125 0.521875 0.05 0.06041666666666667
0 0.3489583333333333 0.5875 0.058333333333333334 0.06666666666666667
0 0.5729166666666666 0.6333333333333333 0.071875 0.10833333333333334
0 0.33125 0.6458333333333334 0.075 0.1
0 0.071875 0.6833333333333333 0.14375 0.29583333333333334
0 0.32395833333333335 0.7177083333333333 0.08541666666666667 0.12708333333333333
0 0.29375 0.8375 0.1125 0.15