0 0.5458333333333333 0.4166666666666667 0.046875 0.075
0 0.4041666666666667 0.45208333333333334 0.03333333333333333 0.03333333333333333
0 0.25416666666666665 0.46041666666666664 0.08125 0.125
0 0.31875 0.46145833333333336 0.075 0.11875
0 0.50625 0.4666666666666667 0.0375 0.05
0 0.3854166666666667 0.49375 0.03958333333333333 0.04583333333333333
0 0.671875 0.521875 0.065625 0.07708333333333334
0 0.27395833333333336 0.5677083333333334 0.06458333333333334 0.07708333333333334
0 0.3625 0.5677083333333334 0.05625 0.07708333333333334
0 0.16770833333333332 0.5739583333333333 0.08958333333333333 0.12708333333333333
0 0.34375 0.65625 0.075 0.10833333333333334
0 0.30833333333333335 0.7958333333333333 0.10625 0.14583333333333334
0 0.0625 0.9291666666666667 0.12395833333333334 0.140625
0 0.03958333333333333 0.7479166666666667 0.07916666666666666 0.19895833333333332