0 0.33541666666666664 0.44375 0.05625 0.0625
0 0.6479166666666667 0.465625 0.07291666666666667 0.10208333333333333
0 0.3885416666666667 0.471875 0.03958333333333333 0.04375
0 0.515625 0.4947916666666667 0.040625 0.06458333333333334
0 0.6354166666666666 0.5114583333333333 0.11458333333333333 0.14791666666666667
0 0.28541666666666665 0.5145833333333333 0.096875 0.13333333333333333
0 0.15833333333333333 0.5427083333333333 0.09166666666666666 0.08541666666666667
0 0.37083333333333335 0.5447916666666667 0.05 0.06041666666666667
0 0.34479166666666666 0.609375 0.06458333333333334 0.06458333333333334
0 0.5708333333333333 0.61875 0.06875 0.10416666666666667
0 0.7604166666666666 0.6875 0.18125 0.26666666666666666
0 0.32083333333333336 0.690625 0.08541666666666667 0.10625
0 0.12708333333333333 0.740625 0.25416666666666665 0.34375
0 0.2677083333333333 0.9125 0.14166666666666666 0.175