0 0.5020833333333333 0.371875 0.015625 0.022916666666666665
0 0.475 0.3729166666666667 0.015625 0.020833333333333332
0 0.3375 0.38125 0.040625 0.05416666666666667
0 0.42291666666666666 0.40520833333333334 0.025 0.027083333333333334
0 0.36875 0.40625 0.03125 0.05
0 0.4083333333333333 0.41041666666666665 0.028125 0.03333333333333333
0 0.3020833333333333 0.41458333333333336 0.058333333333333334 0.07916666666666666
0 0.35208333333333336 0.41875 0.035416666666666666 0.05
0 0.278125 0.4322916666666667 0.028125 0.035416666666666666
0 0.3958333333333333 0.43333333333333335 0.028125 0.041666666666666664
0 0.5010416666666667 0.44166666666666665 0.027083333333333334 0.0375
0 0.34791666666666665 0.4479166666666667 0.03125 0.0375
0 0.24270833333333333 0.4552083333333333 0.04583333333333333 0.04375
0 0.39895833333333336 0.45625 0.035416666666666666 0.041666666666666664
0 0.3260416666666667 0.4739583333333333 0.058333333333333334 0.09791666666666667
0 0.38645833333333335 0.4979166666666667 0.04583333333333333 0.058333333333333334
0 0.221875 0.509375 0.053125 0.07291666666666667
0 0.2677083333333333 0.5552083333333333 0.06666666666666667 0.08541666666666667
0 0.3541666666666667 0.559375 0.06666666666666667 0.08125
0 0.15416666666666667 0.571875 0.10208333333333333 0.13541666666666666
0 0.5635416666666667 0.5895833333333333 0.07291666666666667 0.09583333333333334
0 0.036458333333333336 0.646875 0.07291666666666667 0.09375
0 0.16458333333333333 0.7489583333333333 0.115625 0.13541666666666666
0 0.28541666666666665 0.8333333333333334 0.128125 0.1625
0 0.6916666666666667 0.928125 0.14166666666666666 0.14375