0 0.36041666666666666 0.43020833333333336 0.028125 0.03125
0 0.403125 0.43854166666666666 0.034375 0.04375
0 0.25729166666666664 0.440625 0.06666666666666667 0.06458333333333334
0 0.3385416666666667 0.4708333333333333 0.03333333333333333 0.04583333333333333
0 0.5791666666666667 0.49583333333333335 0.06041666666666667 0.08333333333333333
0 0.28958333333333336 0.49895833333333334 0.09166666666666666 0.13125
0 0.38958333333333334 0.49895833333333334 0.04791666666666667 0.05625
0 0.20833333333333334 0.5072916666666667 0.05625 0.07708333333333334
0 0.3645833333333333 0.5541666666666667 0.046875 0.07083333333333333
0 0.15416666666666667 0.65625 0.225 0.30833333333333335
0 0.33125 0.659375 0.090625 0.11041666666666666
0 0.6177083333333333 0.7104166666666667 0.10208333333333333 0.16666666666666666
0 0.296875 0.753125 0.109375 0.12708333333333333
0 0.065625 0.8677083333333333 0.13125 0.26458333333333334
0 0.2604166666666667 0.9135416666666667 0.13958333333333334 0.17291666666666666