0 0.265625 0.459375 0.071875 0.09375
0 0.32916666666666666 0.478125 0.035416666666666666 0.04791666666666667
0 0.6145833333333334 0.509375 0.1 0.17291666666666666
0 0.37916666666666665 0.5104166666666666 0.04583333333333333 0.0625
0 0.17291666666666666 0.5239583333333333 0.12916666666666668 0.14791666666666667
0 0.29791666666666666 0.5239583333333333 0.04375 0.052083333333333336
0 0.3729166666666667 0.5625 0.052083333333333336 0.07083333333333333
0 0.26666666666666666 0.5791666666666667 0.06041666666666667 0.08333333333333333
0 0.7802083333333333 0.596875 0.12291666666666666 0.18541666666666667
0 0.33958333333333335 0.63125 0.06875 0.07916666666666666
0 0.5739583333333333 0.6447916666666667 0.07291666666666667 0.09791666666666667
0 0.11041666666666666 0.7520833333333333 0.22083333333333333 0.37916666666666665
0 0.2989583333333333 0.7708333333333334 0.11666666666666667 0.1625
0 0.7770833333333333 0.9020833333333333 0.15833333333333333 0.19583333333333333