0 0.334375 0.44479166666666664 0.0625 0.09791666666666667
0 0.28020833333333334 0.446875 0.052083333333333336 0.07291666666666667
0 0.56875 0.459375 0.034375 0.05625
0 0.23333333333333334 0.46875 0.059375 0.0625
0 0.5083333333333333 0.46875 0.03125 0.05416666666666667
0 0.3885416666666667 0.471875 0.03958333333333333 0.04375
0 0.38333333333333336 0.5020833333333333 0.041666666666666664 0.041666666666666664
0 0.18854166666666666 0.5197916666666667 0.08333333333333333 0.10625
0 0.2677083333333333 0.528125 0.10833333333333334 0.13541666666666666
0 0.3729166666666667 0.540625 0.05 0.06041666666666667
0 0.35208333333333336 0.5864583333333333 0.06458333333333334 0.06458333333333334
0 0.7791666666666667 0.596875 0.11458333333333333 0.14791666666666667
0 0.33125 0.6479166666666667 0.075 0.1
0 0.16979166666666667 0.6895833333333333 0.14166666666666666 0.2
0 0.3229166666666667 0.7260416666666667 0.09375 0.13125
0 0.7927083333333333 0.728125 0.26458333333333334 0.39375
0 0.6020833333333333 0.73125 0.10833333333333334 0.17083333333333334
0 0.284375 0.8729166666666667 0.121875 0.16666666666666666