0 0.5208333333333334 0.3885416666666667 0.029166666666666667 0.03958333333333333
0 0.5583333333333333 0.40208333333333335 0.016666666666666666 0.025
0 0.35520833333333335 0.421875 0.03333333333333333 0.052083333333333336
0 0.2916666666666667 0.42291666666666666 0.05 0.09166666666666666
0 0.590625 0.425 0.028125 0.03333333333333333
0 0.5375 0.428125 0.025 0.03125
0 0.496875 0.4322916666666667 0.028125 0.03958333333333333
0 0.39791666666666664 0.43854166666666666 0.027083333333333334 0.03125
0 0.33541666666666664 0.45416666666666666 0.041666666666666664 0.07083333333333333
0 0.6270833333333333 0.459375 0.0375 0.04791666666666667
0 0.39166666666666666 0.47604166666666664 0.03333333333333333 0.035416666666666666
0 0.23020833333333332 0.48333333333333334 0.08958333333333333 0.14166666666666666
0 0.5666666666666667 0.48333333333333334 0.034375 0.05416666666666667
0 0.28541666666666665 0.525 0.04583333333333333 0.0625
0 0.36770833333333336 0.5364583333333334 0.04583333333333333 0.08125
0 0.6270833333333333 0.5416666666666666 0.052083333333333336 0.05416666666666667
0 0.13958333333333334 0.5427083333333333 0.052083333333333336 0.06875
0 0.5270833333333333 0.5520833333333334 0.03333333333333333 0.07083333333333333
0 0.7489583333333333 0.5697916666666667 0.07708333333333334 0.09375
0 0.23333333333333334 0.603125 0.125 0.17708333333333334
0 0.09375 0.6802083333333333 0.071875 0.10208333333333333
0 0.33125 0.6885416666666667 0.075 0.09375
0 0.6177083333333333 0.7802083333333333 0.10833333333333334 0.16875
0 0.9625 0.8614583333333333 0.075 0.22291666666666668
0 0.8822916666666667 0.9114583333333334 0.17708333333333334 0.17708333333333334
0 0.040625 0.9322916666666666 0.075 0.12708333333333333
0 0.215625 0.9625 0.13125 0.075