0 0.28854166666666664 0.43125 0.06458333333333334 0.09583333333333334
0 0.39166666666666666 0.44166666666666665 0.027083333333333334 0.0375
0 0.5114583333333333 0.453125 0.03333333333333333 0.04375
0 0.3458333333333333 0.45416666666666666 0.03333333333333333 0.041666666666666664
0 0.23958333333333334 0.4625 0.035416666666666666 0.041666666666666664
0 0.390625 0.4864583333333333 0.040625 0.04791666666666667
0 0.31666666666666665 0.4875 0.071875 0.1
0 0.19166666666666668 0.4947916666666667 0.053125 0.052083333333333336
0 0.5291666666666667 0.5177083333333333 0.04583333333333333 0.06875
0 0.36875 0.5375 0.053125 0.06666666666666667
0 0.18229166666666666 0.5510416666666667 0.058333333333333334 0.07708333333333334
0 0.7364583333333333 0.5822916666666667 0.06666666666666667 0.08125
0 0.24166666666666667 0.5958333333333333 0.071875 0.09583333333333334
0 0.078125 0.6447916666666667 0.1375 0.16458333333333333
0 0.30416666666666664 0.653125 0.096875 0.10208333333333333
0 0.7208333333333333 0.703125 0.109375 0.13125
0 0.6041666666666666 0.7447916666666666 0.096875 0.16458333333333333
0 0.06666666666666667 0.9166666666666666 0.13333333333333333 0.16666666666666666