0 0.346875 0.37083333333333335 0.03125 0.04583333333333333
0 0.5239583333333333 0.38229166666666664 0.03333333333333333 0.04791666666666667
0 0.3229166666666667 0.39895833333333336 0.046875 0.06875
0 0.42291666666666666 0.40520833333333334 0.021875 0.027083333333333334
0 0.4041666666666667 0.41041666666666665 0.022916666666666665 0.029166666666666667
0 0.2947916666666667 0.41354166666666664 0.027083333333333334 0.035416666666666666
0 0.3572916666666667 0.41875 0.041666666666666664 0.058333333333333334
0 0.540625 0.42604166666666665 0.03125 0.03958333333333333
0 0.5072916666666667 0.4270833333333333 0.029166666666666667 0.0375
0 0.396875 0.4322916666666667 0.03125 0.035416666666666666
0 0.259375 0.43854166666666666 0.034375 0.03958333333333333
0 0.4010416666666667 0.44375 0.03333333333333333 0.029166666666666667
0 0.5072916666666667 0.45 0.03958333333333333 0.04583333333333333
0 0.39895833333333336 0.4583333333333333 0.035416666666666666 0.04583333333333333
0 0.33541666666666664 0.459375 0.058333333333333334 0.08541666666666667
0 0.26979166666666665 0.4635416666666667 0.03958333333333333 0.052083333333333336
0 0.3854166666666667 0.4895833333333333 0.04375 0.05416666666666667
0 0.19166666666666668 0.4947916666666667 0.03333333333333333 0.052083333333333336
0 0.23854166666666668 0.49895833333333334 0.07083333333333333 0.08958333333333333
0 0.3020833333333333 0.5104166666666666 0.053125 0.07083333333333333
0 0.35208333333333336 0.6 0.071875 0.0875
0 0.24791666666666667 0.6114583333333333 0.071875 0.08958333333333333
0 0.13645833333333332 0.6291666666666667 0.07708333333333334 0.09166666666666666
0 0.7135416666666666 0.9510416666666667 0.14583333333333334 0.09791666666666667