0 0.26666666666666666 0.45 0.07291666666666667 0.10833333333333334
0 0.3875 0.46145833333333336 0.034375 0.04375
0 0.33645833333333336 0.46875 0.03333333333333333 0.041666666666666664
0 0.5760416666666667 0.478125 0.052083333333333336 0.08125
0 0.18854166666666666 0.5 0.05416666666666667 0.05416666666666667
0 0.5104166666666666 0.5145833333333333 0.04583333333333333 0.05416666666666667
0 0.28958333333333336 0.5208333333333334 0.08333333333333333 0.12083333333333333
0 0.203125 0.534375 0.053125 0.05625
0 0.37916666666666665 0.5416666666666666 0.046875 0.05416666666666667
0 0.690625 0.6052083333333333 0.175 0.2520833333333333
0 0.32916666666666666 0.65 0.075 0.10416666666666667
0 0.08020833333333334 0.6541666666666667 0.09583333333333334 0.11666666666666667
0 0.16458333333333333 0.7104166666666667 0.10625 0.1375
0 0.8916666666666667 0.7125 0.14791666666666667 0.15
0 0.07395833333333333 0.9114583333333334 0.14791666666666667 0.15520833333333334