0 0.35625 0.40625 0.05 0.075
0 0.5010416666666667 0.44166666666666665 0.03333333333333333 0.041666666666666664
0 0.4010416666666667 0.4427083333333333 0.029166666666666667 0.03125
0 0.6333333333333333 0.4510416666666667 0.06458333333333334 0.09375
0 0.3145833333333333 0.459375 0.07291666666666667 0.12291666666666666
0 0.3885416666666667 0.490625 0.041666666666666664 0.05625
0 0.20833333333333334 0.51875 0.0875 0.1
0 0.3729166666666667 0.525 0.053125 0.0625
0 0.5479166666666667 0.5489583333333333 0.06041666666666667 0.07291666666666667
0 0.23958333333333334 0.559375 0.10833333333333334 0.13541666666666666
0 0.12291666666666666 0.6020833333333333 0.10625 0.125
0 0.3416666666666667 0.6489583333333333 0.06875 0.09791666666666667
0 0.3020833333333333 0.8260416666666667 0.109375 0.14791666666666667
0 0.06666666666666667 0.85625 0.13333333333333333 0.2864583333333333