0 0.3375 0.4239583333333333 0.065625 0.10208333333333333
0 0.4010416666666667 0.43854166666666666 0.029166666666666667 0.03125
0 0.3958333333333333 0.46145833333333336 0.035416666666666666 0.035416666666666666
0 0.5083333333333333 0.4666666666666667 0.040625 0.05
0 0.26458333333333334 0.47604166666666664 0.05416666666666667 0.07708333333333334
0 0.3875 0.478125 0.034375 0.04791666666666667
0 0.30520833333333336 0.48541666666666666 0.06458333333333334 0.08333333333333333
0 0.21458333333333332 0.5072916666666667 0.0625 0.06458333333333334
0 0.37916666666666665 0.5270833333333333 0.041666666666666664 0.05416666666666667
0 0.14583333333333334 0.5677083333333334 0.1 0.11041666666666666
0 0.3541666666666667 0.6041666666666666 0.06458333333333334 0.07916666666666666
0 0.19895833333333332 0.625 0.17291666666666666 0.22916666666666666
0 0.309375 0.73125 0.0875 0.12083333333333333
0 0.23125 0.9302083333333333 0.16666666666666666 0.13854166666666667
0 0.03958333333333333 0.7104166666666667 0.07916666666666666 0.20729166666666668