0 0.34791666666666665 0.3729166666666667 0.034375 0.05
0 0.33125 0.39375 0.053125 0.07916666666666666
0 0.3020833333333333 0.403125 0.027083333333333334 0.035416666666666666
0 0.42291666666666666 0.40520833333333334 0.021875 0.027083333333333334
0 0.40520833333333334 0.41041666666666665 0.022916666666666665 0.029166666666666667
0 0.36354166666666665 0.41458333333333336 0.041666666666666664 0.058333333333333334
0 0.559375 0.42083333333333334 0.059375 0.09166666666666666
0 0.396875 0.428125 0.03125 0.035416666666666666
0 0.39791666666666664 0.44166666666666665 0.03333333333333333 0.029166666666666667
0 0.25833333333333336 0.4427083333333333 0.034375 0.03958333333333333
0 0.28958333333333336 0.446875 0.03958333333333333 0.052083333333333336
0 0.33645833333333336 0.4552083333333333 0.058333333333333334 0.08541666666666667
0 0.40208333333333335 0.459375 0.03958333333333333 0.04791666666666667
0 0.22604166666666667 0.46041666666666664 0.041666666666666664 0.058333333333333334
0 0.38958333333333334 0.471875 0.05 0.06041666666666667
0 0.253125 0.475 0.084375 0.09583333333333334
0 0.30833333333333335 0.5 0.053125 0.07083333333333333
0 0.5979166666666667 0.5010416666666667 0.05625 0.06458333333333334
0 0.365625 0.5395833333333333 0.071875 0.09166666666666666
0 0.60625 0.5572916666666666 0.078125 0.11041666666666666
0 0.19375 0.5583333333333333 0.071875 0.09583333333333334
0 0.26666666666666666 0.578125 0.08125 0.09375
0 0.5802083333333333 0.6177083333333333 0.09166666666666666 0.12708333333333333
0 0.13333333333333333 0.7875 0.14166666666666666 0.19166666666666668
0 0.19166666666666668 0.94375 0.18958333333333333 0.10833333333333334