0 0.5447916666666667 0.4166666666666667 0.027083333333333334 0.03333333333333333
0 0.49583333333333335 0.41875 0.025 0.0375
0 0.34479166666666666 0.459375 0.029166666666666667 0.052083333333333336
0 0.39791666666666664 0.46770833333333334 0.034375 0.04791666666666667
0 0.575 0.475 0.04375 0.06666666666666667
0 0.6291666666666667 0.475 0.04583333333333333 0.058333333333333334
0 0.3104166666666667 0.48333333333333334 0.058333333333333334 0.09583333333333334
0 0.221875 0.4979166666666667 0.0875 0.15416666666666667
0 0.4 0.5010416666666667 0.040625 0.06041666666666667
0 0.53125 0.5583333333333333 0.0625 0.08333333333333333
0 0.63125 0.5729166666666666 0.0625 0.07083333333333333
0 0.25104166666666666 0.575 0.09166666666666666 0.14166666666666666
0 0.3385416666666667 0.5989583333333334 0.07083333333333333 0.08125
0 0.08541666666666667 0.6135416666666667 0.17083333333333334 0.22291666666666668
0 0.328125 0.6854166666666667 0.078125 0.1
0 0.09583333333333334 0.815625 0.19166666666666668 0.33541666666666664
0 0.25416666666666665 0.909375 0.13541666666666666 0.18125