0 0.3729166666666667 0.39375 0.041666666666666664 0.06666666666666667
0 0.32708333333333334 0.39895833333333336 0.04583333333333333 0.06875
0 0.5229166666666667 0.409375 0.028125 0.035416666666666666
0 0.40625 0.42916666666666664 0.034375 0.0375
0 0.3614583333333333 0.4322916666666667 0.03333333333333333 0.03958333333333333
0 0.290625 0.446875 0.04375 0.06041666666666667
0 0.39479166666666665 0.459375 0.03333333333333333 0.03958333333333333
0 0.5052083333333334 0.47291666666666665 0.03958333333333333 0.058333333333333334
0 0.24375 0.49270833333333336 0.05625 0.07291666666666667
0 0.3020833333333333 0.509375 0.04583333333333333 0.052083333333333336
0 0.3854166666666667 0.5125 0.041666666666666664 0.0625
0 0.253125 0.575 0.053125 0.058333333333333334
0 0.36666666666666664 0.5770833333333333 0.052083333333333336 0.07083333333333333
0 0.6802083333333333 0.5885416666666666 0.09791666666666667 0.16875
0 0.10104166666666667 0.6052083333333333 0.11666666666666667 0.14375
0 0.23958333333333334 0.646875 0.07291666666666667 0.08125
0 0.31875 0.715625 0.0875 0.10625
0 0.071875 0.871875 0.14270833333333333 0.2552083333333333