0 0.5854166666666667 0.4270833333333333 0.028125 0.0375
0 0.27395833333333336 0.44583333333333336 0.06666666666666667 0.10833333333333334
0 0.5583333333333333 0.4552083333333333 0.035416666666666666 0.052083333333333336
0 0.3875 0.45729166666666665 0.034375 0.04375
0 0.3416666666666667 0.46041666666666664 0.03333333333333333 0.041666666666666664
0 0.50625 0.46770833333333334 0.034375 0.052083333333333336
0 0.21354166666666666 0.5104166666666666 0.04583333333333333 0.05416666666666667
0 0.29791666666666666 0.5145833333333333 0.08333333333333333 0.12083333333333333
0 0.384375 0.51875 0.046875 0.05416666666666667
0 0.5229166666666667 0.53125 0.05 0.08333333333333333
0 0.6270833333333333 0.540625 0.075 0.12708333333333333
0 0.08958333333333333 0.58125 0.07708333333333334 0.08333333333333333
0 0.3416666666666667 0.6083333333333333 0.07083333333333333 0.09166666666666666
0 0.5354166666666667 0.6083333333333333 0.058333333333333334 0.0875
0 0.1125 0.6197916666666666 0.08125 0.10625
0 0.190625 0.6697916666666667 0.0875 0.11041666666666666
0 0.8479166666666667 0.8 0.303125 0.4
0 0.12083333333333333 0.8510416666666667 0.1625 0.17291666666666666