0 0.3020833333333333 0.41875 0.053125 0.07083333333333333
0 0.2552083333333333 0.45 0.07916666666666666 0.0875
0 0.6333333333333333 0.4791666666666667 0.046875 0.058333333333333334
0 0.5104166666666666 0.48541666666666666 0.04375 0.058333333333333334
0 0.3125 0.49895833333333334 0.034375 0.052083333333333336
0 0.37604166666666666 0.5083333333333333 0.041666666666666664 0.05416666666666667
0 0.37395833333333334 0.553125 0.041666666666666664 0.06041666666666667
0 0.11666666666666667 0.5708333333333333 0.13125 0.1625
0 0.215625 0.5739583333333333 0.15 0.20625
0 0.34791666666666665 0.6041666666666666 0.053125 0.06666666666666667
0 0.3302083333333333 0.6614583333333334 0.08958333333333333 0.11041666666666666
0 0.625 0.74375 0.1 0.17083333333333334
0 0.2916666666666667 0.75625 0.10625 0.12916666666666668
0 0.24166666666666667 0.9416666666666667 0.1625 0.11666666666666667