0 0.36041666666666666 0.4041666666666667 0.046875 0.06666666666666667
0 0.5375 0.41041666666666665 0.0375 0.058333333333333334
0 0.30104166666666665 0.4197916666666667 0.03958333333333333 0.06458333333333334
0 0.3385416666666667 0.4510416666666667 0.04583333333333333 0.07291666666666667
0 0.23541666666666666 0.459375 0.09166666666666666 0.12708333333333333
0 0.39791666666666664 0.46145833333333336 0.028125 0.03958333333333333
0 0.3854166666666667 0.5072916666666667 0.041666666666666664 0.052083333333333336
0 0.3572916666666667 0.56875 0.058333333333333334 0.058333333333333334
0 0.12604166666666666 0.5885416666666666 0.21041666666666667 0.23958333333333334
0 0.33958333333333335 0.63125 0.071875 0.09166666666666666
0 0.17083333333333334 0.6614583333333334 0.17916666666666667 0.28958333333333336
0 0.325 0.7166666666666667 0.090625 0.12083333333333333
0 0.29270833333333335 0.8354166666666667 0.11458333333333333 0.14583333333333334