0 0.28020833333333334 0.4375 0.06458333333333334 0.09583333333333334
0 0.5041666666666667 0.44583333333333336 0.03125 0.041666666666666664
0 0.39375 0.446875 0.034375 0.04375
0 0.23541666666666666 0.459375 0.04583333333333333 0.03958333333333333
0 0.3416666666666667 0.46041666666666664 0.03333333333333333 0.041666666666666664
0 0.6291666666666667 0.47708333333333336 0.04375 0.04583333333333333
0 0.225 0.4875 0.040625 0.04583333333333333
0 0.30416666666666664 0.49895833333333334 0.07708333333333334 0.11041666666666666
0 0.3875 0.5020833333333333 0.046875 0.05416666666666667
0 0.6010416666666667 0.5229166666666667 0.05416666666666667 0.0625
0 0.15 0.5302083333333333 0.0625 0.052083333333333336
0 0.5333333333333333 0.5354166666666667 0.05 0.075
0 0.353125 0.5760416666666667 0.0625 0.08125
0 0.13958333333333334 0.5833333333333334 0.065625 0.07916666666666666
0 0.21666666666666667 0.6354166666666666 0.084375 0.10416666666666667
0 0.575 0.6854166666666667 0.084375 0.15833333333333333
0 0.7583333333333333 0.7229166666666667 0.146875 0.23333333333333334
0 0.05 0.725 0.1 0.20416666666666666
0 0.215625 0.7510416666666667 0.1375 0.13125