0 0.28125 0.45 0.03125 0.041666666666666664
0 0.3375 0.45625 0.03125 0.041666666666666664
0 0.234375 0.48333333333333334 0.078125 0.12083333333333333
0 0.509375 0.48333333333333334 0.0375 0.05416666666666667
0 0.31666666666666665 0.490625 0.041666666666666664 0.05625
0 0.37395833333333334 0.5135416666666667 0.04583333333333333 0.06458333333333334
0 0.2833333333333333 0.5520833333333334 0.05416666666666667 0.06666666666666667
0 0.5479166666666667 0.5572916666666666 0.05416666666666667 0.07708333333333334
0 0.12291666666666666 0.578125 0.17291666666666666 0.18541666666666667
0 0.36041666666666666 0.6041666666666666 0.06041666666666667 0.08333333333333333
0 0.23645833333333333 0.6302083333333334 0.07083333333333333 0.09375
0 0.30833333333333335 0.7177083333333333 0.090625 0.10625