0 0.31354166666666666 0.40729166666666666 0.03958333333333333 0.07291666666666667
0 0.5885416666666666 0.4197916666666667 0.041666666666666664 0.07291666666666667
0 0.553125 0.43333333333333335 0.040625 0.08333333333333333
0 0.39166666666666666 0.4395833333333333 0.028125 0.05416666666666667
0 0.2833333333333333 0.44583333333333336 0.059375 0.08333333333333333
0 0.34479166666666666 0.4510416666666667 0.05416666666666667 0.04791666666666667
0 0.3229166666666667 0.4791666666666667 0.05 0.0625
0 0.3802083333333333 0.5052083333333334 0.05416666666666667 0.06041666666666667
0 0.175 0.5125 0.078125 0.11666666666666667
0 0.228125 0.553125 0.134375 0.18958333333333333
0 0.37083333333333335 0.5614583333333333 0.05625 0.08125
0 0.346875 0.5979166666666667 0.059375 0.07083333333333333
0 0.5635416666666667 0.6395833333333333 0.07916666666666666 0.12083333333333333
0 0.33125 0.653125 0.08125 0.09375
0 0.28854166666666664 0.7520833333333333 0.11041666666666666 0.14166666666666666
0 0.10833333333333334 0.7791666666666667 0.215625 0.44166666666666665
0 0.2677083333333333 0.9125 0.13541666666666666 0.16666666666666666