0 0.5364583333333334 0.415625 0.035416666666666666 0.06875
0 0.3958333333333333 0.453125 0.0375 0.04375
0 0.3416666666666667 0.46041666666666664 0.03958333333333333 0.05
0 0.515625 0.49270833333333336 0.040625 0.07291666666666667
0 0.3177083333333333 0.4947916666666667 0.041666666666666664 0.052083333333333336
0 0.3770833333333333 0.5104166666666666 0.053125 0.058333333333333334
0 0.15625 0.53125 0.096875 0.12916666666666668
0 0.3729166666666667 0.5520833333333334 0.052083333333333336 0.07083333333333333
0 0.22708333333333333 0.5635416666666667 0.134375 0.19791666666666666
0 0.3489583333333333 0.6052083333333333 0.06041666666666667 0.08125
0 0.32916666666666666 0.665625 0.08958333333333333 0.12708333333333333
0 0.8520833333333333 0.7083333333333334 0.11666666666666667 0.14166666666666666
0 0.28958333333333336 0.7552083333333334 0.11041666666666666 0.13958333333333334
0 0.10208333333333333 0.7875 0.20416666666666666 0.425
0 0.634375 0.8177083333333334 0.1375 0.22291666666666668
0 0.2604166666666667 0.9114583333333334 0.146875 0.17708333333333334