0 0.5208333333333334 0.37604166666666666 0.03333333333333333 0.04791666666666667
0 0.340625 0.3770833333333333 0.034375 0.05
0 0.31875 0.4041666666666667 0.053125 0.07916666666666666
0 0.42291666666666666 0.40520833333333334 0.021875 0.027083333333333334
0 0.40520833333333334 0.41041666666666665 0.022916666666666665 0.029166666666666667
0 0.53125 0.4166666666666667 0.025 0.03333333333333333
0 0.2916666666666667 0.41770833333333335 0.027083333333333334 0.035416666666666666
0 0.3572916666666667 0.41875 0.041666666666666664 0.058333333333333334
0 0.396875 0.428125 0.03125 0.035416666666666666
0 0.49895833333333334 0.43020833333333336 0.029166666666666667 0.04791666666666667
0 0.4010416666666667 0.44375 0.03333333333333333 0.029166666666666667
0 0.253125 0.44479166666666664 0.034375 0.03958333333333333
0 0.33645833333333336 0.4552083333333333 0.058333333333333334 0.08541666666666667
0 0.39791666666666664 0.4635416666666667 0.03958333333333333 0.04791666666666667
0 0.26145833333333335 0.46770833333333334 0.03958333333333333 0.052083333333333336
0 0.38333333333333336 0.49270833333333336 0.05 0.06041666666666667
0 0.17916666666666667 0.50625 0.041666666666666664 0.058333333333333334
0 0.22083333333333333 0.5104166666666666 0.08333333333333333 0.10416666666666667
0 0.296875 0.5166666666666667 0.053125 0.07083333333333333
0 0.24479166666666666 0.61875 0.08541666666666667 0.1
0 0.34270833333333334 0.61875 0.07916666666666666 0.10416666666666667
0 0.11770833333333333 0.6510416666666666 0.09166666666666666 0.10208333333333333
0 0.6395833333333333 0.7895833333333333 0.109375 0.175