0 0.4895833333333333 0.41875 0.027083333333333334 0.03333333333333333
0 0.5770833333333333 0.425 0.035416666666666666 0.04583333333333333
0 0.3333333333333333 0.46770833333333334 0.035416666666666666 0.04375
0 0.3145833333333333 0.49895833333333334 0.0375 0.04375
0 0.37604166666666666 0.50625 0.04583333333333333 0.05416666666666667
0 0.534375 0.5072916666666667 0.046875 0.06875
0 0.28958333333333336 0.540625 0.04583333333333333 0.06875
0 0.3729166666666667 0.553125 0.040625 0.06041666666666667
0 0.20416666666666666 0.5895833333333333 0.1625 0.22083333333333333
0 0.3489583333333333 0.5979166666666667 0.05416666666666667 0.058333333333333334
0 0.08333333333333333 0.6072916666666667 0.16666666666666666 0.20208333333333334
0 0.32916666666666666 0.6583333333333333 0.08125 0.1125
0 0.29375 0.7583333333333333 0.103125 0.13333333333333333
0 0.634375 0.8635416666666667 0.125 0.23958333333333334