0 0.3375 0.4354166666666667 0.0625 0.09583333333333334
0 0.27395833333333336 0.4427083333333333 0.07083333333333333 0.11458333333333333
0 0.5166666666666667 0.471875 0.03333333333333333 0.052083333333333336
0 0.39166666666666666 0.475 0.034375 0.04583333333333333
0 0.6083333333333333 0.490625 0.07291666666666667 0.14791666666666667
0 0.30520833333333336 0.5135416666666667 0.05416666666666667 0.05625
0 0.5270833333333333 0.5208333333333334 0.046875 0.075
0 0.21041666666666667 0.5270833333333333 0.065625 0.09583333333333334
0 0.3729166666666667 0.5333333333333333 0.05 0.058333333333333334
0 0.13020833333333334 0.5541666666666667 0.06041666666666667 0.06666666666666667
0 0.3572916666666667 0.609375 0.06666666666666667 0.09375
0 0.09583333333333334 0.6427083333333333 0.11666666666666667 0.13958333333333334
0 0.5885416666666666 0.721875 0.08541666666666667 0.12291666666666666
0 0.3229166666666667 0.7354166666666667 0.090625 0.125
0 0.15833333333333333 0.753125 0.115625 0.12291666666666666
0 0.9375 0.8833333333333333 0.125 0.23333333333333334