0 0.48333333333333334 0.39895833333333336 0.029166666666666667 0.03125
0 0.29583333333333334 0.425 0.06041666666666667 0.07083333333333333
0 0.35833333333333334 0.4375 0.034375 0.05416666666666667
0 0.5041666666666667 0.44583333333333336 0.040625 0.041666666666666664
0 0.38958333333333334 0.465625 0.03125 0.035416666666666666
0 0.334375 0.47291666666666665 0.03125 0.05
0 0.38229166666666664 0.5010416666666667 0.04791666666666667 0.06875
0 0.2520833333333333 0.5447916666666667 0.1375 0.18125
0 0.371875 0.5510416666666667 0.046875 0.07291666666666667
0 0.128125 0.5541666666666667 0.1375 0.15833333333333333
0 0.34791666666666665 0.5979166666666667 0.06041666666666667 0.07916666666666666
0 0.8020833333333334 0.6302083333333334 0.13333333333333333 0.18125
0 0.6958333333333333 0.6333333333333333 0.11458333333333333 0.22083333333333333
0 0.328125 0.6625 0.0875 0.11666666666666667
0 0.128125 0.7 0.25625 0.36666666666666664
0 0.290625 0.759375 0.115625 0.14375
0 0.25833333333333336 0.9145833333333333 0.140625 0.17083333333333334