0 0.28854166666666664 0.43125 0.06458333333333334 0.09583333333333334
0 0.5072916666666667 0.43854166666666666 0.03333333333333333 0.04375
0 0.39166666666666666 0.44166666666666665 0.027083333333333334 0.0375
0 0.3416666666666667 0.46041666666666664 0.03333333333333333 0.041666666666666664
0 0.23958333333333334 0.4625 0.035416666666666666 0.041666666666666664
0 0.390625 0.4864583333333333 0.040625 0.04791666666666667
0 0.31666666666666665 0.4875 0.071875 0.1
0 0.19166666666666668 0.4947916666666667 0.053125 0.052083333333333336
0 0.525 0.5041666666666667 0.04375 0.0625
0 0.36875 0.5375 0.053125 0.06666666666666667
0 0.17604166666666668 0.5510416666666667 0.06458333333333334 0.08125
0 0.7125 0.5572916666666666 0.0625 0.06875
0 0.23541666666666666 0.6020833333333333 0.071875 0.09583333333333334
0 0.690625 0.653125 0.09375 0.11875
0 0.07291666666666667 0.6572916666666667 0.14375 0.17291666666666666
0 0.28958333333333336 0.665625 0.096875 0.10208333333333333
0 0.584375 0.6864583333333333 0.078125 0.13125