0 0.346875 0.37083333333333335 0.03125 0.04583333333333333
0 0.32916666666666666 0.396875 0.04375 0.06875
0 0.42291666666666666 0.40520833333333334 0.021875 0.027083333333333334
0 0.4041666666666667 0.41041666666666665 0.022916666666666665 0.029166666666666667
0 0.3625 0.4125 0.0375 0.05
0 0.2916666666666667 0.4166666666666667 0.03333333333333333 0.0375
0 0.396875 0.4322916666666667 0.03125 0.035416666666666666
0 0.5645833333333333 0.4322916666666667 0.05416666666666667 0.09375
0 0.3416666666666667 0.45 0.04791666666666667 0.07916666666666666
0 0.39895833333333336 0.45208333333333334 0.035416666666666666 0.04583333333333333
0 0.26458333333333334 0.4666666666666667 0.06041666666666667 0.0875
0 0.390625 0.475 0.040625 0.04583333333333333
0 0.30833333333333335 0.5020833333333333 0.046875 0.06666666666666667
0 0.6083333333333333 0.51875 0.05416666666666667 0.06666666666666667
0 0.3645833333333333 0.534375 0.053125 0.06875
0 0.19791666666666666 0.5541666666666667 0.059375 0.07083333333333333
0 0.26979166666666665 0.5770833333333333 0.06041666666666667 0.07916666666666666
0 0.6291666666666667 0.596875 0.084375 0.11041666666666666
0 0.5958333333333333 0.6739583333333333 0.09583333333333334 0.14375
0 0.14791666666666667 0.7635416666666667 0.11666666666666667 0.15625
0 0.21041666666666667 0.9270833333333334 0.18125 0.14583333333333334