0 0.490625 0.41458333333333336 0.053125 0.058333333333333334
0 0.40625 0.42083333333333334 0.025 0.041666666666666664
0 0.3 0.42604166666666665 0.05 0.07291666666666667
0 0.359375 0.43333333333333335 0.034375 0.03333333333333333
0 0.23541666666666666 0.440625 0.06666666666666667 0.07708333333333334
0 0.33958333333333335 0.4739583333333333 0.03958333333333333 0.05625
0 0.5208333333333334 0.48333333333333334 0.04583333333333333 0.08333333333333333
0 0.3854166666666667 0.496875 0.06041666666666667 0.07291666666666667
0 0.14166666666666666 0.5 0.13333333333333333 0.0875
0 0.2520833333333333 0.5395833333333333 0.140625 0.18333333333333332
0 0.37916666666666665 0.5510416666666667 0.06458333333333334 0.07291666666666667
0 0.3458333333333333 0.6 0.08125 0.0625
0 0.13125 0.6729166666666667 0.2625 0.3541666666666667
0 0.3416666666666667 0.6791666666666667 0.109375 0.14166666666666666
0 0.9208333333333333 0.7427083333333333 0.15833333333333333 0.35625
0 0.7802083333333333 0.7458333333333333 0.18333333333333332 0.3375
0 0.29583333333333334 0.7489583333333333 0.121875 0.14375
0 0.26666666666666666 0.9072916666666667 0.14375 0.18541666666666667