0 0.353125 0.3645833333333333 0.03125 0.04583333333333333
0 0.33125 0.396875 0.04375 0.06875
0 0.42291666666666666 0.40520833333333334 0.021875 0.027083333333333334
0 0.3020833333333333 0.40625 0.03333333333333333 0.0375
0 0.4041666666666667 0.41041666666666665 0.022916666666666665 0.029166666666666667
0 0.3625 0.4125 0.0375 0.05
0 0.396875 0.4322916666666667 0.03125 0.035416666666666666
0 0.3416666666666667 0.45 0.04791666666666667 0.07916666666666666
0 0.39895833333333336 0.45208333333333334 0.035416666666666666 0.04583333333333333
0 0.2760416666666667 0.4583333333333333 0.06041666666666667 0.0875
0 0.390625 0.475 0.040625 0.04583333333333333
0 0.309375 0.49375 0.046875 0.06666666666666667
0 0.6177083333333333 0.50625 0.08333333333333333 0.14166666666666666
0 0.228125 0.5177083333333333 0.05 0.06458333333333334
0 0.37083333333333335 0.5177083333333333 0.053125 0.06875
0 0.12708333333333333 0.5510416666666667 0.071875 0.06458333333333334
0 0.27395833333333336 0.5583333333333333 0.06041666666666667 0.07916666666666666
0 0.203125 0.6604166666666667 0.10625 0.12916666666666668
0 0.74375 0.7239583333333334 0.13125 0.15625
0 0.2760416666666667 0.8020833333333334 0.13958333333333334 0.20416666666666666