0 0.3458333333333333 0.38645833333333335 0.03125 0.06041666666666667
0 0.32708333333333334 0.4041666666666667 0.04375 0.07083333333333333
0 0.2916666666666667 0.42291666666666666 0.046875 0.07083333333333333
0 0.53125 0.42916666666666664 0.0375 0.04583333333333333
0 0.359375 0.4375 0.028125 0.0375
0 0.4010416666666667 0.44583333333333336 0.035416666666666666 0.04583333333333333
0 0.2520833333333333 0.4708333333333333 0.08125 0.10833333333333334
0 0.5291666666666667 0.496875 0.040625 0.07291666666666667
0 0.38333333333333336 0.5104166666666666 0.04375 0.07083333333333333
0 0.26666666666666666 0.5114583333333333 0.10416666666666667 0.17291666666666666
0 0.3645833333333333 0.56875 0.058333333333333334 0.0875
0 0.15833333333333333 0.6427083333333333 0.21875 0.33125
0 0.33125 0.6604166666666667 0.09375 0.1375
0 0.2947916666666667 0.7520833333333333 0.09583333333333334 0.15
0 0.075 0.8635416666666667 0.15 0.26875
0 0.25833333333333336 0.9010416666666666 0.13541666666666666 0.19791666666666666