0 0.3541666666666667 0.371875 0.03125 0.04791666666666667
0 0.509375 0.37395833333333334 0.028125 0.052083333333333336
0 0.4739583333333333 0.3770833333333333 0.014583333333333334 0.025
0 0.4791666666666667 0.39791666666666664 0.01875 0.025
0 0.32916666666666666 0.4010416666666667 0.03333333333333333 0.04375
0 0.3645833333333333 0.40520833333333334 0.029166666666666667 0.04375
0 0.4 0.40729166666666666 0.025 0.01875
0 0.49166666666666664 0.41875 0.022916666666666665 0.029166666666666667
0 0.39791666666666664 0.42916666666666664 0.028125 0.029166666666666667
0 0.30833333333333335 0.43125 0.027083333333333334 0.03333333333333333
0 0.3489583333333333 0.4354166666666667 0.035416666666666666 0.0625
0 0.2677083333333333 0.4395833333333333 0.03333333333333333 0.03333333333333333
0 0.403125 0.45 0.03125 0.03333333333333333
0 0.334375 0.4635416666666667 0.0375 0.052083333333333336
0 0.27291666666666664 0.46875 0.03125 0.0375
0 0.39166666666666666 0.46875 0.034375 0.041666666666666664
0 0.378125 0.4947916666666667 0.0375 0.052083333333333336
0 0.19270833333333334 0.509375 0.10416666666666667 0.13125
0 0.303125 0.5114583333333333 0.046875 0.05625
0 0.371875 0.5208333333333334 0.046875 0.0625
0 0.26458333333333334 0.5885416666666666 0.0625 0.07708333333333334
0 0.075 0.6395833333333333 0.15 0.23333333333333334
0 0.3416666666666667 0.6770833333333334 0.07708333333333334 0.1
0 0.17708333333333334 0.73125 0.09791666666666667 0.13333333333333333
0 0.25 0.8927083333333333 0.125 0.15625