0 0.3229166666666667 0.4083333333333333 0.034375 0.058333333333333334
0 0.36041666666666666 0.4166666666666667 0.03958333333333333 0.057291666666666664
0 0.27395833333333336 0.43333333333333335 0.07708333333333334 0.1
0 0.39791666666666664 0.4822916666666667 0.041666666666666664 0.052083333333333336
0 0.1875 0.521875 0.121875 0.18125
0 0.259375 0.5395833333333333 0.10625 0.175
0 0.3614583333333333 0.5479166666666667 0.052083333333333336 0.05416666666666667
0 0.346875 0.60625 0.06875 0.08333333333333333
0 0.7145833333333333 0.6479166666666667 0.159375 0.23333333333333334
0 0.325 0.7166666666666667 0.090625 0.12083333333333333
0 0.2947916666666667 0.8354166666666667 0.11458333333333333 0.14583333333333334
0 0.09583333333333334 0.8791666666666667 0.15 0.18125
0 0.04895833333333333 0.734375 0.09791666666666667 0.19166666666666668
0 0.042708333333333334 0.6145833333333334 0.08125 0.057291666666666664