0 0.33645833333333336 0.47604166666666664 0.027083333333333334 0.05625
0 0.571875 0.4791666666666667 0.0625 0.075
0 0.2791666666666667 0.5052083333333334 0.103125 0.14375
0 0.3875 0.50625 0.046875 0.06666666666666667
0 0.3645833333333333 0.5614583333333333 0.05625 0.08125
0 0.15416666666666667 0.6541666666666667 0.225 0.31666666666666665
0 0.32708333333333334 0.6552083333333333 0.09375 0.12291666666666666
0 0.5916666666666667 0.65625 0.0875 0.125
0 0.28541666666666665 0.7520833333333333 0.10625 0.12916666666666668
0 0.065625 0.8583333333333333 0.13125 0.2833333333333333
0 0.26145833333333335 0.9083333333333333 0.14583333333333334 0.18333333333333332