0 0.325 0.4041666666666667 0.05 0.06666666666666667
0 0.28958333333333336 0.42083333333333334 0.041666666666666664 0.06666666666666667
0 0.5375 0.42916666666666664 0.034375 0.04583333333333333
0 0.36041666666666666 0.43125 0.027083333333333334 0.03333333333333333
0 0.39895833333333336 0.440625 0.029166666666666667 0.04375
0 0.24791666666666667 0.453125 0.075 0.08541666666666667
0 0.3854166666666667 0.5083333333333333 0.0375 0.058333333333333334
0 0.26458333333333334 0.5125 0.10833333333333334 0.15
0 0.54375 0.515625 0.05625 0.07291666666666667
0 0.3625 0.5625 0.05 0.075
0 0.15520833333333334 0.65 0.21666666666666667 0.325
0 0.3333333333333333 0.6572916666666667 0.0875 0.12291666666666666
0 0.2916666666666667 0.75 0.10833333333333334 0.14166666666666666
0 0.06041666666666667 0.8625 0.12083333333333333 0.275
0 0.26458333333333334 0.90625 0.13958333333333334 0.16666666666666666