0 0.5729166666666666 0.44583333333333336 0.035416666666666666 0.04583333333333333
0 0.50625 0.44895833333333335 0.0375 0.052083333333333336
0 0.31979166666666664 0.46875 0.05520833333333333 0.08541666666666667
0 0.23541666666666666 0.4822916666666667 0.08125 0.12708333333333333
0 0.40208333333333335 0.49166666666666664 0.03125 0.058333333333333334
0 0.6291666666666667 0.5458333333333333 0.06041666666666667 0.09166666666666666
0 0.7041666666666667 0.55 0.07083333333333333 0.09166666666666666
0 0.26979166666666665 0.5416666666666666 0.078125 0.11458333333333333
0 0.3489583333333333 0.571875 0.06458333333333334 0.08958333333333333
0 0.1 0.5885416666666666 0.165625 0.19791666666666666
0 0.340625 0.6510416666666666 0.06875 0.09375
0 0.7604166666666666 0.7708333333333334 0.10833333333333334 0.15
0 0.6135416666666667 0.7833333333333333 0.12083333333333333 0.175
0 0.10416666666666667 0.7947916666666667 0.20833333333333334 0.315625
0 0.2625 0.8666666666666667 0.12708333333333333 0.171875