0 0.5052083333333334 0.38333333333333336 0.03333333333333333 0.03333333333333333
0 0.32083333333333336 0.40625 0.04791666666666667 0.07083333333333333
0 0.4947916666666667 0.41354166666666664 0.03333333333333333 0.052083333333333336
0 0.2833333333333333 0.42604166666666665 0.05625 0.06458333333333334
0 0.3541666666666667 0.44375 0.03958333333333333 0.05
0 0.22291666666666668 0.45 0.096875 0.07083333333333333
0 0.396875 0.45729166666666665 0.040625 0.052083333333333336
0 0.31666666666666665 0.503125 0.03125 0.07708333333333334
0 0.3802083333333333 0.528125 0.06458333333333334 0.07291666666666667
0 0.2520833333333333 0.5302083333333333 0.12291666666666666 0.17291666666666666
0 0.35833333333333334 0.5802083333333333 0.065625 0.08125
0 0.15729166666666666 0.6395833333333333 0.23333333333333334 0.35833333333333334
0 0.3333333333333333 0.6614583333333334 0.096875 0.13958333333333334
0 0.036458333333333336 0.6791666666666667 0.07291666666666667 0.12916666666666668
0 0.29583333333333334 0.7552083333333334 0.11666666666666667 0.14791666666666667
0 0.07083333333333333 0.8645833333333334 0.14166666666666666 0.2708333333333333
0 0.26145833333333335 0.9083333333333333 0.14583333333333334 0.18333333333333332