0 0.49583333333333335 0.3541666666666667 0.025 0.04583333333333333
0 0.3458333333333333 0.3802083333333333 0.034375 0.05625
0 0.47708333333333336 0.38229166666666664 0.016666666666666666 0.01875
0 0.36666666666666664 0.40520833333333334 0.029166666666666667 0.04375
0 0.4 0.40729166666666666 0.025 0.01875
0 0.31354166666666666 0.41770833333333335 0.041666666666666664 0.06041666666666667
0 0.28958333333333336 0.41875 0.025 0.025
0 0.39791666666666664 0.42916666666666664 0.028125 0.029166666666666667
0 0.34791666666666665 0.4375 0.035416666666666666 0.0625
0 0.403125 0.45 0.03125 0.03333333333333333
0 0.28125 0.45729166666666665 0.034375 0.03958333333333333
0 0.32916666666666666 0.46770833333333334 0.0375 0.052083333333333336
0 0.39166666666666666 0.46875 0.034375 0.041666666666666664
0 0.27291666666666664 0.4875 0.0375 0.041666666666666664
0 0.378125 0.4947916666666667 0.0375 0.052083333333333336
0 0.28541666666666665 0.5395833333333333 0.05 0.06666666666666667
0 0.36770833333333336 0.5395833333333333 0.05416666666666667 0.07916666666666666
0 0.15 0.5416666666666666 0.14375 0.15833333333333333
0 0.6333333333333333 0.5510416666666667 0.0625 0.06875
0 0.240625 0.6291666666666667 0.075 0.0875
0 0.041666666666666664 0.6958333333333333 0.08333333333333333 0.22083333333333333
0 0.30416666666666664 0.796875 0.10625 0.13958333333333334
0 0.07395833333333333 0.9 0.14583333333333334 0.19166666666666668