0 0.2947916666666667 0.42604166666666665 0.06666666666666667 0.09375
0 0.34791666666666665 0.42604166666666665 0.05416666666666667 0.08541666666666667
0 0.590625 0.43333333333333335 0.0375 0.058333333333333334
0 0.39791666666666664 0.45416666666666666 0.034375 0.0375
0 0.321875 0.4895833333333333 0.04375 0.04583333333333333
0 0.5166666666666667 0.503125 0.046875 0.05625
0 0.38333333333333336 0.50625 0.041666666666666664 0.058333333333333334
0 0.18125 0.5072916666666667 0.046875 0.052083333333333336
0 0.23333333333333334 0.509375 0.0625 0.08958333333333333
0 0.3645833333333333 0.584375 0.059375 0.08541666666666667
0 0.14791666666666667 0.5916666666666667 0.09583333333333334 0.12083333333333333
0 0.5604166666666667 0.6072916666666667 0.06041666666666667 0.10208333333333333
0 0.71875 0.6291666666666667 0.146875 0.2625
0 0.2125 0.6625 0.084375 0.1
0 0.33958333333333335 0.6895833333333333 0.084375 0.10416666666666667
0 0.6302083333333334 0.8072916666666666 0.11666666666666667 0.20208333333333334
0 0.06041666666666667 0.9010416666666666 0.12083333333333333 0.15208333333333332
0 0.24895833333333334 0.9333333333333333 0.14375 0.13229166666666667