0 0.33229166666666665 0.43333333333333335 0.06666666666666667 0.10416666666666667
0 0.38229166666666664 0.49583333333333335 0.03958333333333333 0.05
0 0.2833333333333333 0.5083333333333333 0.08125 0.10833333333333334
0 0.17395833333333333 0.5385416666666667 0.07916666666666666 0.08541666666666667
0 0.3614583333333333 0.5666666666666667 0.04791666666666667 0.075
0 0.5604166666666667 0.6135416666666667 0.07291666666666667 0.10625
0 0.06979166666666667 0.6260416666666667 0.13958333333333334 0.13125
0 0.33541666666666664 0.684375 0.08541666666666667 0.10625
0 0.9197916666666667 0.7479166666666667 0.16041666666666668 0.36666666666666664
0 0.121875 0.7708333333333334 0.24375 0.37916666666666665
0 0.2677083333333333 0.8729166666666667 0.13333333333333333 0.15833333333333333