0 0.353125 0.3645833333333333 0.03125 0.04583333333333333
0 0.33125 0.396875 0.04375 0.06875
0 0.31145833333333334 0.4 0.022916666666666665 0.03333333333333333
0 0.42291666666666666 0.40520833333333334 0.021875 0.027083333333333334
0 0.365625 0.40625 0.0375 0.05
0 0.4041666666666667 0.41041666666666665 0.022916666666666665 0.029166666666666667
0 0.396875 0.4322916666666667 0.03125 0.035416666666666666
0 0.2864583333333333 0.4375 0.06041666666666667 0.0875
0 0.3416666666666667 0.45 0.04791666666666667 0.07916666666666666
0 0.39895833333333336 0.45208333333333334 0.035416666666666666 0.04583333333333333
0 0.390625 0.475 0.040625 0.04583333333333333
0 0.3145833333333333 0.4895833333333333 0.046875 0.06666666666666667
0 0.3729166666666667 0.509375 0.053125 0.06875
0 0.23541666666666666 0.5114583333333333 0.05 0.06458333333333334
0 0.16354166666666667 0.521875 0.058333333333333334 0.06458333333333334
0 0.2791666666666667 0.5520833333333334 0.06041666666666667 0.07916666666666666
0 0.6604166666666667 0.5604166666666667 0.1 0.16666666666666666
0 0.21666666666666667 0.64375 0.10625 0.12916666666666668
0 0.04479166666666667 0.7052083333333333 0.08958333333333333 0.27708333333333335
0 0.28958333333333336 0.7635416666666667 0.12083333333333333 0.16875
0 0.859375 0.89375 0.1875 0.20833333333333334
0 0.06041666666666667 0.9322916666666666 0.12083333333333333 0.13541666666666666