0 0.334375 0.44479166666666664 0.0625 0.09791666666666667
0 0.28020833333333334 0.446875 0.052083333333333336 0.07291666666666667
0 0.5604166666666667 0.4510416666666667 0.034375 0.05625
0 0.503125 0.4583333333333333 0.03125 0.05416666666666667
0 0.24791666666666667 0.471875 0.059375 0.07291666666666667
0 0.3885416666666667 0.471875 0.03958333333333333 0.04375
0 0.38333333333333336 0.5020833333333333 0.041666666666666664 0.041666666666666664
0 0.18229166666666666 0.528125 0.08333333333333333 0.11458333333333333
0 0.2677083333333333 0.528125 0.10833333333333334 0.13541666666666666
0 0.3729166666666667 0.540625 0.05 0.06041666666666667
0 0.7510416666666667 0.5697916666666667 0.10416666666666667 0.13125
0 0.35208333333333336 0.5864583333333333 0.06458333333333334 0.06458333333333334
0 0.33125 0.6479166666666667 0.075 0.1
0 0.5822916666666667 0.66875 0.09583333333333334 0.14166666666666666
0 0.7479166666666667 0.6854166666666667 0.221875 0.3333333333333333
0 0.16041666666666668 0.6927083333333334 0.146875 0.20208333333333334
0 0.3229166666666667 0.7260416666666667 0.09375 0.13125
0 0.2791666666666667 0.8895833333333333 0.13333333333333333 0.17083333333333334
0 0.6614583333333334 0.9291666666666667 0.159375 0.140625