0 0.5541666666666667 0.4239583333333333 0.05416666666666667 0.10208333333333333
0 0.6 0.42916666666666664 0.040625 0.07916666666666666
0 0.28958333333333336 0.44166666666666665 0.028125 0.041666666666666664
0 0.496875 0.4427083333333333 0.025 0.035416666666666666
0 0.33958333333333335 0.45625 0.03125 0.041666666666666664
0 0.24375 0.48125 0.078125 0.12083333333333333
0 0.3229166666666667 0.4864583333333333 0.041666666666666664 0.05625
0 0.5229166666666667 0.48854166666666665 0.040625 0.06041666666666667
0 0.37395833333333334 0.5135416666666667 0.04583333333333333 0.06458333333333334
0 0.28854166666666664 0.5416666666666666 0.052083333333333336 0.06666666666666667
0 0.14375 0.553125 0.159375 0.17708333333333334
0 0.36666666666666664 0.58125 0.05625 0.07916666666666666
0 0.2552083333333333 0.6 0.06666666666666667 0.09166666666666666
0 0.5645833333333333 0.6239583333333333 0.07083333333333333 0.10625
0 0.325 0.6739583333333333 0.078125 0.09375
0 0.2520833333333333 0.9010416666666666 0.15416666666666667 0.19375
0 0.6989583333333333 0.9041666666666667 0.15208333333333332 0.19166666666666668