0 0.28854166666666664 0.43125 0.06458333333333334 0.09583333333333334
0 0.39166666666666666 0.44166666666666665 0.027083333333333334 0.0375
0 0.246875 0.446875 0.0375 0.03958333333333333
0 0.3416666666666667 0.46041666666666664 0.03333333333333333 0.041666666666666664
0 0.5083333333333333 0.46145833333333336 0.03125 0.052083333333333336
0 0.228125 0.48125 0.0375 0.04583333333333333
0 0.3104166666666667 0.490625 0.07708333333333334 0.11041666666666666
0 0.38958333333333334 0.4947916666666667 0.040625 0.04791666666666667
0 0.6583333333333333 0.49895833333333334 0.04583333333333333 0.052083333333333336
0 0.17083333333333334 0.521875 0.0625 0.052083333333333336
0 0.359375 0.5625 0.053125 0.07916666666666666
0 0.6260416666666667 0.5635416666666667 0.06458333333333334 0.08541666666666667
0 0.5479166666666667 0.5770833333333333 0.05416666666666667 0.0875
0 0.15208333333333332 0.5770833333333333 0.06666666666666667 0.08333333333333333
0 0.22291666666666668 0.6208333333333333 0.07708333333333334 0.09583333333333334
0 0.05416666666666667 0.6927083333333334 0.10833333333333334 0.18958333333333333
0 0.24791666666666667 0.715625 0.125 0.12291666666666666
0 0.61875 0.8239583333333333 0.11875 0.21875
0 0.8791666666666667 0.8572916666666667 0.22916666666666666 0.28541666666666665