0 0.346875 0.37083333333333335 0.03125 0.04583333333333333
0 0.32708333333333334 0.39895833333333336 0.04375 0.06875
0 0.3020833333333333 0.4041666666666667 0.020833333333333332 0.03333333333333333
0 0.42291666666666666 0.40520833333333334 0.021875 0.027083333333333334
0 0.540625 0.4083333333333333 0.0375 0.058333333333333334
0 0.4041666666666667 0.41041666666666665 0.022916666666666665 0.029166666666666667
0 0.359375 0.41458333333333336 0.0375 0.05
0 0.27708333333333335 0.4270833333333333 0.03333333333333333 0.0375
0 0.396875 0.4322916666666667 0.03125 0.035416666666666666
0 0.39895833333333336 0.45208333333333334 0.035416666666666666 0.04583333333333333
0 0.278125 0.45416666666666666 0.034375 0.05
0 0.33645833333333336 0.45416666666666666 0.04791666666666667 0.07916666666666666
0 0.21770833333333334 0.465625 0.022916666666666665 0.052083333333333336
0 0.5666666666666667 0.465625 0.0375 0.052083333333333336
0 0.25416666666666665 0.4791666666666667 0.06041666666666667 0.0875
0 0.38958333333333334 0.48333333333333334 0.04375 0.05416666666666667
0 0.5458333333333333 0.4864583333333333 0.04375 0.052083333333333336
0 0.30416666666666664 0.5041666666666667 0.053125 0.07083333333333333
0 0.5354166666666667 0.5260416666666666 0.05 0.06458333333333334
0 0.36354166666666665 0.5614583333333333 0.06041666666666667 0.07708333333333334
0 0.17708333333333334 0.5802083333333333 0.07083333333333333 0.08125
0 0.26145833333333335 0.5864583333333333 0.06666666666666667 0.08958333333333333
0 0.08854166666666667 0.8635416666666667 0.15208333333333332 0.19375