0 0.5458333333333333 0.421875 0.034375 0.05625
0 0.34270833333333334 0.42291666666666666 0.05416666666666667 0.09166666666666666
0 0.4041666666666667 0.434375 0.021875 0.03125
0 0.6114583333333333 0.4375 0.06458333333333334 0.09166666666666666
0 0.5072916666666667 0.453125 0.03333333333333333 0.04791666666666667
0 0.39375 0.4635416666666667 0.028125 0.035416666666666666
0 0.26666666666666666 0.5208333333333334 0.11875 0.1875
0 0.365625 0.5520833333333334 0.0625 0.08333333333333333
0 0.12291666666666666 0.5875 0.12083333333333333 0.11666666666666667
0 0.5927083333333333 0.6104166666666667 0.07708333333333334 0.10833333333333334
0 0.33645833333333336 0.61875 0.07083333333333333 0.08333333333333333
0 0.11666666666666667 0.728125 0.19583333333333333 0.2520833333333333
0 0.609375 0.7791666666666667 0.1 0.17916666666666667
0 0.28020833333333334 0.8583333333333333 0.12083333333333333 0.15833333333333333