0 0.296875 0.42083333333333334 0.028125 0.03333333333333333
0 0.578125 0.421875 0.028125 0.04375
0 0.5416666666666666 0.42291666666666666 0.03333333333333333 0.05
0 0.35520833333333335 0.43854166666666666 0.029166666666666667 0.035416666666666666
0 0.40208333333333335 0.4479166666666667 0.029166666666666667 0.0375
0 0.4979166666666667 0.45208333333333334 0.0375 0.05
0 0.5635416666666667 0.46875 0.035416666666666666 0.041666666666666664
0 0.3333333333333333 0.47604166666666664 0.0375 0.05625
0 0.38958333333333334 0.4895833333333333 0.034375 0.04583333333333333
0 0.20625 0.49166666666666664 0.096875 0.125
0 0.296875 0.503125 0.071875 0.10208333333333333
0 0.3958333333333333 0.5239583333333333 0.04583333333333333 0.06458333333333334
0 0.7489583333333333 0.6041666666666666 0.07916666666666666 0.10416666666666667
0 0.21979166666666666 0.609375 0.10416666666666667 0.15208333333333332
0 0.5708333333333333 0.6104166666666667 0.075 0.09583333333333334
0 0.3302083333333333 0.621875 0.07291666666666667 0.09375
0 0.071875 0.6375 0.14375 0.24166666666666667
0 0.31145833333333334 0.7385416666666667 0.09166666666666666 0.11458333333333333
0 0.09375 0.828125 0.1875 0.34375
0 0.2375 0.9270833333333334 0.146875 0.14583333333333334