0 0.3489583333333333 0.41875 0.058333333333333334 0.08333333333333333
0 0.3958333333333333 0.44895833333333335 0.029166666666666667 0.03125
0 0.5645833333333333 0.4552083333333333 0.0375 0.05625
0 0.29375 0.490625 0.09375 0.15625
0 0.5208333333333334 0.496875 0.041666666666666664 0.05625
0 0.378125 0.521875 0.053125 0.07708333333333334
0 0.71875 0.5291666666666667 0.11875 0.17083333333333334
0 0.625 0.5385416666666667 0.075 0.13125
0 0.16666666666666666 0.5541666666666667 0.10833333333333334 0.10416666666666667
0 0.3572916666666667 0.56875 0.05416666666666667 0.07083333333333333
0 0.178125 0.6375 0.14375 0.20833333333333334
0 0.05 0.6885416666666667 0.1 0.17708333333333334
0 0.6104166666666667 0.7145833333333333 0.09583333333333334 0.15416666666666667
0 0.3104166666666667 0.7552083333333334 0.1 0.12708333333333333
0 0.259375 0.9572916666666667 0.153125 0.084375