0 0.29791666666666666 0.41875 0.05416666666666667 0.08333333333333333
0 0.5604166666666667 0.44375 0.06666666666666667 0.1
0 0.33541666666666664 0.44583333333333336 0.04583333333333333 0.07083333333333333
0 0.40208333333333335 0.45416666666666666 0.034375 0.04583333333333333
0 0.6083333333333333 0.45416666666666666 0.041666666666666664 0.04583333333333333
0 0.24166666666666667 0.46979166666666666 0.078125 0.11875
0 0.3802083333333333 0.490625 0.03958333333333333 0.05625
0 0.32083333333333336 0.49270833333333336 0.046875 0.05625
0 0.6791666666666667 0.5104166666666666 0.0625 0.07916666666666666
0 0.265625 0.559375 0.103125 0.15208333333333332
0 0.5458333333333333 0.5739583333333333 0.058333333333333334 0.08958333333333333
0 0.6458333333333334 0.578125 0.06875 0.09375
0 0.09270833333333334 0.5875 0.08541666666666667 0.09166666666666666
0 0.1625 0.5885416666666666 0.0625 0.07291666666666667
0 0.3614583333333333 0.596875 0.06666666666666667 0.08125
0 0.7833333333333333 0.6104166666666667 0.1 0.10416666666666667
0 0.28541666666666665 0.7916666666666666 0.1125 0.15
0 0.09791666666666667 0.8208333333333333 0.140625 0.18333333333333332
0 0.7927083333333333 0.85625 0.14583333333333334 0.225