0 0.3729166666666667 0.39375 0.041666666666666664 0.06666666666666667
0 0.32708333333333334 0.39895833333333336 0.04583333333333333 0.06875
0 0.5145833333333333 0.4 0.027083333333333334 0.029166666666666667
0 0.3614583333333333 0.4322916666666667 0.03333333333333333 0.03958333333333333
0 0.290625 0.446875 0.04375 0.06041666666666667
0 0.5 0.4479166666666667 0.034375 0.05
0 0.39479166666666665 0.459375 0.03333333333333333 0.03958333333333333
0 0.23541666666666666 0.5 0.059375 0.07916666666666666
0 0.38229166666666664 0.5177083333333333 0.04583333333333333 0.06458333333333334
0 0.29583333333333334 0.51875 0.04791666666666667 0.05416666666666667
0 0.6427083333333333 0.5385416666666667 0.07916666666666666 0.13125
0 0.3645833333333333 0.5854166666666667 0.059375 0.07083333333333333
0 0.24583333333333332 0.5895833333333333 0.06041666666666667 0.058333333333333334
0 0.08958333333333333 0.6239583333333333 0.12708333333333333 0.15625
0 0.22708333333333333 0.66875 0.084375 0.09166666666666666
0 0.3145833333333333 0.7354166666666667 0.09583333333333334 0.1125