0 0.37083333333333335 0.396875 0.03125 0.03958333333333333
0 0.48541666666666666 0.4041666666666667 0.022916666666666665 0.03333333333333333
0 0.415625 0.40729166666666666 0.01875 0.027083333333333334
0 0.5604166666666667 0.4125 0.022916666666666665 0.0375
0 0.40208333333333335 0.4166666666666667 0.025 0.029166666666666667
0 0.35208333333333336 0.41875 0.041666666666666664 0.05416666666666667
0 0.29270833333333335 0.42916666666666664 0.052083333333333336 0.07083333333333333
0 0.4 0.45 0.03125 0.03333333333333333
0 0.340625 0.4510416666666667 0.03125 0.03958333333333333
0 0.240625 0.45416666666666666 0.090625 0.075
0 0.5197916666666667 0.4635416666666667 0.03333333333333333 0.04375
0 0.390625 0.4708333333333333 0.0375 0.04583333333333333
0 0.33125 0.471875 0.0375 0.04791666666666667
0 0.37916666666666665 0.48854166666666665 0.03125 0.035416666666666666
0 0.3104166666666667 0.5010416666666667 0.03125 0.04791666666666667
0 0.375 0.5104166666666666 0.040625 0.05416666666666667
0 0.28854166666666664 0.5427083333333333 0.03958333333333333 0.07291666666666667
0 0.37083333333333335 0.5552083333333333 0.04791666666666667 0.05625
0 0.35 0.6010416666666667 0.059375 0.06041666666666667
0 0.19895833333333332 0.60625 0.15833333333333333 0.23333333333333334
0 0.06666666666666667 0.6260416666666667 0.13333333333333333 0.20625
0 0.5604166666666667 0.6302083333333334 0.06875 0.11875
0 0.32916666666666666 0.6645833333333333 0.084375 0.10833333333333334
0 0.2916666666666667 0.7645833333333333 0.109375 0.1375