0 0.31354166666666666 0.41354166666666664 0.03333333333333333 0.03958333333333333
0 0.5958333333333333 0.4239583333333333 0.05416666666666667 0.09375
0 0.35104166666666664 0.425 0.03958333333333333 0.05416666666666667
0 0.27395833333333336 0.45 0.04583333333333333 0.08333333333333333
0 0.32708333333333334 0.46875 0.05 0.07083333333333333
0 0.3927083333333333 0.48333333333333334 0.041666666666666664 0.04583333333333333
0 0.16458333333333333 0.5354166666666667 0.128125 0.1625
0 0.3770833333333333 0.5375 0.05625 0.06666666666666667
0 0.6270833333333333 0.5375 0.109375 0.14583333333333334
0 0.7354166666666667 0.5458333333333333 0.08958333333333333 0.1375
0 0.2916666666666667 0.5625 0.05416666666666667 0.06666666666666667
0 0.5666666666666667 0.6604166666666667 0.07916666666666666 0.13333333333333333
0 0.328125 0.7083333333333334 0.1 0.11666666666666667
0 0.8791666666666667 0.740625 0.115625 0.15625
0 0.1 0.8125 0.2 0.375
0 0.25 0.9458333333333333 0.146875 0.10833333333333334