0 0.32708333333333334 0.4125 0.029166666666666667 0.05
0 0.5927083333333333 0.415625 0.041666666666666664 0.07291666666666667
0 0.4041666666666667 0.42604166666666665 0.028125 0.027083333333333334
0 0.28541666666666665 0.45 0.040625 0.058333333333333334
0 0.33958333333333335 0.4552083333333333 0.03125 0.04375
0 0.39791666666666664 0.465625 0.029166666666666667 0.04791666666666667
0 0.30625 0.4864583333333333 0.034375 0.035416666666666666
0 0.38333333333333336 0.5114583333333333 0.0375 0.04791666666666667
0 0.309375 0.521875 0.04375 0.05625
0 0.18854166666666666 0.5270833333333333 0.08333333333333333 0.1125
0 0.36041666666666666 0.5989583333333334 0.06041666666666667 0.07291666666666667
0 0.22395833333333334 0.6114583333333333 0.11041666666666666 0.14375
0 0.09791666666666667 0.6114583333333333 0.1125 0.14375
0 0.7666666666666667 0.7333333333333333 0.10833333333333334 0.15833333333333333
0 0.259375 0.94375 0.14375 0.11145833333333334