0 0.3145833333333333 0.41458333333333336 0.05 0.07083333333333333
0 0.346875 0.4583333333333333 0.028125 0.0625
0 0.390625 0.47708333333333336 0.0375 0.0625
0 0.2552083333333333 0.5302083333333333 0.12708333333333333 0.16458333333333333
0 0.37083333333333335 0.5458333333333333 0.05 0.075
0 0.3489583333333333 0.5979166666666667 0.06458333333333334 0.07916666666666666
0 0.15416666666666667 0.65625 0.22291666666666668 0.30833333333333335
0 0.32916666666666666 0.6625 0.0875 0.11666666666666667
0 0.016666666666666666 0.7354166666666667 0.03333333333333333 0.07916666666666666
0 0.6166666666666667 0.7520833333333333 0.12916666666666668 0.15416666666666667
0 0.29583333333333334 0.7635416666666667 0.11666666666666667 0.14791666666666667
0 0.051041666666666666 0.8822916666666667 0.10208333333333333 0.23541666666666666
0 0.2604166666666667 0.9104166666666667 0.1375 0.17916666666666667