0 0.3697916666666667 0.396875 0.03958333333333333 0.05625
0 0.31666666666666665 0.409375 0.03958333333333333 0.06458333333333334
0 0.35520833333333335 0.425 0.04583333333333333 0.06666666666666667
0 0.2604166666666667 0.44479166666666664 0.07916666666666666 0.11875
0 0.40208333333333335 0.4510416666666667 0.028125 0.03958333333333333
0 0.39479166666666665 0.49270833333333336 0.041666666666666664 0.052083333333333336
0 0.17708333333333334 0.534375 0.14791666666666667 0.19791666666666666
0 0.6322916666666667 0.5375 0.09791666666666667 0.14583333333333334
0 0.35833333333333334 0.5625 0.052083333333333336 0.05416666666666667
0 0.24166666666666667 0.5697916666666667 0.121875 0.20208333333333334
0 0.3416666666666667 0.6135416666666667 0.071875 0.08125
0 0.325 0.7166666666666667 0.090625 0.12083333333333333
0 0.2947916666666667 0.8354166666666667 0.11458333333333333 0.14583333333333334
0 0.06875 0.934375 0.13645833333333332 0.13020833333333334
0 0.03333333333333333 0.76875 0.06666666666666667 0.2