0 0.3072916666666667 0.425 0.06041666666666667 0.0625
0 0.36041666666666666 0.440625 0.034375 0.05625
0 0.5 0.44895833333333335 0.03125 0.052083333333333336
0 0.340625 0.4635416666666667 0.034375 0.052083333333333336
0 0.38333333333333336 0.49166666666666664 0.04791666666666667 0.06666666666666667
0 0.24583333333333332 0.540625 0.14375 0.18541666666666667
0 0.3729166666666667 0.5572916666666666 0.05625 0.12291666666666666
0 0.5427083333333333 0.559375 0.052083333333333336 0.08958333333333333
0 0.35208333333333336 0.6135416666666667 0.090625 0.12708333333333333
0 0.32708333333333334 0.6770833333333334 0.11458333333333333 0.12916666666666668
0 0.13958333333333334 0.6833333333333333 0.24166666666666667 0.3375
0 0.2989583333333333 0.7510416666666667 0.11458333333333333 0.16875
0 0.2635416666666667 0.9083333333333333 0.13541666666666666 0.18333333333333332