0 0.25104166666666666 0.46458333333333335 0.07291666666666667 0.09583333333333334
0 0.5895833333333333 0.47291666666666665 0.084375 0.15
0 0.32916666666666666 0.478125 0.035416666666666666 0.04791666666666667
0 0.37916666666666665 0.5104166666666666 0.04583333333333333 0.0625
0 0.6895833333333333 0.5104166666666666 0.075 0.125
0 0.29791666666666666 0.5239583333333333 0.04375 0.052083333333333336
0 0.1625 0.534375 0.1375 0.16458333333333333
0 0.5322916666666667 0.5416666666666666 0.04583333333333333 0.0625
0 0.3729166666666667 0.5625 0.052083333333333336 0.07083333333333333
0 0.2635416666666667 0.5833333333333334 0.06666666666666667 0.09166666666666666
0 0.33541666666666664 0.6395833333333333 0.06875 0.07916666666666666
0 0.6229166666666667 0.6604166666666667 0.07916666666666666 0.125
0 0.103125 0.7989583333333333 0.20625 0.40208333333333335
0 0.28541666666666665 0.809375 0.125 0.17708333333333334