0 0.5583333333333333 0.43125 0.05625 0.10416666666666667
0 0.6104166666666667 0.440625 0.053125 0.09375
0 0.28958333333333336 0.44166666666666665 0.028125 0.041666666666666664
0 0.3416666666666667 0.45625 0.03125 0.041666666666666664
0 0.503125 0.45625 0.03125 0.041666666666666664
0 0.24375 0.48125 0.078125 0.12083333333333333
0 0.3229166666666667 0.4864583333333333 0.041666666666666664 0.05625
0 0.5291666666666667 0.5072916666666667 0.046875 0.07291666666666667
0 0.37395833333333334 0.5135416666666667 0.04583333333333333 0.06458333333333334
0 0.2916666666666667 0.5364583333333334 0.05 0.06041666666666667
0 0.14375 0.553125 0.159375 0.17708333333333334
0 0.36875 0.5791666666666667 0.05625 0.07916666666666666
0 0.25833333333333336 0.5916666666666667 0.06666666666666667 0.09166666666666666
0 0.328125 0.6677083333333333 0.078125 0.09375
0 0.58125 0.6677083333333333 0.078125 0.12291666666666666
0 0.2635416666666667 0.890625 0.15416666666666667 0.19375