0 0.49583333333333335 0.3541666666666667 0.025 0.04583333333333333
0 0.475 0.37916666666666665 0.0125 0.016666666666666666
0 0.3458333333333333 0.3802083333333333 0.034375 0.05625
0 0.3020833333333333 0.4041666666666667 0.025 0.025
0 0.36666666666666664 0.40520833333333334 0.029166666666666667 0.04375
0 0.4 0.40729166666666666 0.025 0.01875
0 0.31354166666666666 0.41770833333333335 0.041666666666666664 0.06041666666666667
0 0.39791666666666664 0.42916666666666664 0.028125 0.029166666666666667
0 0.34791666666666665 0.4375 0.035416666666666666 0.0625
0 0.29791666666666666 0.446875 0.034375 0.03958333333333333
0 0.403125 0.45 0.03125 0.03333333333333333
0 0.39166666666666666 0.46875 0.034375 0.041666666666666664
0 0.32708333333333334 0.471875 0.0375 0.052083333333333336
0 0.378125 0.4947916666666667 0.0375 0.052083333333333336
0 0.27708333333333335 0.49895833333333334 0.04375 0.05625
0 0.603125 0.5145833333333333 0.053125 0.058333333333333334
0 0.2791666666666667 0.5458333333333333 0.05 0.06666666666666667
0 0.3614583333333333 0.55 0.05416666666666667 0.07916666666666666
0 0.1375 0.553125 0.15 0.16875
0 0.23541666666666666 0.6333333333333333 0.075 0.0875
0 0.03333333333333333 0.709375 0.065625 0.21875
0 0.2916666666666667 0.8395833333333333 0.1125 0.15416666666666667
0 0.059375 0.925 0.11875 0.15