0 0.4979166666666667 0.43333333333333335 0.028125 0.04583333333333333
0 0.3302083333333333 0.440625 0.06666666666666667 0.10208333333333333
0 0.39166666666666666 0.48333333333333334 0.034375 0.04583333333333333
0 0.5291666666666667 0.4947916666666667 0.041666666666666664 0.05625
0 0.21458333333333332 0.58125 0.171875 0.23333333333333334
0 0.34791666666666665 0.6020833333333333 0.071875 0.1
0 0.06875 0.65625 0.1375 0.17083333333333334
0 0.3125 0.703125 0.0875 0.11875
0 0.5854166666666667 0.7114583333333333 0.1 0.15208333333333332
0 0.8354166666666667 0.8197916666666667 0.23333333333333334 0.29375
0 0.07708333333333334 0.8479166666666667 0.153125 0.30416666666666664
0 0.2635416666666667 0.9125 0.13333333333333333 0.175