0 0.6135416666666667 0.4322916666666667 0.05416666666666667 0.08125
0 0.5625 0.43854166666666666 0.0625 0.08958333333333333
0 0.328125 0.45416666666666666 0.05625 0.07916666666666666
0 0.3885416666666667 0.471875 0.03958333333333333 0.04375
0 0.51875 0.48854166666666665 0.0375 0.06041666666666667
0 0.38333333333333336 0.5020833333333333 0.041666666666666664 0.041666666666666664
0 0.21354166666666666 0.503125 0.06458333333333334 0.10625
0 0.615625 0.5135416666666667 0.075 0.11041666666666666
0 0.26979166666666665 0.534375 0.11041666666666666 0.14791666666666667
0 0.37083333333333335 0.55 0.05 0.06666666666666667
0 0.128125 0.5614583333333333 0.09375 0.09375
0 0.3385416666666667 0.6197916666666666 0.07083333333333333 0.07708333333333334
0 0.5635416666666667 0.64375 0.06666666666666667 0.1125
0 0.31145833333333334 0.7239583333333334 0.09583333333333334 0.12708333333333333
0 0.11770833333333333 0.8020833333333334 0.23541666666666666 0.37916666666666665