0 0.3229166666666667 0.41770833333333335 0.034375 0.052083333333333336
0 0.40208333333333335 0.42916666666666664 0.03333333333333333 0.0375
0 0.278125 0.459375 0.04375 0.06458333333333334
0 0.334375 0.46458333333333335 0.0375 0.04583333333333333
0 0.39375 0.47708333333333336 0.034375 0.05
0 0.3020833333333333 0.496875 0.034375 0.035416666666666666
0 0.38125 0.51875 0.04375 0.05416666666666667
0 0.3020833333333333 0.5364583333333334 0.053125 0.05625
0 0.17916666666666667 0.5395833333333333 0.09583333333333334 0.1125
0 0.6604166666666667 0.590625 0.06666666666666667 0.09791666666666667
0 0.3572916666666667 0.6177083333333333 0.07291666666666667 0.08125
0 0.06979166666666667 0.6322916666666667 0.12083333333333333 0.15208333333333332
0 0.203125 0.6427083333333333 0.13125 0.15625
0 0.571875 0.396875 0.03958333333333333 0.06041666666666667