0 0.26875 0.45 0.065625 0.09166666666666666
0 0.32916666666666666 0.478125 0.035416666666666666 0.04791666666666667
0 0.196875 0.5020833333333333 0.115625 0.12083333333333333
0 0.37395833333333334 0.5125 0.04583333333333333 0.0625
0 0.29791666666666666 0.5239583333333333 0.04375 0.052083333333333336
0 0.3729166666666667 0.5583333333333333 0.052083333333333336 0.07083333333333333
0 0.27291666666666664 0.575 0.06041666666666667 0.08333333333333333
0 0.68125 0.5875 0.159375 0.26666666666666666
0 0.3416666666666667 0.6166666666666667 0.0625 0.08333333333333333
0 0.8072916666666666 0.6354166666666666 0.08333333333333333 0.10833333333333334
0 0.11458333333333333 0.71875 0.228125 0.3541666666666667
0 0.3072916666666667 0.7333333333333333 0.10416666666666667 0.15416666666666667
0 0.22708333333333333 0.91875 0.16458333333333333 0.1625