0 0.359375 0.409375 0.053125 0.08541666666666667
0 0.4979166666666667 0.43645833333333334 0.028125 0.035416666666666666
0 0.5604166666666667 0.43645833333333334 0.05416666666666667 0.07708333333333334
0 0.32083333333333336 0.4552083333333333 0.06458333333333334 0.07708333333333334
0 0.38958333333333334 0.475 0.034375 0.0375
0 0.5145833333333333 0.5010416666666667 0.04375 0.05625
0 0.38333333333333336 0.5083333333333333 0.041666666666666664 0.041666666666666664
0 0.203125 0.5229166666666667 0.078125 0.1125
0 0.253125 0.5510416666666667 0.121875 0.17291666666666666
0 0.36770833333333336 0.553125 0.05416666666666667 0.06458333333333334
0 0.10208333333333333 0.590625 0.109375 0.11458333333333333
0 0.55625 0.603125 0.059375 0.09375
0 0.3333333333333333 0.6416666666666667 0.07083333333333333 0.08333333333333333
0 0.8875 0.7104166666666667 0.15 0.1875
0 0.296875 0.7666666666666667 0.103125 0.14166666666666666
0 0.09895833333333333 0.8239583333333333 0.19166666666666668 0.35208333333333336