0 0.47604166666666664 0.37395833333333334 0.022916666666666665 0.03125
0 0.31666666666666665 0.409375 0.04791666666666667 0.06041666666666667
0 0.26666666666666666 0.4270833333333333 0.053125 0.058333333333333334
0 0.346875 0.45 0.034375 0.05416666666666667
0 0.20729166666666668 0.46770833333333334 0.07916666666666666 0.05625
0 0.38958333333333334 0.471875 0.04583333333333333 0.052083333333333336
0 0.2552083333333333 0.534375 0.12708333333333333 0.17291666666666666
0 0.38229166666666664 0.5479166666666667 0.06666666666666667 0.09583333333333334
0 0.35520833333333335 0.5916666666666667 0.07291666666666667 0.08333333333333333
0 0.14791666666666667 0.6604166666666667 0.21458333333333332 0.31666666666666665
0 0.3416666666666667 0.6625 0.115625 0.125
0 0.022916666666666665 0.7302083333333333 0.04583333333333333 0.09375
0 0.29583333333333334 0.7489583333333333 0.11041666666666666 0.16041666666666668
0 0.053125 0.8802083333333334 0.10625 0.23958333333333334
0 0.25729166666666664 0.9114583333333334 0.13541666666666666 0.17708333333333334
0 0.6770833333333334 0.9333333333333333 0.171875 0.10833333333333334