0 0.26666666666666666 0.45 0.07291666666666667 0.10833333333333334
0 0.3875 0.46145833333333336 0.034375 0.04375
0 0.56875 0.4635416666666667 0.04375 0.08125
0 0.33645833333333336 0.46875 0.03333333333333333 0.041666666666666664
0 0.5072916666666667 0.4979166666666667 0.03958333333333333 0.05416666666666667
0 0.17708333333333334 0.50625 0.05416666666666667 0.05416666666666667
0 0.2864583333333333 0.525 0.08333333333333333 0.12083333333333333
0 0.2 0.5385416666666667 0.053125 0.05625
0 0.3770833333333333 0.55 0.046875 0.05416666666666667
0 0.6666666666666666 0.5770833333333333 0.15208333333333332 0.22083333333333333
0 0.07395833333333333 0.6604166666666667 0.09583333333333334 0.11666666666666667
0 0.32708333333333334 0.6625 0.075 0.10416666666666667
0 0.8520833333333333 0.678125 0.13125 0.13125
0 0.16041666666666668 0.71875 0.10625 0.1375
0 0.065625 0.9270833333333334 0.13125 0.14479166666666668