0 0.6166666666666667 0.4322916666666667 0.05416666666666667 0.08125
0 0.5708333333333333 0.44479166666666664 0.065625 0.09791666666666667
0 0.328125 0.45416666666666666 0.05625 0.07916666666666666
0 0.3885416666666667 0.471875 0.03958333333333333 0.04375
0 0.21458333333333332 0.5020833333333333 0.06458333333333334 0.09583333333333334
0 0.38333333333333336 0.5020833333333333 0.041666666666666664 0.041666666666666664
0 0.521875 0.5020833333333333 0.04375 0.0625
0 0.6291666666666667 0.5270833333333333 0.08958333333333333 0.12083333333333333
0 0.275 0.5291666666666667 0.10625 0.14583333333333334
0 0.37083333333333335 0.55 0.05 0.06666666666666667
0 0.13854166666666667 0.5625 0.10208333333333333 0.1
0 0.3385416666666667 0.6197916666666666 0.07083333333333333 0.07708333333333334
0 0.5729166666666666 0.690625 0.078125 0.12708333333333333
0 0.31145833333333334 0.7239583333333334 0.09583333333333334 0.12708333333333333
0 0.11770833333333333 0.8020833333333334 0.23541666666666666 0.37916666666666665