0 0.35104166666666664 0.41875 0.052083333333333336 0.08333333333333333
0 0.29583333333333334 0.42604166666666665 0.06666666666666667 0.09375
0 0.5979166666666667 0.43854166666666666 0.03958333333333333 0.06458333333333334
0 0.39791666666666664 0.45416666666666666 0.034375 0.0375
0 0.325 0.48333333333333334 0.04375 0.04583333333333333
0 0.19583333333333333 0.496875 0.046875 0.052083333333333336
0 0.24166666666666667 0.496875 0.0625 0.08541666666666667
0 0.38333333333333336 0.50625 0.041666666666666664 0.058333333333333334
0 0.5239583333333333 0.5229166666666667 0.052083333333333336 0.06666666666666667
0 0.365625 0.5770833333333333 0.059375 0.08333333333333333
0 0.15625 0.5885416666666666 0.090625 0.11875
0 0.21666666666666667 0.6489583333333333 0.084375 0.08958333333333333
0 0.5729166666666666 0.653125 0.071875 0.11458333333333333
0 0.7520833333333333 0.6802083333333333 0.17083333333333334 0.3020833333333333
0 0.33958333333333335 0.6895833333333333 0.084375 0.10416666666666667
0 0.06979166666666667 0.871875 0.12916666666666668 0.13958333333333334
0 0.6791666666666667 0.8989583333333333 0.15208333333333332 0.20208333333333334
0 0.25104166666666666 0.9333333333333333 0.14166666666666666 0.13333333333333333