0 0.3489583333333333 0.41875 0.058333333333333334 0.08333333333333333
0 0.3958333333333333 0.44895833333333335 0.029166666666666667 0.03125
0 0.5697916666666667 0.46770833333333334 0.041666666666666664 0.06458333333333334
0 0.29375 0.490625 0.09375 0.15625
0 0.528125 0.5114583333333333 0.046875 0.06875
0 0.378125 0.521875 0.053125 0.07708333333333334
0 0.74375 0.54375 0.128125 0.18333333333333332
0 0.16666666666666666 0.5447916666666667 0.09583333333333334 0.09791666666666667
0 0.6385416666666667 0.559375 0.08333333333333333 0.14791666666666667
0 0.3572916666666667 0.56875 0.05416666666666667 0.07083333333333333
0 0.1875 0.6260416666666667 0.146875 0.18541666666666667
0 0.05520833333333333 0.678125 0.11041666666666666 0.15208333333333332
0 0.3145833333333333 0.7458333333333333 0.09166666666666666 0.125
0 0.64375 0.7916666666666666 0.1125 0.19583333333333333
0 0.2635416666666667 0.9510416666666667 0.15416666666666667 0.09791666666666667