0 0.346875 0.42291666666666666 0.05 0.0875
0 0.503125 0.434375 0.034375 0.052083333333333336
0 0.3958333333333333 0.4552083333333333 0.04583333333333333 0.04375
0 0.5708333333333333 0.459375 0.05 0.07291666666666667
0 0.6458333333333334 0.46770833333333334 0.075 0.12291666666666666
0 0.278125 0.5041666666666667 0.109375 0.17083333333333334
0 0.5291666666666667 0.5083333333333333 0.052083333333333336 0.07083333333333333
0 0.37395833333333334 0.5333333333333333 0.06458333333333334 0.08333333333333333
0 0.14166666666666666 0.5822916666666667 0.115625 0.12708333333333333
0 0.3489583333333333 0.5989583333333334 0.07083333333333333 0.08958333333333333
0 0.14375 0.6791666666666667 0.190625 0.2375
0 0.036458333333333336 0.725 0.07291666666666667 0.1875
0 0.29270833333333335 0.8177083333333334 0.10833333333333334 0.15208333333333332
0 0.7166666666666667 0.884375 0.16458333333333333 0.22708333333333333