0 0.32708333333333334 0.415625 0.034375 0.04375
0 0.3645833333333333 0.425 0.03125 0.0375
0 0.4083333333333333 0.43020833333333336 0.029166666666666667 0.035416666666666666
0 0.4979166666666667 0.4322916666666667 0.034375 0.04375
0 0.5989583333333334 0.446875 0.03958333333333333 0.04375
0 0.2791666666666667 0.44895833333333335 0.0375 0.03958333333333333
0 0.33958333333333335 0.46458333333333335 0.03333333333333333 0.041666666666666664
0 0.39166666666666666 0.48125 0.0375 0.041666666666666664
0 0.31979166666666664 0.49270833333333336 0.041666666666666664 0.05625
0 0.528125 0.5125 0.046875 0.07083333333333333
0 0.18333333333333332 0.5270833333333333 0.121875 0.1625
0 0.3770833333333333 0.5270833333333333 0.041666666666666664 0.058333333333333334
0 0.2708333333333333 0.5333333333333333 0.084375 0.12083333333333333
0 0.6229166666666667 0.5375 0.05625 0.07083333333333333
0 0.38958333333333334 0.565625 0.05416666666666667 0.08125
0 0.7677083333333333 0.634375 0.14166666666666666 0.22291666666666668
0 0.19583333333333333 0.64375 0.115625 0.15416666666666667
0 0.321875 0.6572916666666667 0.0875 0.10208333333333333
0 0.05 0.6666666666666666 0.1 0.21666666666666667
0 0.2916666666666667 0.8104166666666667 0.09791666666666667 0.12083333333333333
0 0.09375 0.8270833333333333 0.184375 0.3375
0 0.8291666666666667 0.896875 0.13958333333333334 0.20625
0 0.23020833333333332 0.9416666666666667 0.14166666666666666 0.11666666666666667