0 0.3104166666666667 0.4125 0.058333333333333334 0.0875
0 0.4114583333333333 0.4166666666666667 0.027083333333333334 0.0375
0 0.5677083333333334 0.4427083333333333 0.058333333333333334 0.10208333333333333
0 0.4083333333333333 0.44375 0.029166666666666667 0.03333333333333333
0 0.49895833333333334 0.44479166666666664 0.03333333333333333 0.052083333333333336
0 0.2635416666666667 0.4510416666666667 0.07916666666666666 0.11875
0 0.3229166666666667 0.45416666666666666 0.0625 0.10833333333333334
0 0.3875 0.4875 0.034375 0.04583333333333333
0 0.528125 0.534375 0.04375 0.06041666666666667
0 0.2833333333333333 0.5375 0.05416666666666667 0.058333333333333334
0 0.18958333333333333 0.5510416666666667 0.078125 0.11458333333333333
0 0.3645833333333333 0.5541666666666667 0.05416666666666667 0.07083333333333333
0 0.746875 0.6104166666666667 0.096875 0.12916666666666668
0 0.35104166666666664 0.6333333333333333 0.07083333333333333 0.1
0 0.05416666666666667 0.6989583333333333 0.10833333333333334 0.17291666666666666
0 0.3125 0.7729166666666667 0.096875 0.13333333333333333
0 0.09583333333333334 0.8552083333333333 0.13958333333333334 0.15625