0 0.26458333333333334 0.465625 0.052083333333333336 0.07291666666666667
0 0.31979166666666664 0.4708333333333333 0.07916666666666666 0.1
0 0.3885416666666667 0.471875 0.03958333333333333 0.04375
0 0.2125 0.49166666666666664 0.065625 0.06666666666666667
0 0.38333333333333336 0.5020833333333333 0.041666666666666664 0.041666666666666664
0 0.37083333333333335 0.5447916666666667 0.05 0.06041666666666667
0 0.22604166666666667 0.5854166666666667 0.13958333333333334 0.1875
0 0.11979166666666667 0.5875 0.09583333333333334 0.15416666666666667
0 0.35104166666666664 0.596875 0.06458333333333334 0.06458333333333334
0 0.64375 0.609375 0.171875 0.25625
0 0.33125 0.6541666666666667 0.075 0.1
0 0.3145833333333333 0.7572916666666667 0.103125 0.14791666666666667
0 0.6729166666666667 0.9 0.16458333333333333 0.2