0 0.3375 0.4354166666666667 0.05625 0.0625
0 0.5072916666666667 0.459375 0.03958333333333333 0.05625
0 0.3885416666666667 0.471875 0.03958333333333333 0.04375
0 0.6854166666666667 0.48333333333333334 0.096875 0.10833333333333334
0 0.29270833333333335 0.5052083333333334 0.08958333333333333 0.13125
0 0.37083333333333335 0.5447916666666667 0.05 0.06041666666666667
0 0.5416666666666666 0.5739583333333333 0.058333333333333334 0.09375
0 0.3489583333333333 0.6010416666666667 0.06458333333333334 0.06458333333333334
0 0.7395833333333334 0.6197916666666666 0.18958333333333333 0.2520833333333333
0 0.059375 0.665625 0.11875 0.19791666666666666
0 0.32395833333333335 0.671875 0.08541666666666667 0.10625
0 0.14895833333333333 0.6989583333333333 0.22083333333333333 0.29791666666666666
0 0.6572916666666667 0.85 0.12083333333333333 0.2
0 0.28229166666666666 0.8760416666666667 0.12916666666666668 0.19375