0 0.5541666666666667 0.4427083333333333 0.035416666666666666 0.052083333333333336
0 0.32708333333333334 0.47291666666666665 0.041666666666666664 0.04583333333333333
0 0.3958333333333333 0.49166666666666664 0.040625 0.05
0 0.30416666666666664 0.53125 0.040625 0.06666666666666667
0 0.3770833333333333 0.534375 0.04791666666666667 0.06458333333333334
0 0.5375 0.546875 0.053125 0.06458333333333334
0 0.24583333333333332 0.5625 0.09166666666666666 0.125
0 0.3729166666666667 0.5697916666666667 0.046875 0.05625
0 0.096875 0.5770833333333333 0.153125 0.17083333333333334
0 0.38333333333333336 0.6135416666666667 0.06458333333333334 0.08541666666666667
0 0.19583333333333333 0.640625 0.11666666666666667 0.16041666666666668
0 0.7166666666666667 0.6510416666666666 0.10833333333333334 0.20208333333333334
0 0.5708333333333333 0.6541666666666667 0.07916666666666666 0.12083333333333333
0 0.035416666666666666 0.6833333333333333 0.07083333333333333 0.1875
0 0.309375 0.6927083333333334 0.096875 0.10625
0 0.29375 0.8083333333333333 0.1 0.125
0 0.09166666666666666 0.8291666666666667 0.18333333333333332 0.3416666666666667
0 0.228125 0.9416666666666667 0.15 0.11666666666666667