0 0.278125 0.44583333333333336 0.065625 0.09166666666666666
0 0.3333333333333333 0.47604166666666664 0.035416666666666666 0.04791666666666667
0 0.21458333333333332 0.4864583333333333 0.10833333333333334 0.12291666666666666
0 0.30416666666666664 0.509375 0.04375 0.052083333333333336
0 0.37395833333333334 0.5125 0.04583333333333333 0.0625
0 0.3729166666666667 0.5583333333333333 0.052083333333333336 0.07083333333333333
0 0.2760416666666667 0.559375 0.05416666666666667 0.07708333333333334
0 0.34375 0.6145833333333334 0.0625 0.08333333333333333
0 0.15416666666666667 0.6541666666666667 0.221875 0.2875
0 0.3229166666666667 0.69375 0.09791666666666667 0.13333333333333333
0 0.8614583333333333 0.7958333333333333 0.27708333333333335 0.4083333333333333
0 0.26458333333333334 0.8510416666666667 0.12708333333333333 0.17708333333333334