0 0.3145833333333333 0.42291666666666666 0.05 0.07083333333333333
0 0.25729166666666664 0.44166666666666665 0.05416666666666667 0.075
0 0.39791666666666664 0.4479166666666667 0.04583333333333333 0.0375
0 0.34270833333333334 0.45625 0.035416666666666666 0.04583333333333333
0 0.3854166666666667 0.48125 0.053125 0.0625
0 0.1875 0.5041666666666667 0.1125 0.11666666666666667
0 0.253125 0.54375 0.128125 0.17916666666666667
0 0.371875 0.5510416666666667 0.05 0.07291666666666667
0 0.5458333333333333 0.5583333333333333 0.071875 0.1
0 0.3489583333333333 0.5989583333333334 0.06458333333333334 0.08958333333333333
0 0.15625 0.64375 0.25625 0.32916666666666666
0 0.3333333333333333 0.6635416666666667 0.103125 0.11041666666666666
0 0.2916666666666667 0.7583333333333333 0.11875 0.15833333333333333
0 0.05625 0.875 0.1125 0.25
0 0.27291666666666664 0.9125 0.17708333333333334 0.16666666666666666
0 0.7041666666666667 0.9697916666666667 0.171875 0.06041666666666667