0 0.46458333333333335 0.453125 0.035416666666666666 0.03125
0 0.33958333333333335 0.4583333333333333 0.04791666666666667 0.06041666666666667
0 0.5822916666666667 0.4635416666666667 0.058333333333333334 0.06875
0 0.3020833333333333 0.4708333333333333 0.06041666666666667 0.07083333333333333
0 0.6229166666666667 0.4822916666666667 0.058333333333333334 0.07083333333333333
0 0.25104166666666666 0.484375 0.09791666666666667 0.08958333333333333
0 0.9333333333333333 0.48541666666666666 0.13333333333333333 0.12708333333333333
0 0.17708333333333334 0.5083333333333333 0.12916666666666668 0.11354166666666667
0 0.703125 0.5104166666666666 0.140625 0.134375
0 0.08333333333333333 0.5395833333333333 0.16458333333333333 0.178125
0 0.86875 0.7697916666666667 0.2625 0.4375