0 0.5104166666666666 0.371875 0.034375 0.052083333333333336
0 0.33541666666666664 0.3875 0.04375 0.07083333333333333
0 0.4041666666666667 0.4 0.028125 0.0375
0 0.4875 0.4239583333333333 0.028125 0.035416666666666666
0 0.4 0.46041666666666664 0.0375 0.05
0 0.31666666666666665 0.4625 0.071875 0.11666666666666667
0 0.5583333333333333 0.46979166666666666 0.03958333333333333 0.052083333333333336
0 0.6552083333333333 0.48541666666666666 0.06041666666666667 0.1125
0 0.5166666666666667 0.49375 0.041666666666666664 0.0625
0 0.10520833333333333 0.6072916666666667 0.12083333333333333 0.14375
0 0.5739583333333333 0.7010416666666667 0.08958333333333333 0.13958333333333334
0 0.07395833333333333 0.8645833333333334 0.14791666666666667 0.2708333333333333