0 0.30416666666666664 0.434375 0.03958333333333333 0.052083333333333336
0 0.5583333333333333 0.44479166666666664 0.034375 0.04791666666666667
0 0.5020833333333333 0.45 0.035416666666666666 0.04583333333333333
0 0.6760416666666667 0.5822916666666667 0.09583333333333334 0.18125
0 0.8354166666666667 0.6864583333333333 0.12291666666666666 0.14791666666666667
0 0.159375 0.709375 0.103125 0.10625
0 0.328125 0.66875 0.078125 0.09791666666666667
0 0.596875 0.7458333333333333 0.0875 0.12708333333333333
0 0.5125 0.4979166666666667 0.04375 0.06145833333333333
0 0.33958333333333335 0.5416666666666666 0.05416666666666667 0.057291666666666664
0 0.584375 0.43333333333333335 0.034375 0.03958333333333333