0 0.421875 0.39791666666666664 0.028125 0.04583333333333333
0 0.4864583333333333 0.40729166666666666 0.027083333333333334 0.035416666666666666
0 0.540625 0.409375 0.05 0.10625
0 0.5989583333333334 0.43020833333333336 0.03958333333333333 0.04791666666666667
0 0.25416666666666665 0.45625 0.084375 0.1125
0 0.39375 0.459375 0.034375 0.052083333333333336
0 0.5208333333333334 0.534375 0.052083333333333336 0.06458333333333334
0 0.37083333333333335 0.5520833333333334 0.05416666666666667 0.075
0 0.7083333333333334 0.5666666666666667 0.07083333333333333 0.0875
0 0.109375 0.7302083333333333 0.21875 0.35208333333333336
0 0.6958333333333333 0.9229166666666667 0.153125 0.153125