0 0.525 0.38125 0.046875 0.08333333333333333
0 0.31666666666666665 0.41041666666666665 0.041666666666666664 0.058333333333333334
0 0.48854166666666665 0.42604166666666665 0.029166666666666667 0.03958333333333333
0 0.35208333333333336 0.434375 0.04791666666666667 0.06458333333333334
0 0.596875 0.44375 0.0375 0.058333333333333334
0 0.40208333333333335 0.45416666666666666 0.0375 0.058333333333333334
0 0.5270833333333333 0.50625 0.05 0.0625
0 0.09895833333333333 0.603125 0.19791666666666666 0.23125
0 0.7052083333333333 0.6354166666666666 0.14583333333333334 0.19166666666666668
0 0.3229166666666667 0.6739583333333333 0.08125 0.10625
0 0.7125 0.903125 0.15520833333333334 0.19270833333333334