0 0.484375 0.409375 0.025 0.03125
0 0.3 0.4239583333333333 0.040625 0.06041666666666667
0 0.5791666666666667 0.4239583333333333 0.029166666666666667 0.035416666666666666
0 0.3958333333333333 0.4375 0.035416666666666666 0.0625
0 0.33645833333333336 0.453125 0.04583333333333333 0.07291666666666667
0 0.5125 0.4666666666666667 0.0375 0.05416666666666667
0 0.38229166666666664 0.5041666666666667 0.052083333333333336 0.075
0 0.6458333333333334 0.5416666666666666 0.1125 0.12916666666666668
0 0.6083333333333333 0.684375 0.090625 0.13125
0 0.06875 0.7083333333333334 0.1375 0.32083333333333336
0 0.23541666666666666 0.9302083333333333 0.15 0.13854166666666667