0 0.5270833333333333 0.38125 0.040625 0.08333333333333333
0 0.5635416666666667 0.39479166666666665 0.029166666666666667 0.04375
0 0.3229166666666667 0.40729166666666666 0.04583333333333333 0.06458333333333334
0 0.35208333333333336 0.4270833333333333 0.040625 0.07083333333333333
0 0.49166666666666664 0.4354166666666667 0.03333333333333333 0.041666666666666664
0 0.4083333333333333 0.44583333333333336 0.04375 0.0625
0 0.6052083333333333 0.453125 0.041666666666666664 0.05625
0 0.5333333333333333 0.5260416666666666 0.046875 0.07708333333333334
0 0.13333333333333333 0.5739583333333333 0.165625 0.21041666666666667
0 0.3385416666666667 0.625 0.07916666666666666 0.09583333333333334
0 0.7354166666666667 0.6697916666666667 0.18333333333333332 0.22291666666666668