0 0.36354166666666665 0.40520833333333334 0.029166666666666667 0.05625
0 0.5885416666666666 0.4166666666666667 0.03958333333333333 0.07083333333333333
0 0.31666666666666665 0.41875 0.03958333333333333 0.06666666666666667
0 0.5479166666666667 0.43333333333333335 0.028125 0.041666666666666664
0 0.3458333333333333 0.43645833333333334 0.03125 0.04791666666666667
0 0.5020833333333333 0.453125 0.028125 0.04791666666666667
0 0.571875 0.465625 0.05 0.08541666666666667
0 0.30416666666666664 0.48125 0.058333333333333334 0.0875
0 0.35833333333333334 0.5541666666666667 0.04791666666666667 0.0625
0 0.5447916666666667 0.5864583333333333 0.06458333333333334 0.09375
0 0.7395833333333334 0.6510416666666666 0.19791666666666666 0.3104166666666667
0 0.6864583333333333 0.9197916666666667 0.13333333333333333 0.159375