0 0.309375 0.42604166666666665 0.0375 0.052083333333333336
0 0.6041666666666666 0.4479166666666667 0.035416666666666666 0.041666666666666664
0 0.5697916666666667 0.459375 0.035416666666666666 0.04791666666666667
0 0.5041666666666667 0.4666666666666667 0.040625 0.05416666666666667
0 0.36041666666666666 0.5010416666666667 0.04791666666666667 0.052083333333333336
0 0.5229166666666667 0.5239583333333333 0.04791666666666667 0.06875
0 0.34791666666666665 0.5947916666666667 0.065625 0.08125
0 0.22916666666666666 0.60625 0.071875 0.08333333333333333
0 0.71875 0.6447916666666667 0.125 0.22291666666666668
0 0.9260416666666667 0.7958333333333333 0.14791666666666667 0.19166666666666668
0 0.6447916666666667 0.8927083333333333 0.12291666666666666 0.18958333333333333