0 0.33958333333333335 0.39166666666666666 0.0375 0.04583333333333333
0 0.5364583333333334 0.39375 0.04791666666666667 0.0875
0 0.36666666666666664 0.4010416666666667 0.03958333333333333 0.04791666666666667
0 0.41875 0.40625 0.03125 0.04583333333333333
0 0.5895833333333333 0.4166666666666667 0.03125 0.041666666666666664
0 0.23229166666666667 0.4708333333333333 0.10208333333333333 0.14583333333333334
0 0.3854166666666667 0.48125 0.040625 0.058333333333333334
0 0.509375 0.496875 0.046875 0.05625
0 0.6708333333333333 0.5229166666666667 0.06041666666666667 0.075
0 0.353125 0.6208333333333333 0.071875 0.1
0 0.6166666666666667 0.7572916666666667 0.10625 0.17291666666666666
0 0.07604166666666666 0.8166666666666667 0.15208333333333332 0.36666666666666664