0 0.33125 0.38958333333333334 0.04375 0.07083333333333333
0 0.40208333333333335 0.40729166666666666 0.029166666666666667 0.03958333333333333
0 0.4875 0.415625 0.028125 0.035416666666666666
0 0.5520833333333334 0.459375 0.0375 0.04375
0 0.6458333333333334 0.46770833333333334 0.065625 0.09791666666666667
0 0.3104166666666667 0.46875 0.084375 0.12083333333333333
0 0.39791666666666664 0.47291666666666665 0.04583333333333333 0.05416666666666667
0 0.5114583333333333 0.4864583333333333 0.03958333333333333 0.052083333333333336
0 0.08229166666666667 0.6302083333333334 0.13541666666666666 0.15625
0 0.559375 0.6510416666666666 0.075 0.12291666666666666
0 0.058333333333333334 0.896875 0.115625 0.20520833333333333