0 0.32395833333333335 0.396875 0.04583333333333333 0.07708333333333334
0 0.48333333333333334 0.4041666666666667 0.025 0.03333333333333333
0 0.39791666666666664 0.42604166666666665 0.035416666666666666 0.04375
0 0.5395833333333333 0.43645833333333334 0.0375 0.04375
0 0.615625 0.446875 0.05625 0.08125
0 0.49895833333333334 0.4510416666666667 0.03333333333333333 0.052083333333333336
0 0.28958333333333336 0.496875 0.09583333333333334 0.14791666666666667
0 0.38333333333333336 0.5229166666666667 0.04583333333333333 0.058333333333333334
0 0.528125 0.55 0.053125 0.08333333333333333
0 0.035416666666666666 0.73125 0.07083333333333333 0.2
0 0.6885416666666667 0.9260416666666667 0.16458333333333333 0.14791666666666667