0 0.5197916666666667 0.37916666666666665 0.041666666666666664 0.07916666666666666
0 0.48541666666666666 0.41354166666666664 0.027083333333333334 0.03125
0 0.30416666666666664 0.4197916666666667 0.04583333333333333 0.06458333333333334
0 0.396875 0.42916666666666664 0.034375 0.058333333333333334
0 0.5864583333333333 0.43020833333333336 0.03333333333333333 0.04375
0 0.3375 0.45 0.040625 0.07083333333333333
0 0.5166666666666667 0.47604166666666664 0.041666666666666664 0.06041666666666667
0 0.38958333333333334 0.4875 0.04791666666666667 0.07083333333333333
0 0.6635416666666667 0.565625 0.14166666666666666 0.15625
0 0.07604166666666666 0.6708333333333333 0.15208333333333332 0.2833333333333333
0 0.6395833333333333 0.7479166666666667 0.11458333333333333 0.17083333333333334
0 0.275 0.8291666666666667 0.11875 0.15