0 0.5229166666666667 0.80625 0.16458333333333333 0.3572916666666667
0 0.5322916666666667 0.3958333333333333 0.11666666666666667 0.13541666666666666
0 0.7729166666666667 0.5125 0.128125 0.19583333333333333
0 0.63125 0.22291666666666668 0.15104166666666666 0.10520833333333333
0 0.7166666666666667 0.19375 0.11145833333333334 0.08333333333333333
0 0.8208333333333333 0.2125 0.12395833333333334 0.0875
0 0.7083333333333334 0.03958333333333333 0.025 0.03854166666666667
0 0.7375 0.04895833333333333 0.046875 0.03125
0 0.5927083333333333 0.06979166666666667 0.020833333333333332 0.05
0 0.60625 0.06770833333333333 0.013541666666666667 0.05
0 0.6291666666666667 0.05416666666666667 0.028125 0.05
0 0.7854166666666667 0.15520833333333334 0.058333333333333334 0.04791666666666667