0 0.32083333333333336 0.8510416666666667 0.12916666666666668 0.2125
0 0.44375 0.815625 0.13020833333333334 0.228125
0 0.509375 0.9604166666666667 0.16458333333333333 0.07916666666666666
0 0.6333333333333333 0.6291666666666667 0.103125 0.14270833333333333
0 0.2625 0.4635416666666667 0.11979166666666667 0.0875
0 0.56875 0.3375 0.07395833333333333 0.07083333333333333
0 0.5125 0.315625 0.03333333333333333 0.05416666666666667
0 0.5 0.28541666666666665 0.020833333333333332 0.04479166666666667
0 0.5041666666666667 0.2520833333333333 0.016666666666666666 0.03333333333333333
0 0.459375 0.2552083333333333 0.01875 0.040625
0 0.46041666666666664 0.196875 0.013541666666666667 0.023958333333333335
0 0.21875 0.7604166666666666 0.09583333333333334 0.190625
0 0.5791666666666667 0.7041666666666667 0.06875 0.20208333333333334
0 0.6625 0.9052083333333333 0.12395833333333334 0.18854166666666666
0 0.5979166666666667 0.4552083333333333 0.07395833333333333 0.09583333333333334
0 0.6520833333333333 0.47708333333333336 0.07604166666666666 0.10208333333333333
0 0.175 0.8729166666666667 0.14791666666666667 0.24270833333333333
0 0.746875 0.825 0.13958333333333334 0.33125