0 0.28541666666666665 0.7208333333333333 0.14166666666666666 0.25416666666666665
0 0.6520833333333333 0.8791666666666667 0.190625 0.240625
0 0.8270833333333333 0.8458333333333333 0.16041666666666668 0.2875
0 0.64375 0.6708333333333333 0.134375 0.18854166666666666
0 0.3854166666666667 0.33125 0.146875 0.11145833333333334
0 0.165625 0.18125 0.075 0.059375
0 0.4979166666666667 0.22395833333333334 0.07083333333333333 0.0625
0 0.6229166666666667 0.22916666666666666 0.07604166666666666 0.0625
0 0.3541666666666667 0.171875 0.05520833333333333 0.052083333333333336
0 0.328125 0.14791666666666667 0.0375 0.04791666666666667
0 0.409375 0.18125 0.03125 0.05520833333333333
0 0.53125 0.13125 0.019791666666666666 0.03333333333333333
0 0.4875 0.1875 0.03229166666666667 0.04583333333333333
0 0.5072916666666667 0.17083333333333334 0.03125 0.03854166666666667
0 0.44375 0.18854166666666666 0.042708333333333334 0.09270833333333334
0 0.46875 0.7479166666666667 0.13645833333333332 0.37395833333333334