0 0.3229166666666667 0.8479166666666667 0.13541666666666666 0.21458333333333332
0 0.4427083333333333 0.8229166666666666 0.13541666666666666 0.24270833333333333
0 0.5114583333333333 0.9614583333333333 0.16041666666666668 0.07708333333333334
0 0.6375 0.6395833333333333 0.115625 0.14583333333333334
0 0.3125 0.44166666666666665 0.13333333333333333 0.07916666666666666
0 0.5145833333333333 0.46458333333333335 0.128125 0.09270833333333334
0 0.6770833333333334 0.359375 0.09583333333333334 0.0625
0 0.5541666666666667 0.3385416666666667 0.05 0.0625
0 0.50625 0.303125 0.03229166666666667 0.05
0 0.50625 0.2625 0.022916666666666665 0.03333333333333333
0 0.46041666666666664 0.26458333333333334 0.026041666666666668 0.04479166666666667
0 0.4979166666666667 0.22083333333333333 0.015625 0.029166666666666667
0 0.46145833333333336 0.196875 0.016666666666666666 0.023958333333333335
0 0.21875 0.7635416666666667 0.096875 0.20208333333333334
0 0.58125 0.7177083333333333 0.07604166666666666 0.22083333333333333
0 0.6604166666666667 0.90625 0.12395833333333334 0.1875
0 0.17291666666666666 0.8677083333333333 0.146875 0.25416666666666665
0 0.7479166666666667 0.8208333333333333 0.13333333333333333 0.32083333333333336