0 0.28541666666666665 0.7208333333333333 0.13958333333333334 0.2520833333333333
0 0.653125 0.878125 0.18958333333333333 0.24375
0 0.6447916666666667 0.6760416666666667 0.14375 0.19270833333333334
0 0.8291666666666667 0.821875 0.15520833333333334 0.2375
0 0.16875 0.17916666666666667 0.07395833333333333 0.059375
0 0.32916666666666666 0.15 0.03854166666666667 0.052083333333333336
0 0.41458333333333336 0.19375 0.046875 0.05416666666666667
0 0.5416666666666666 0.24375 0.08645833333333333 0.06875
0 0.4625 0.209375 0.065625 0.07083333333333333
0 0.6125 0.23020833333333332 0.078125 0.071875
0 0.4739583333333333 0.16875 0.027083333333333334 0.04791666666666667
0 0.5458333333333333 0.196875 0.03958333333333333 0.03854166666666667
0 0.434375 0.153125 0.03333333333333333 0.06458333333333334
0 0.4666666666666667 0.7552083333333334 0.13541666666666666 0.3927083333333333