0 0.33541666666666664 0.7927083333333333 0.12604166666666666 0.3260416666666667
0 0.5 0.7625 0.134375 0.259375
0 0.6104166666666667 0.5479166666666667 0.10729166666666666 0.15208333333333332
0 0.5010416666666667 0.19166666666666668 0.05 0.05
0 0.36666666666666664 0.1375 0.023958333333333335 0.04479166666666667
0 0.5729166666666666 0.20416666666666666 0.04895833333333333 0.05520833333333333
0 0.878125 0.17083333333333334 0.03125 0.05
0 0.15208333333333332 0.8645833333333334 0.13229166666666667 0.26666666666666666
0 0.4875 0.8895833333333333 0.125 0.22083333333333333
0 0.7541666666666667 0.6427083333333333 0.1 0.23333333333333334
0 0.3927083333333333 0.17604166666666668 0.027083333333333334 0.052083333333333336
0 0.8458333333333333 0.2760416666666667 0.06145833333333333 0.08125
0 0.928125 0.15104166666666666 0.04791666666666667 0.10208333333333333
0 0.453125 0.1875 0.052083333333333336 0.08333333333333333