0 0.8927083333333333 0.6260416666666667 0.15833333333333333 0.22083333333333333
0 0.690625 0.803125 0.17916666666666667 0.24270833333333333
0 0.6510416666666666 0.65 0.13541666666666666 0.20520833333333333
0 0.6270833333333333 0.48020833333333335 0.09791666666666667 0.15208333333333332
0 0.3 0.8583333333333333 0.20729166666666668 0.28020833333333334
0 0.3625 0.5697916666666667 0.13229166666666667 0.18645833333333334
0 0.38333333333333336 0.47708333333333336 0.11875 0.16354166666666667
0 0.12708333333333333 0.32916666666666666 0.075 0.109375
0 0.32395833333333335 0.696875 0.16875 0.23125
0 0.046875 0.315625 0.06875 0.10416666666666667
0 0.23541666666666666 0.3020833333333333 0.058333333333333334 0.09375
0 0.18020833333333333 0.3104166666666667 0.057291666666666664 0.10104166666666667
0 0.5666666666666667 0.33645833333333336 0.08229166666666667 0.16458333333333333
0 0.09166666666666666 0.3104166666666667 0.042708333333333334 0.07708333333333334
0 0.415625 0.3489583333333333 0.12291666666666666 0.25729166666666664
0 0.5552083333333333 0.2875 0.059375 0.115625