0 0.3385416666666667 0.7875 0.12708333333333333 0.32083333333333336
0 0.49583333333333335 0.765625 0.12395833333333334 0.26145833333333335
0 0.6114583333333333 0.5489583333333333 0.1125 0.16145833333333334
0 0.48333333333333334 0.18645833333333334 0.041666666666666664 0.05
0 0.546875 0.19583333333333333 0.052083333333333336 0.05
0 0.6614583333333334 0.215625 0.04583333333333333 0.05
0 0.8791666666666667 0.17708333333333334 0.03229166666666667 0.04583333333333333
0 0.15625 0.84375 0.12395833333333334 0.309375
0 0.484375 0.8833333333333333 0.11666666666666667 0.23333333333333334
0 0.7541666666666667 0.6375 0.09895833333333333 0.22395833333333334
0 0.38125 0.175 0.01875 0.05416666666666667
0 0.796875 0.26979166666666665 0.05416666666666667 0.0875
0 0.921875 0.275 0.15625 0.17083333333333334
0 0.43645833333333334 0.184375 0.04583333333333333 0.07916666666666666
0 0.93125 0.15104166666666666 0.046875 0.09791666666666667