0 0.24375 0.7947916666666667 0.20729166666666668 0.28541666666666665
0 0.4125 0.8520833333333333 0.20104166666666667 0.29583333333333334
0 0.6583333333333333 0.8125 0.17083333333333334 0.2875
0 0.88125 0.9083333333333333 0.2125 0.18333333333333332
0 0.853125 0.7177083333333333 0.16041666666666668 0.228125
0 0.7 0.6322916666666667 0.13229166666666667 0.21666666666666667
0 0.4583333333333333 0.6541666666666667 0.125 0.18541666666666667
0 0.33541666666666664 0.6020833333333333 0.16979166666666667 0.21458333333333332
0 0.51875 0.29270833333333335 0.084375 0.10729166666666666
0 0.6854166666666667 0.10625 0.041666666666666664 0.04583333333333333
0 0.6104166666666667 0.065625 0.022916666666666665 0.05416666666666667
0 0.6229166666666667 0.059375 0.014583333333333334 0.04791666666666667
0 0.63125 0.05416666666666667 0.011458333333333333 0.04479166666666667
0 0.7770833333333333 0.22916666666666666 0.44583333333333336 0.2708333333333333