0 0.39166666666666666 0.4010416666666667 0.13333333333333333 0.2947916666666667
0 0.3333333333333333 0.7114583333333333 0.16770833333333332 0.22604166666666667
0 0.6802083333333333 0.8614583333333333 0.18333333333333332 0.2625
0 0.36354166666666665 0.5604166666666667 0.13854166666666667 0.19895833333333332
0 0.2916666666666667 0.884375 0.19583333333333333 0.22291666666666668
0 0.45 0.29270833333333335 0.058333333333333334 0.11770833333333333
0 0.06041666666666667 0.34479166666666666 0.11666666666666667 0.17916666666666667
0 0.6489583333333333 0.5916666666666667 0.12604166666666666 0.196875
0 0.634375 0.49166666666666664 0.10729166666666666 0.159375
0 0.578125 0.375 0.09270833333333334 0.18333333333333332
0 0.96875 0.8822916666666667 0.0625 0.225
0 0.575 0.2604166666666667 0.06145833333333333 0.06875
0 0.025 0.396875 0.05 0.12708333333333333
0 0.20833333333333334 0.9572916666666667 0.190625 0.084375
0 0.14583333333333334 0.3145833333333333 0.03229166666666667 0.06770833333333333
0 0.1875 0.3072916666666667 0.06354166666666666 0.08958333333333333
0 0.23020833333333332 0.303125 0.04791666666666667 0.08125
0 0.278125 0.30104166666666665 0.042708333333333334 0.052083333333333336
0 0.125 0.309375 0.025 0.08229166666666667