0 0.13229166666666667 0.859375 0.22083333333333333 0.28125
0 0.33541666666666664 0.6375 0.128125 0.2
0 0.34791666666666665 0.8354166666666667 0.15 0.32916666666666666
0 0.5895833333333333 0.5927083333333333 0.134375 0.15208333333333332
0 0.6458333333333334 0.7375 0.14583333333333334 0.2708333333333333
0 0.6645833333333333 0.5479166666666667 0.11458333333333333 0.18125
0 0.49583333333333335 0.3645833333333333 0.07604166666666666 0.11875
0 0.65625 0.275 0.06875 0.071875
0 0.7885416666666667 0.3229166666666667 0.07708333333333334 0.09479166666666666
0 0.7 0.196875 0.05625 0.057291666666666664
0 0.5604166666666667 0.4083333333333333 0.06875 0.15
0 0.8395833333333333 0.771875 0.14583333333333334 0.2708333333333333
0 0.55625 0.296875 0.05520833333333333 0.10208333333333333
0 0.3625 0.13645833333333332 0.014583333333333334 0.03854166666666667
0 0.90625 0.1625 0.027083333333333334 0.04479166666666667
0 0.8645833333333334 0.140625 0.052083333333333336 0.04479166666666667
0 0.8135416666666667 0.22916666666666666 0.17916666666666667 0.14583333333333334
0 0.5625 0.8354166666666667 0.19583333333333333 0.32916666666666666