0 0.2875 0.7177083333333333 0.13958333333333334 0.24270833333333333
0 0.6541666666666667 0.878125 0.1875 0.24375
0 0.64375 0.675 0.1375 0.19479166666666667
0 0.8270833333333333 0.8270833333333333 0.159375 0.25416666666666665
0 0.16770833333333332 0.18333333333333332 0.06875 0.0625
0 0.3302083333333333 0.15 0.0375 0.05520833333333333
0 0.41770833333333335 0.19583333333333333 0.04791666666666667 0.059375
0 0.396875 0.16875 0.029166666666666667 0.05520833333333333
0 0.47291666666666665 0.215625 0.06875 0.06875
0 0.5666666666666667 0.2520833333333333 0.09270833333333334 0.07083333333333333
0 0.625 0.23229166666666667 0.071875 0.06145833333333333
0 0.4979166666666667 0.16770833333333332 0.036458333333333336 0.028125
0 0.5520833333333334 0.209375 0.046875 0.059375
0 0.51875 0.14479166666666668 0.026041666666666668 0.03333333333333333
0 0.46770833333333334 0.7479166666666667 0.1375 0.37083333333333335
0 0.425 0.15416666666666667 0.030208333333333334 0.0625