0 0.25 0.5822916666666667 0.11979166666666667 0.190625
0 0.39791666666666664 0.4875 0.1 0.14791666666666667
0 0.3645833333333333 0.5916666666666667 0.09375 0.22083333333333333
0 0.5552083333333333 0.89375 0.19375 0.2125
0 0.70625 0.771875 0.19270833333333334 0.2708333333333333
0 0.5791666666666667 0.5708333333333333 0.084375 0.19791666666666666
0 0.5354166666666667 0.425 0.065625 0.09791666666666667
0 0.6541666666666667 0.4239583333333333 0.09270833333333334 0.12916666666666668
0 0.5208333333333334 0.225 0.06145833333333333 0.06145833333333333
0 0.7020833333333333 0.28854166666666664 0.06770833333333333 0.08541666666666667
0 0.90625 0.2375 0.07604166666666666 0.05520833333333333
0 0.7125 0.5604166666666667 0.090625 0.15729166666666666
0 0.3541666666666667 0.11979166666666667 0.013541666666666667 0.03854166666666667
0 0.8125 0.2833333333333333 0.051041666666666666 0.07395833333333333
0 0.79375 0.246875 0.046875 0.07916666666666666
0 0.8333333333333334 0.16770833333333332 0.021875 0.057291666666666664
0 0.8708333333333333 0.15208333333333332 0.05 0.078125
0 0.5041666666666667 0.634375 0.12291666666666666 0.30520833333333336