0 0.30833333333333335 0.73125 0.18229166666666666 0.2791666666666667
0 0.71875 0.8510416666666667 0.18645833333333334 0.253125
0 0.665625 0.7041666666666667 0.18854166666666666 0.27291666666666664
0 0.628125 0.490625 0.11145833333333334 0.14583333333333334
0 0.20729166666666668 0.9447916666666667 0.23020833333333332 0.10625
0 0.6760416666666667 0.9416666666666667 0.20520833333333333 0.11666666666666667
0 0.37916666666666665 0.6479166666666667 0.14270833333333333 0.21458333333333332
0 0.35520833333333335 0.53125 0.13958333333333334 0.11041666666666666
0 0.5770833333333333 0.4041666666666667 0.08541666666666667 0.11979166666666667
0 0.08645833333333333 0.3416666666666667 0.084375 0.11770833333333333
0 0.15729166666666666 0.32708333333333334 0.06875 0.09791666666666667
0 0.21354166666666666 0.27291666666666664 0.065625 0.13125