0 0.31875 0.8489583333333334 0.13645833333333332 0.20520833333333333
0 0.44479166666666664 0.809375 0.13333333333333333 0.21875
0 0.5125 0.9625 0.16041666666666668 0.07395833333333333
0 0.6447916666666667 0.6614583333333334 0.12291666666666666 0.15208333333333332
0 0.30416666666666664 0.46041666666666664 0.14791666666666667 0.08333333333333333
0 0.44375 0.44166666666666665 0.134375 0.09479166666666666
0 0.6364583333333333 0.46041666666666664 0.125 0.0875
0 0.7541666666666667 0.36354166666666665 0.10104166666666667 0.07604166666666666
0 0.5958333333333333 0.35520833333333335 0.065625 0.059375
0 0.5145833333333333 0.31354166666666666 0.03854166666666667 0.04583333333333333
0 0.5083333333333333 0.2708333333333333 0.023958333333333335 0.03125
0 0.4625 0.2677083333333333 0.027083333333333334 0.04583333333333333
0 0.496875 0.22291666666666668 0.016666666666666666 0.028125
0 0.46145833333333336 0.20104166666666667 0.014583333333333334 0.028125
0 0.48333333333333334 0.20833333333333334 0.013541666666666667 0.023958333333333335
0 0.215625 0.7635416666666667 0.09375 0.19791666666666666
0 0.58125 0.725 0.08020833333333334 0.2125
0 0.6635416666666667 0.90625 0.11666666666666667 0.1875
0 0.16875 0.8760416666666667 0.15104166666666666 0.24791666666666667
0 0.7458333333333333 0.8239583333333333 0.14270833333333333 0.3333333333333333