0 0.5864583333333333 0.503125 0.1125 0.16875
0 0.7677083333333333 0.7135416666666666 0.15625 0.2791666666666667
0 0.546875 0.21770833333333334 0.11875 0.07604166666666666
0 0.6520833333333333 0.18229166666666666 0.11979166666666667 0.090625
0 0.7854166666666667 0.22604166666666667 0.140625 0.09583333333333334
0 0.8020833333333334 0.15625 0.11354166666666667 0.07604166666666666
0 0.9510416666666667 0.1625 0.09791666666666667 0.07916666666666666
0 0.6895833333333333 0.0375 0.026041666666666668 0.04583333333333333
0 0.7291666666666666 0.04583333333333333 0.042708333333333334 0.03854166666666667
0 0.5916666666666667 0.06770833333333333 0.021875 0.04583333333333333
0 0.60625 0.06354166666666666 0.021875 0.04583333333333333
0 0.61875 0.05625 0.021875 0.04583333333333333