0 0.34375 0.7739583333333333 0.19791666666666666 0.24895833333333334
0 0.6666666666666666 0.7802083333333333 0.171875 0.23229166666666667
0 0.6 0.6010416666666667 0.15104166666666666 0.20208333333333334
0 0.365625 0.5666666666666667 0.13333333333333333 0.17291666666666666
0 0.6177083333333333 0.30416666666666664 0.09270833333333334 0.159375
0 0.036458333333333336 0.38125 0.07291666666666667 0.121875
0 0.08333333333333333 0.35 0.075 0.125
0 0.15 0.32395833333333335 0.075 0.10416666666666667
0 0.403125 0.5 0.11145833333333334 0.15833333333333333
0 0.421875 0.346875 0.07916666666666666 0.12708333333333333
0 0.634375 0.5229166666666667 0.13020833333333334 0.16875