0 0.24375 0.7927083333333333 0.209375 0.28125
0 0.4114583333333333 0.8520833333333333 0.19375 0.28541666666666665
0 0.6583333333333333 0.8083333333333333 0.17395833333333333 0.2875
0 0.8875 0.909375 0.215625 0.18125
0 0.8520833333333333 0.7145833333333333 0.15833333333333333 0.21875
0 0.6979166666666666 0.6302083333333334 0.13020833333333334 0.21666666666666667
0 0.46041666666666664 0.6520833333333333 0.128125 0.18125
0 0.33645833333333336 0.5979166666666667 0.16875 0.21145833333333333
0 0.575 0.20104166666666667 0.10625 0.06875
0 0.6395833333333333 0.284375 0.171875 0.12083333333333333
0 0.7583333333333333 0.2625 0.09479166666666666 0.09270833333333334
0 0.7333333333333333 0.19166666666666668 0.10729166666666666 0.06875
0 0.6854166666666667 0.07604166666666666 0.025 0.05520833333333333
0 0.609375 0.0625 0.020833333333333332 0.05
0 0.6208333333333333 0.057291666666666664 0.019791666666666666 0.04791666666666667
0 0.6302083333333334 0.05416666666666667 0.014583333333333334 0.04479166666666667
0 0.5395833333333333 0.13854166666666667 0.17083333333333334 0.11145833333333334