0 0.55 0.6864583333333333 0.134375 0.25
0 0.13958333333333334 0.23229166666666667 0.128125 0.090625
0 0.03333333333333333 0.15416666666666667 0.058333333333333334 0.071875
0 0.04583333333333333 0.2 0.04375 0.078125
0 0.10208333333333333 0.15104166666666666 0.051041666666666666 0.057291666666666664
0 0.134375 0.1375 0.041666666666666664 0.05520833333333333
0 0.5114583333333333 0.8770833333333333 0.16041666666666668 0.24583333333333332
0 0.796875 0.8520833333333333 0.21041666666666667 0.29583333333333334
0 0.7416666666666667 0.6083333333333333 0.13020833333333334 0.22083333333333333
0 0.6375 0.4708333333333333 0.10729166666666666 0.17083333333333334
0 0.45625 0.05416666666666667 0.020833333333333332 0.03125
0 0.08541666666666667 0.2125 0.075 0.0875
0 0.34375 0.6770833333333334 0.10625 0.2833333333333333
0 0.9791666666666666 0.13541666666666666 0.036458333333333336 0.07083333333333333