0 0.240625 0.6114583333333333 0.12708333333333333 0.18854166666666666
0 0.3614583333333333 0.6125 0.09375 0.26875
0 0.38958333333333334 0.5020833333333333 0.09583333333333334 0.159375
0 0.528125 0.44166666666666665 0.06666666666666667 0.1125
0 0.5864583333333333 0.5916666666666667 0.07916666666666666 0.19479166666666667
0 0.5614583333333333 0.9114583333333334 0.19791666666666666 0.17708333333333334
0 0.7270833333333333 0.8197916666666667 0.20520833333333333 0.290625
0 0.64375 0.4375 0.08125 0.12604166666666666
0 0.5364583333333334 0.22083333333333333 0.06458333333333334 0.06458333333333334
0 0.675 0.2916666666666667 0.075 0.08333333333333333
0 0.8708333333333333 0.240625 0.07604166666666666 0.0625
0 0.7291666666666666 0.590625 0.09479166666666666 0.178125
0 0.78125 0.3020833333333333 0.052083333333333336 0.09270833333333334
0 0.3541666666666667 0.12083333333333333 0.013541666666666667 0.03125
0 0.9010416666666666 0.16458333333333333 0.022916666666666665 0.04479166666666667
0 0.8666666666666667 0.15 0.053125 0.07083333333333333
0 0.50625 0.6666666666666666 0.13229166666666667 0.3260416666666667