0 0.24375 0.790625 0.20625 0.28125
0 0.41041666666666665 0.8510416666666667 0.2 0.2875
0 0.6572916666666667 0.8166666666666667 0.17291666666666666 0.28854166666666664
0 0.8822916666666667 0.9104166666666667 0.21875 0.17916666666666667
0 0.8541666666666666 0.7197916666666667 0.159375 0.228125
0 0.7 0.6291666666666667 0.13020833333333334 0.22395833333333334
0 0.4583333333333333 0.6489583333333333 0.12291666666666666 0.17604166666666668
0 0.3375 0.6010416666666667 0.16770833333333332 0.2125
0 0.6875 0.07916666666666666 0.03333333333333333 0.0375
0 0.6854166666666667 0.103125 0.03854166666666667 0.03125
0 0.7791666666666667 0.16354166666666667 0.08229166666666667 0.06875
0 0.6104166666666667 0.0625 0.021875 0.05
0 0.6229166666666667 0.05625 0.014583333333333334 0.042708333333333334
0 0.6302083333333334 0.053125 0.014583333333333334 0.05
0 0.5375 0.24583333333333332 0.390625 0.2520833333333333