0 0.409375 0.340625 0.10104166666666667 0.14270833333333333
0 0.25416666666666665 0.284375 0.058333333333333334 0.115625
0 0.31145833333333334 0.7239583333333334 0.1875 0.20625
0 0.6510416666666666 0.5947916666666667 0.134375 0.19895833333333332
0 0.096875 0.32708333333333334 0.08958333333333333 0.15833333333333333
0 0.3177083333333333 0.8614583333333333 0.19375 0.2708333333333333
0 0.5645833333333333 0.24791666666666667 0.08020833333333334 0.20625
0 0.5979166666666667 0.4739583333333333 0.10625 0.153125
0 0.415625 0.41770833333333335 0.09479166666666666 0.14270833333333333
0 0.40625 0.24166666666666667 0.042708333333333334 0.06979166666666667
0 0.703125 0.8802083333333334 0.221875 0.22916666666666666
0 0.35833333333333334 0.5166666666666667 0.14270833333333333 0.1625
0 0.4583333333333333 0.29583333333333334 0.06145833333333333 0.11041666666666666
0 0.58125 0.3572916666666667 0.09583333333333334 0.14583333333333334
0 0.2125 0.30833333333333335 0.04479166666666667 0.084375