0 0.5708333333333333 0.5552083333333333 0.14479166666666668 0.18541666666666667
0 0.5416666666666666 0.21875 0.109375 0.07395833333333333
0 0.5697916666666667 0.19583333333333333 0.11041666666666666 0.09270833333333334
0 0.6708333333333333 0.21354166666666666 0.11354166666666667 0.0875
0 0.753125 0.15729166666666666 0.10208333333333333 0.09583333333333334
0 0.8395833333333333 0.19375 0.07604166666666666 0.09479166666666666
0 0.8854166666666666 0.228125 0.13854166666666667 0.11145833333333334
0 0.6895833333333333 0.04375 0.025 0.03125
0 0.7447916666666666 0.04791666666666667 0.05416666666666667 0.04479166666666667
0 0.59375 0.07083333333333333 0.019791666666666666 0.052083333333333336
0 0.6083333333333333 0.06666666666666667 0.017708333333333333 0.04791666666666667
0 0.6208333333333333 0.05416666666666667 0.015625 0.03854166666666667