0 0.32083333333333336 0.8479166666666667 0.13333333333333333 0.21145833333333333
0 0.4427083333333333 0.8135416666666667 0.13125 0.22395833333333334
0 0.5114583333333333 0.9604166666666667 0.15625 0.07916666666666666
0 0.6729166666666667 0.715625 0.11354166666666667 0.171875
0 0.3854166666666667 0.47708333333333336 0.09375 0.090625
0 0.39791666666666664 0.4375 0.11770833333333333 0.071875
0 0.5708333333333333 0.4322916666666667 0.11666666666666667 0.071875
0 0.6364583333333333 0.36041666666666666 0.06666666666666667 0.05
0 0.47604166666666664 0.30416666666666664 0.03333333333333333 0.04791666666666667
0 0.5229166666666667 0.315625 0.034375 0.057291666666666664
0 0.4583333333333333 0.2760416666666667 0.029166666666666667 0.040625
0 0.475 0.25625 0.019791666666666666 0.03125
0 0.4979166666666667 0.24583333333333332 0.019791666666666666 0.026041666666666668
0 0.959375 0.440625 0.08125 0.09375
0 0.21666666666666667 0.7635416666666667 0.09479166666666666 0.20208333333333334
0 0.5791666666666667 0.7802083333333333 0.07916666666666666 0.23854166666666668
0 0.6625 0.9041666666666667 0.11875 0.190625
0 0.16666666666666666 0.875 0.14479166666666668 0.25
0 0.7458333333333333 0.8135416666666667 0.13854166666666667 0.32395833333333335
0 0.29583333333333334 0.4791666666666667 0.09479166666666666 0.121875