0 0.2875 0.7197916666666667 0.14166666666666666 0.24583333333333332
0 0.6416666666666667 0.6708333333333333 0.13229166666666667 0.18333333333333332
0 0.6541666666666667 0.8770833333333333 0.19166666666666668 0.24583333333333332
0 0.8291666666666667 0.821875 0.15104166666666666 0.24479166666666666
0 0.5208333333333334 0.34270833333333334 0.17083333333333334 0.1
0 0.16979166666666667 0.18125 0.07083333333333333 0.059375
0 0.28125 0.16875 0.065625 0.052083333333333336
0 0.32916666666666666 0.14791666666666667 0.036458333333333336 0.052083333333333336
0 0.3854166666666667 0.17083333333333334 0.03854166666666667 0.057291666666666664
0 0.4041666666666667 0.19583333333333333 0.036458333333333336 0.057291666666666664
0 0.48333333333333334 0.18333333333333332 0.030208333333333334 0.05520833333333333
0 0.61875 0.2520833333333333 0.096875 0.0625
0 0.60625 0.215625 0.078125 0.05
0 0.49375 0.13958333333333334 0.03125 0.035416666666666666
0 0.4479166666666667 0.17395833333333333 0.025 0.040625
0 0.4510416666666667 0.20625 0.035416666666666666 0.06458333333333334
0 0.5104166666666666 0.20833333333333334 0.06770833333333333 0.09479166666666666
0 0.4666666666666667 0.746875 0.1375 0.37604166666666666