0 0.33541666666666664 0.7864583333333334 0.134375 0.3125
0 0.503125 0.7947916666666667 0.13333333333333333 0.2708333333333333
0 0.6145833333333334 0.5489583333333333 0.11979166666666667 0.16875
0 0.3645833333333333 0.3229166666666667 0.11770833333333333 0.09791666666666667
0 0.6364583333333333 0.22291666666666668 0.0625 0.071875
0 0.36666666666666664 0.14791666666666667 0.030208333333333334 0.04479166666666667
0 0.59375 0.196875 0.042708333333333334 0.057291666666666664
0 0.4875 0.17916666666666667 0.036458333333333336 0.05416666666666667
0 0.875 0.16979166666666667 0.029166666666666667 0.042708333333333334
0 0.9572916666666667 0.31145833333333334 0.08541666666666667 0.09791666666666667
0 0.7520833333333333 0.6458333333333334 0.10520833333333333 0.22916666666666666
0 0.46875 0.20520833333333333 0.03854166666666667 0.059375
0 0.4239583333333333 0.16666666666666666 0.027083333333333334 0.04791666666666667
0 0.4 0.15104166666666666 0.026041666666666668 0.05
0 0.9260416666666667 0.15416666666666667 0.05 0.109375
0 0.5416666666666666 0.21458333333333332 0.06666666666666667 0.09583333333333334