0 0.3375 0.790625 0.13541666666666666 0.321875
0 0.5166666666666667 0.8729166666666667 0.153125 0.25416666666666665
0 0.6125 0.546875 0.11458333333333333 0.16458333333333333
0 0.39166666666666666 0.16770833333333332 0.042708333333333334 0.05416666666666667
0 0.953125 0.2833333333333333 0.09375 0.08125
0 0.515625 0.18645833333333334 0.052083333333333336 0.05416666666666667
0 0.6125 0.22916666666666666 0.06979166666666667 0.04791666666666667
0 0.8770833333333333 0.16979166666666667 0.0375 0.05416666666666667
0 0.7854166666666667 0.6989583333333333 0.11354166666666667 0.26145833333333335
0 0.4322916666666667 0.16666666666666666 0.022916666666666665 0.0625
0 0.846875 0.17395833333333333 0.022916666666666665 0.052083333333333336
0 0.5729166666666666 0.3416666666666667 0.184375 0.16875
0 0.9291666666666667 0.14895833333333333 0.04895833333333333 0.10520833333333333