0 0.33645833333333336 0.7885416666666667 0.12708333333333333 0.3072916666666667
0 0.5041666666666667 0.8104166666666667 0.13958333333333334 0.290625
0 0.6104166666666667 0.5479166666666667 0.11354166666666667 0.15520833333333334
0 0.50625 0.325 0.11979166666666667 0.10520833333333333
0 0.64375 0.20625 0.051041666666666666 0.05416666666666667
0 0.490625 0.203125 0.052083333333333336 0.04583333333333333
0 0.37083333333333335 0.15625 0.029166666666666667 0.05
0 0.7583333333333333 0.653125 0.10729166666666666 0.23541666666666666
0 0.40520833333333334 0.15416666666666667 0.027083333333333334 0.059375
0 0.5791666666666667 0.225 0.078125 0.09791666666666667
0 0.09166666666666666 0.31666666666666665 0.18125 0.1625
0 0.9270833333333334 0.14895833333333333 0.04895833333333333 0.09791666666666667