0 0.321875 0.8479166666666667 0.13541666666666666 0.20729166666666668
0 0.44583333333333336 0.8177083333333334 0.134375 0.228125
0 0.5125 0.9604166666666667 0.16041666666666668 0.07916666666666666
0 0.6375 0.6322916666666667 0.09895833333333333 0.15
0 0.7395833333333334 0.45416666666666666 0.14270833333333333 0.08854166666666667
0 0.68125 0.41770833333333335 0.09583333333333334 0.10520833333333333
0 0.503125 0.278125 0.03125 0.05520833333333333
0 0.48333333333333334 0.26875 0.01875 0.029166666666666667
0 0.459375 0.23020833333333332 0.014583333333333334 0.028125
0 0.5020833333333333 0.221875 0.013541666666666667 0.026041666666666668
0 0.21770833333333334 0.75625 0.09166666666666666 0.190625
0 0.5791666666666667 0.6979166666666666 0.075 0.21145833333333333
0 0.6572916666666667 0.903125 0.12708333333333333 0.19375
0 0.49166666666666664 0.415625 0.2833333333333333 0.22395833333333334
0 0.16979166666666667 0.8760416666666667 0.14375 0.24791666666666667
0 0.74375 0.8208333333333333 0.15104166666666666 0.31145833333333334