0 0.5760416666666667 0.5385416666666667 0.13958333333333334 0.18125
0 0.55625 0.21354166666666666 0.10416666666666667 0.06875
0 0.6791666666666667 0.225 0.11666666666666667 0.09479166666666666
0 0.6791666666666667 0.171875 0.115625 0.07395833333333333
0 0.8072916666666666 0.20520833333333333 0.12083333333333333 0.08541666666666667
0 0.9 0.15104166666666666 0.06354166666666666 0.10208333333333333
0 0.709375 0.04375 0.04375 0.05416666666666667
0 0.7604166666666666 0.046875 0.028125 0.04583333333333333
0 0.59375 0.06770833333333333 0.019791666666666666 0.05
0 0.60625 0.06354166666666666 0.019791666666666666 0.05
0 0.6208333333333333 0.05625 0.019791666666666666 0.05