0 0.24375 0.7916666666666666 0.20625 0.2833333333333333
0 0.3958333333333333 0.8677083333333333 0.209375 0.26458333333333334
0 0.6541666666666667 0.8125 0.16666666666666666 0.28541666666666665
0 0.8875 0.9104166666666667 0.21979166666666666 0.17916666666666667
0 0.8552083333333333 0.7197916666666667 0.15833333333333333 0.23125
0 0.4583333333333333 0.6729166666666667 0.128125 0.22395833333333334
0 0.3375 0.60625 0.171875 0.22083333333333333
0 0.6979166666666666 0.6302083333333334 0.13020833333333334 0.21666666666666667
0 0.6989583333333333 0.19583333333333333 0.11666666666666667 0.07916666666666666
0 0.69375 0.090625 0.034375 0.052083333333333336
0 0.9520833333333333 0.26666666666666666 0.090625 0.11458333333333333
0 0.609375 0.06145833333333333 0.01875 0.04479166666666667
0 0.6208333333333333 0.05625 0.015625 0.04583333333333333
0 0.63125 0.05520833333333333 0.011458333333333333 0.03333333333333333
0 0.5364583333333334 0.1625 0.18125 0.140625