0 0.24166666666666667 0.7916666666666666 0.20520833333333333 0.271875
0 0.41041666666666665 0.8479166666666667 0.196875 0.28541666666666665
0 0.6572916666666667 0.8166666666666667 0.175 0.29270833333333335
0 0.8833333333333333 0.9104166666666667 0.215625 0.17916666666666667
0 0.8520833333333333 0.7166666666666667 0.16354166666666667 0.221875
0 0.696875 0.6291666666666667 0.13333333333333333 0.21666666666666667
0 0.4583333333333333 0.6479166666666667 0.12395833333333334 0.17395833333333333
0 0.3385416666666667 0.6 0.16458333333333333 0.21458333333333332
0 0.6520833333333333 0.25833333333333336 0.140625 0.09791666666666667
0 0.746875 0.20729166666666668 0.075 0.08854166666666667
0 0.7604166666666666 0.15729166666666666 0.08854166666666667 0.06666666666666667
0 0.8833333333333333 0.2520833333333333 0.17916666666666667 0.121875
0 0.6895833333333333 0.04791666666666667 0.026041666666666668 0.040625
0 0.6104166666666667 0.0625 0.020833333333333332 0.04791666666666667
0 0.6208333333333333 0.05416666666666667 0.014583333333333334 0.04583333333333333
0 0.6333333333333333 0.05416666666666667 0.010416666666666666 0.04479166666666667
0 0.5416666666666666 0.1625 0.16770833333333332 0.15520833333333334