0 0.28541666666666665 0.7208333333333333 0.1375 0.259375
0 0.653125 0.8770833333333333 0.18958333333333333 0.24583333333333332
0 0.6458333333333334 0.675 0.14375 0.19791666666666666
0 0.8270833333333333 0.8364583333333333 0.15208333333333332 0.26875
0 0.16875 0.18229166666666666 0.07395833333333333 0.06145833333333333
0 0.45 0.2125 0.0625 0.06458333333333334
0 0.378125 0.171875 0.052083333333333336 0.05520833333333333
0 0.32916666666666666 0.15104166666666666 0.036458333333333336 0.057291666666666664
0 0.5791666666666667 0.23541666666666666 0.08645833333333333 0.06666666666666667
0 0.5395833333333333 0.21666666666666667 0.07083333333333333 0.052083333333333336
0 0.49166666666666664 0.18854166666666666 0.03229166666666667 0.05520833333333333
0 0.5291666666666667 0.159375 0.034375 0.040625
0 0.49166666666666664 0.146875 0.022916666666666665 0.03125
0 0.4197916666666667 0.17291666666666666 0.029166666666666667 0.0875
0 0.46875 0.7479166666666667 0.14270833333333333 0.378125