0 0.5822916666666667 0.47291666666666665 0.10208333333333333 0.16875
0 0.7625 0.625 0.14479166666666668 0.23541666666666666
0 0.628125 0.20104166666666667 0.07916666666666666 0.07604166666666666
0 0.6833333333333333 0.22083333333333333 0.12708333333333333 0.0875
0 0.7666666666666667 0.17708333333333334 0.11875 0.09479166666666666
0 0.853125 0.203125 0.08541666666666667 0.090625
0 0.940625 0.21770833333333334 0.10833333333333334 0.09479166666666666
0 0.715625 0.04375 0.025 0.035416666666666666
0 0.7479166666666667 0.046875 0.04895833333333333 0.04583333333333333
0 0.59375 0.06979166666666667 0.023958333333333335 0.05
0 0.60625 0.065625 0.023958333333333335 0.05
0 0.6208333333333333 0.06041666666666667 0.021875 0.042708333333333334