0 0.3125 0.734375 0.14791666666666667 0.24583333333333332
0 0.096875 0.91875 0.19166666666666668 0.1625
0 0.6208333333333333 0.6364583333333333 0.15625 0.171875
0 0.6729166666666667 0.7895833333333333 0.16041666666666668 0.271875
0 0.6729166666666667 0.5552083333333333 0.121875 0.17395833333333333
0 0.43333333333333335 0.40625 0.0875 0.128125
0 0.6697916666666667 0.37083333333333335 0.08333333333333333 0.11875
0 0.575 0.29270833333333335 0.07083333333333333 0.078125
0 0.5041666666666667 0.47291666666666665 0.06145833333333333 0.16458333333333333
0 0.4791666666666667 0.31979166666666664 0.06041666666666667 0.10520833333333333
0 0.85625 0.8104166666666667 0.13958333333333334 0.3020833333333333
0 0.36875 0.146875 0.01875 0.03854166666666667
0 0.9041666666666667 0.16875 0.020833333333333332 0.04479166666666667
0 0.8333333333333334 0.16770833333333332 0.025 0.04583333333333333
0 0.7270833333333333 0.246875 0.17395833333333333 0.16145833333333334
0 0.86875 0.15520833333333334 0.053125 0.08125
0 0.60625 0.9104166666666667 0.21979166666666666 0.17916666666666667