0 0.3229166666666667 0.85 0.14270833333333333 0.21458333333333332
0 0.4427083333333333 0.8083333333333333 0.1375 0.22083333333333333
0 0.5114583333333333 0.9614583333333333 0.16458333333333333 0.07708333333333334
0 0.634375 0.625 0.09791666666666667 0.15416666666666667
0 0.43854166666666666 0.459375 0.13125 0.09583333333333334
0 0.4791666666666667 0.42916666666666664 0.09270833333333334 0.09791666666666667
0 0.5083333333333333 0.3072916666666667 0.042708333333333334 0.059375
0 0.4895833333333333 0.2875 0.030208333333333334 0.040625
0 0.459375 0.240625 0.01875 0.03333333333333333
0 0.5041666666666667 0.23645833333333333 0.019791666666666666 0.03125
0 0.21458333333333332 0.7541666666666667 0.10104166666666667 0.17916666666666667
0 0.5802083333333333 0.6979166666666666 0.07708333333333334 0.20416666666666666
0 0.6635416666666667 0.9020833333333333 0.11875 0.19583333333333333
0 0.33229166666666665 0.47708333333333336 0.08958333333333333 0.1125
0 0.7302083333333333 0.42083333333333334 0.20625 0.221875
0 0.16979166666666667 0.8770833333333333 0.15 0.24583333333333332
0 0.7458333333333333 0.81875 0.14583333333333334 0.3333333333333333