0 0.2708333333333333 0.5270833333333333 0.11041666666666666 0.16458333333333333
0 0.3729166666666667 0.5375 0.08333333333333333 0.22395833333333334
0 0.41041666666666665 0.4666666666666667 0.08229166666666667 0.15208333333333332
0 0.5354166666666667 0.8635416666666667 0.17291666666666666 0.271875
0 0.56875 0.5270833333333333 0.07604166666666666 0.16875
0 0.6708333333333333 0.7052083333333333 0.16354166666666667 0.24479166666666666
0 0.5541666666666667 0.390625 0.07395833333333333 0.1
0 0.678125 0.3927083333333333 0.08541666666666667 0.121875
0 0.4864583333333333 0.23541666666666666 0.05416666666666667 0.06666666666666667
0 0.7541666666666667 0.2791666666666667 0.06666666666666667 0.07083333333333333
0 0.9604166666666667 0.23125 0.0625 0.0625
0 0.9708333333333333 0.17291666666666666 0.051041666666666666 0.042708333333333334
0 0.684375 0.5145833333333333 0.08958333333333333 0.12604166666666666
0 0.875 0.275 0.052083333333333336 0.08333333333333333
0 0.8645833333333334 0.23645833333333333 0.04895833333333333 0.057291666666666664
0 0.9020833333333333 0.165625 0.021875 0.05
0 0.8645833333333334 0.15208333333333332 0.05416666666666667 0.078125
0 0.49375 0.5875 0.11145833333333334 0.2947916666666667