0 0.5802083333333333 0.28958333333333336 0.08333333333333333 0.125
0 0.3729166666666667 0.615625 0.196875 0.43333333333333335
0 0.31979166666666664 0.8333333333333334 0.20104166666666667 0.275
0 0.6854166666666667 0.7833333333333333 0.171875 0.23854166666666668
0 0.42916666666666664 0.32083333333333336 0.084375 0.146875
0 0.08541666666666667 0.34375 0.078125 0.14375
0 0.042708333333333334 0.384375 0.08229166666666667 0.12708333333333333
0 0.39375 0.42916666666666664 0.11875 0.13958333333333334
0 0.6302083333333334 0.5541666666666667 0.14375 0.26666666666666666
0 0.15 0.32916666666666666 0.06875 0.1
0 0.6145833333333334 0.4166666666666667 0.1125 0.178125