0 0.5833333333333334 0.5208333333333334 0.12395833333333334 0.18125
0 0.7666666666666667 0.84375 0.1875 0.3125
0 0.65 0.22291666666666668 0.13333333333333333 0.09479166666666666
0 0.5520833333333334 0.1875 0.10729166666666666 0.078125
0 0.6854166666666667 0.16145833333333334 0.11354166666666667 0.07395833333333333
0 0.8479166666666667 0.17083333333333334 0.12916666666666668 0.09479166666666666
0 0.8739583333333333 0.225 0.12083333333333333 0.09791666666666667
0 0.6916666666666667 0.041666666666666664 0.03125 0.04583333333333333
0 0.740625 0.04583333333333333 0.041666666666666664 0.03854166666666667
0 0.5927083333333333 0.06979166666666667 0.01875 0.04583333333333333
0 0.6072916666666667 0.06354166666666666 0.01875 0.04583333333333333
0 0.6197916666666666 0.058333333333333334 0.01875 0.04583333333333333