0 0.3375 0.7854166666666667 0.128125 0.30416666666666664
0 0.4979166666666667 0.7677083333333333 0.13125 0.26875
0 0.6083333333333333 0.5479166666666667 0.11145833333333334 0.15520833333333334
0 0.43333333333333335 0.16458333333333333 0.035416666666666666 0.04479166666666667
0 0.48125 0.17708333333333334 0.042708333333333334 0.04583333333333333
0 0.5604166666666667 0.19895833333333332 0.042708333333333334 0.057291666666666664
0 0.19166666666666668 0.725 0.11041666666666666 0.26875
0 0.48333333333333334 0.8791666666666667 0.11770833333333333 0.240625
0 0.7958333333333333 0.86875 0.1625 0.2625
0 0.7520833333333333 0.6354166666666666 0.10104166666666667 0.21145833333333333
0 0.3625 0.1625 0.019791666666666666 0.04479166666666667
0 0.39791666666666664 0.165625 0.0375 0.071875
0 0.7395833333333334 0.24270833333333333 0.153125 0.15208333333333332
0 0.9270833333333334 0.14895833333333333 0.04791666666666667 0.10208333333333333