0 0.24166666666666667 0.7958333333333333 0.203125 0.2791666666666667
0 0.41041666666666665 0.85 0.196875 0.28854166666666664
0 0.6604166666666667 0.8166666666666667 0.175 0.29583333333333334
0 0.8833333333333333 0.9104166666666667 0.2125 0.17916666666666667
0 0.853125 0.715625 0.16041666666666668 0.22395833333333334
0 0.6989583333333333 0.634375 0.13125 0.22395833333333334
0 0.46041666666666664 0.6510416666666666 0.12604166666666666 0.18333333333333332
0 0.3375 0.5989583333333334 0.16666666666666666 0.209375
0 0.5833333333333334 0.2791666666666667 0.17395833333333333 0.121875
0 0.5729166666666666 0.19479166666666667 0.109375 0.0625
0 0.7 0.26979166666666665 0.09583333333333334 0.09791666666666667
0 0.7395833333333334 0.19895833333333332 0.103125 0.07916666666666666
0 0.6854166666666667 0.071875 0.028125 0.04791666666666667
0 0.6104166666666667 0.0625 0.019791666666666666 0.04791666666666667
0 0.6208333333333333 0.058333333333333334 0.015625 0.05
0 0.6291666666666667 0.05416666666666667 0.015625 0.04583333333333333
0 0.5395833333333333 0.14583333333333334 0.16979166666666667 0.11145833333333334