0 0.3229166666666667 0.8510416666666667 0.13645833333333332 0.2125
0 0.44375 0.815625 0.13333333333333333 0.22395833333333334
0 0.5166666666666667 0.9604166666666667 0.16145833333333334 0.07916666666666666
0 0.6385416666666667 0.6270833333333333 0.10208333333333333 0.14270833333333333
0 0.2375 0.4708333333333333 0.075 0.08854166666666667
0 0.24270833333333333 0.425 0.07708333333333334 0.07604166666666666
0 0.503125 0.2875 0.03125 0.05
0 0.48541666666666666 0.2708333333333333 0.01875 0.035416666666666666
0 0.50625 0.22604166666666667 0.017708333333333333 0.03333333333333333
0 0.5 0.25416666666666665 0.017708333333333333 0.014583333333333334
0 0.46041666666666664 0.23229166666666667 0.017708333333333333 0.03125
0 0.21979166666666666 0.7645833333333333 0.1 0.2
0 0.5822916666666667 0.69375 0.075 0.20520833333333333
0 0.659375 0.9020833333333333 0.12708333333333333 0.19583333333333333
0 0.596875 0.41354166666666664 0.29375 0.22083333333333333
0 0.17083333333333334 0.8739583333333333 0.146875 0.2520833333333333
0 0.74375 0.821875 0.140625 0.32916666666666666