0 0.240625 0.790625 0.20625 0.27395833333333336
0 0.4125 0.8520833333333333 0.20104166666666667 0.29583333333333334
0 0.3375 0.6041666666666666 0.17291666666666666 0.21875
0 0.4583333333333333 0.6520833333333333 0.12395833333333334 0.18125
0 0.65625 0.8197916666666667 0.17395833333333333 0.29791666666666666
0 0.8833333333333333 0.909375 0.21458333333333332 0.18125
0 0.85 0.7177083333333333 0.16041666666666668 0.23541666666666666
0 0.6989583333333333 0.634375 0.13125 0.22395833333333334
0 0.828125 0.25416666666666665 0.13541666666666666 0.10416666666666667
0 0.7458333333333333 0.20625 0.08333333333333333 0.090625
0 0.8145833333333333 0.16666666666666666 0.096875 0.08541666666666667
0 0.38125 0.29791666666666666 0.07604166666666666 0.11458333333333333
0 0.6854166666666667 0.058333333333333334 0.025 0.03854166666666667
0 0.6083333333333333 0.0625 0.019791666666666666 0.04791666666666667
0 0.621875 0.058333333333333334 0.016666666666666666 0.04583333333333333
0 0.6291666666666667 0.051041666666666666 0.0125 0.042708333333333334
0 0.5375 0.14895833333333333 0.18125 0.128125