0 0.7135416666666666 0.9166666666666666 0.21354166666666666 0.15833333333333333
0 0.6947916666666667 0.7208333333333333 0.18020833333333333 0.24479166666666666
0 0.3020833333333333 0.88125 0.203125 0.2375
0 0.353125 0.7583333333333333 0.184375 0.2625
0 0.3489583333333333 0.603125 0.14895833333333333 0.175
0 0.3927083333333333 0.4510416666666667 0.12083333333333333 0.18229166666666666
0 0.65 0.44375 0.1625 0.2677083333333333
0 0.634375 0.628125 0.146875 0.203125
0 0.4552083333333333 0.27708333333333335 0.08541666666666667 0.178125
0 0.11666666666666667 0.3385416666666667 0.078125 0.10729166666666666
0 0.03229166666666667 0.39895833333333336 0.06458333333333334 0.16875
0 0.371875 0.5177083333333333 0.11041666666666666 0.12291666666666666