0 0.20416666666666666 0.709375 0.16770833333333332 0.22916666666666666
0 0.3645833333333333 0.534375 0.11354166666666667 0.15
0 0.35208333333333336 0.7291666666666666 0.11770833333333333 0.3145833333333333
0 0.5520833333333334 0.509375 0.096875 0.11145833333333334
0 0.6229166666666667 0.66875 0.10104166666666667 0.22604166666666667
0 0.8052083333333333 0.89375 0.27708333333333335 0.2125
0 0.6479166666666667 0.490625 0.1 0.15208333333333332
0 0.5895833333333333 0.32083333333333336 0.07604166666666666 0.09791666666666667
0 0.6083333333333333 0.20520833333333333 0.059375 0.059375
0 0.95 0.278125 0.071875 0.07083333333333333
0 0.7885416666666667 0.6833333333333333 0.11666666666666667 0.21458333333333332
0 0.6729166666666667 0.3375 0.058333333333333334 0.10729166666666666
0 0.6625 0.26666666666666666 0.051041666666666666 0.07395833333333333
0 0.35833333333333334 0.13020833333333334 0.0125 0.035416666666666666
0 0.83125 0.16458333333333333 0.025 0.04479166666666667
0 0.9208333333333333 0.21979166666666666 0.15520833333333334 0.128125
0 0.8666666666666667 0.14791666666666667 0.046875 0.0625
0 0.5229166666666667 0.7510416666666667 0.15208333333333332 0.390625