0 0.2125 0.22916666666666666 0.121875 0.08854166666666667
0 0.052083333333333336 0.19895833333333332 0.058333333333333334 0.07604166666666666
0 0.029166666666666667 0.16354166666666667 0.05416666666666667 0.08333333333333333
0 0.55 0.6864583333333333 0.14375 0.25
0 0.5083333333333333 0.8802083333333334 0.16354166666666667 0.23854166666666668
0 0.6364583333333333 0.46979166666666666 0.10625 0.16875
0 0.74375 0.6114583333333333 0.13229166666666667 0.21458333333333332
0 0.7958333333333333 0.8520833333333333 0.20833333333333334 0.29583333333333334
0 0.10208333333333333 0.146875 0.046875 0.057291666666666664
0 0.13125 0.1375 0.046875 0.0625
0 0.45625 0.058333333333333334 0.017708333333333333 0.03125
0 0.34479166666666666 0.6770833333333334 0.10833333333333334 0.2791666666666667
0 0.140625 0.2125 0.075 0.09479166666666666