0 0.28541666666666665 0.71875 0.134375 0.24791666666666667
0 0.653125 0.8770833333333333 0.19791666666666666 0.24583333333333332
0 0.64375 0.675 0.14166666666666666 0.19479166666666667
0 0.828125 0.8239583333333333 0.16041666666666668 0.24479166666666666
0 0.175 0.32083333333333336 0.11458333333333333 0.10416666666666667
0 0.5395833333333333 0.33645833333333336 0.14479166666666668 0.10520833333333333
0 0.16875 0.17916666666666667 0.07083333333333333 0.0625
0 0.3302083333333333 0.14479166666666668 0.035416666666666666 0.04479166666666667
0 0.34375 0.17083333333333334 0.057291666666666664 0.057291666666666664
0 0.40520833333333334 0.1875 0.029166666666666667 0.05416666666666667
0 0.42083333333333334 0.17083333333333334 0.034375 0.04791666666666667
0 0.525 0.22916666666666666 0.07708333333333334 0.06666666666666667
0 0.5354166666666667 0.20416666666666666 0.06875 0.05
0 0.6541666666666667 0.23645833333333333 0.07708333333333334 0.057291666666666664
0 0.5395833333333333 0.15208333333333332 0.027083333333333334 0.040625
0 0.5166666666666667 0.13333333333333333 0.017708333333333333 0.029166666666666667
0 0.46770833333333334 0.7552083333333334 0.1375 0.3854166666666667
0 0.4583333333333333 0.196875 0.03958333333333333 0.09791666666666667