0 0.16666666666666666 0.17916666666666667 0.07395833333333333 0.06145833333333333
0 0.2864583333333333 0.7208333333333333 0.13541666666666666 0.25
0 0.6510416666666666 0.878125 0.19375 0.24375
0 0.8291666666666667 0.8270833333333333 0.153125 0.25
0 0.6458333333333334 0.684375 0.1375 0.209375
0 0.54375 0.228125 0.08541666666666667 0.078125
0 0.6760416666666667 0.24166666666666667 0.0375 0.06458333333333334
0 0.4395833333333333 0.20625 0.057291666666666664 0.06145833333333333
0 0.3302083333333333 0.15208333333333332 0.0375 0.05520833333333333
0 0.38125 0.17083333333333334 0.04375 0.052083333333333336
0 0.4875 0.18229166666666666 0.035416666666666666 0.05
0 0.534375 0.15833333333333333 0.029166666666666667 0.04583333333333333
0 0.503125 0.14895833333333333 0.029166666666666667 0.028125
0 0.5979166666666667 0.21875 0.05 0.06666666666666667
0 0.41875 0.17083333333333334 0.028125 0.078125
0 0.46770833333333334 0.7520833333333333 0.1375 0.38125