0 0.33541666666666664 0.784375 0.125 0.309375
0 0.5 0.8041666666666667 0.13958333333333334 0.2791666666666667
0 0.6125 0.5489583333333333 0.11666666666666667 0.16145833333333334
0 0.46145833333333336 0.328125 0.11041666666666666 0.08854166666666667
0 0.4708333333333333 0.203125 0.036458333333333336 0.04583333333333333
0 0.36875 0.15208333333333332 0.03229166666666667 0.04791666666666667
0 0.6239583333333333 0.20520833333333333 0.05 0.059375
0 0.684375 0.23645833333333333 0.07083333333333333 0.06875
0 0.8791666666666667 0.17708333333333334 0.03229166666666667 0.05
0 0.75625 0.6520833333333333 0.103125 0.240625
0 0.4895833333333333 0.203125 0.036458333333333336 0.06145833333333333
0 0.44375 0.17291666666666666 0.026041666666666668 0.05416666666666667
0 0.403125 0.15 0.022916666666666665 0.04479166666666667
0 0.8479166666666667 0.17395833333333333 0.03125 0.04479166666666667
0 0.04479166666666667 0.3125 0.08541666666666667 0.16458333333333333
0 0.5666666666666667 0.22083333333333333 0.065625 0.08854166666666667
0 0.9270833333333334 0.15208333333333332 0.04895833333333333 0.1