0 0.21666666666666667 0.6791666666666667 0.153125 0.20520833333333333
0 0.35833333333333334 0.7010416666666667 0.10833333333333334 0.2947916666666667
0 0.3729166666666667 0.5166666666666667 0.10833333333333334 0.1375
0 0.609375 0.64375 0.10833333333333334 0.2125
0 0.54375 0.49270833333333336 0.090625 0.11458333333333333
0 0.6458333333333334 0.471875 0.103125 0.13333333333333333
0 0.7875 0.8791666666666667 0.26666666666666666 0.240625
0 0.6145833333333334 0.3125 0.07395833333333333 0.09791666666666667
0 0.5854166666666667 0.21145833333333333 0.06145833333333333 0.05520833333333333
0 0.79375 0.246875 0.0625 0.06145833333333333
0 0.775 0.659375 0.109375 0.20416666666666666
0 0.703125 0.325 0.05625 0.10208333333333333
0 0.6875 0.2604166666666667 0.051041666666666666 0.07916666666666666
0 0.35625 0.128125 0.015625 0.0375
0 0.8333333333333334 0.17083333333333334 0.023958333333333335 0.052083333333333336
0 0.9385416666666667 0.21666666666666667 0.12291666666666666 0.12604166666666666
0 0.86875 0.15208333333333332 0.04895833333333333 0.07395833333333333
0 0.5166666666666667 0.7229166666666667 0.153125 0.3645833333333333