0 0.56875 0.43020833333333336 0.103125 0.15416666666666667
0 0.765625 0.5625 0.13541666666666666 0.22604166666666667
0 0.53125 0.21770833333333334 0.121875 0.090625
0 0.6614583333333334 0.21354166666666666 0.11666666666666667 0.08333333333333333
0 0.79375 0.19479166666666667 0.08229166666666667 0.08854166666666667
0 0.875 0.221875 0.12916666666666668 0.1
0 0.9375 0.16875 0.12291666666666666 0.09270833333333334
0 0.7229166666666667 0.04583333333333333 0.03229166666666667 0.04479166666666667
0 0.7572916666666667 0.05 0.03333333333333333 0.04479166666666667
0 0.59375 0.06875 0.021875 0.04791666666666667
0 0.6083333333333333 0.06145833333333333 0.016666666666666666 0.05520833333333333
0 0.625 0.05416666666666667 0.013541666666666667 0.04791666666666667