0 0.2604166666666667 0.5572916666666666 0.11770833333333333 0.18125
0 0.36354166666666665 0.5635416666666667 0.08125 0.228125
0 0.4041666666666667 0.475 0.090625 0.15416666666666667
0 0.5395833333333333 0.40520833333333334 0.06666666666666667 0.10729166666666666
0 0.5708333333333333 0.5489583333333333 0.084375 0.17916666666666667
0 0.54375 0.8770833333333333 0.1875 0.24583333333333332
0 0.6885416666666667 0.7375 0.17291666666666666 0.25416666666666665
0 0.6666666666666666 0.4125 0.09166666666666666 0.12916666666666668
0 0.503125 0.23125 0.06041666666666667 0.0625
0 0.728125 0.2791666666666667 0.07291666666666667 0.06875
0 0.9385416666666667 0.23645833333333333 0.07916666666666666 0.05416666666666667
0 0.9479166666666666 0.17083333333333334 0.05520833333333333 0.03854166666666667
0 0.696875 0.5447916666666667 0.08541666666666667 0.14791666666666667
0 0.8416666666666667 0.2791666666666667 0.05 0.08541666666666667
0 0.8291666666666667 0.24375 0.046875 0.06875
0 0.834375 0.17083333333333334 0.022916666666666665 0.05
0 0.8666666666666667 0.15416666666666667 0.052083333333333336 0.07604166666666666
0 0.5020833333333333 0.6104166666666667 0.1125 0.2947916666666667