0 0.32083333333333336 0.8479166666666667 0.13645833333333332 0.21458333333333332
0 0.44583333333333336 0.8166666666666667 0.13645833333333332 0.22916666666666666
0 0.509375 0.9625 0.16041666666666668 0.07395833333333333
0 0.634375 0.6239583333333333 0.10833333333333334 0.15520833333333334
0 0.5458333333333333 0.33229166666666665 0.06145833333333333 0.06458333333333334
0 0.5041666666666667 0.30833333333333335 0.028125 0.04583333333333333
0 0.46041666666666664 0.25 0.023958333333333335 0.03333333333333333
0 0.50625 0.25 0.019791666666666666 0.0375
0 0.7322916666666667 0.4552083333333333 0.125 0.07395833333333333
0 0.21666666666666667 0.7625 0.096875 0.19479166666666667
0 0.5822916666666667 0.6979166666666666 0.075 0.19583333333333333
0 0.6583333333333333 0.9052083333333333 0.12395833333333334 0.18854166666666666
0 0.5125 0.4552083333333333 0.07708333333333334 0.1
0 0.58125 0.48020833333333335 0.0875 0.10208333333333333
0 0.17291666666666666 0.875 0.14583333333333334 0.24583333333333332
0 0.7479166666666667 0.8177083333333334 0.14166666666666666 0.32395833333333335