0 0.1875 0.7458333333333333 0.175 0.24583333333333332
0 0.35625 0.5614583333333333 0.11770833333333333 0.1625
0 0.35208333333333336 0.7791666666666667 0.12604166666666666 0.3572916666666667
0 0.5604166666666667 0.53125 0.109375 0.11458333333333333
0 0.6333333333333333 0.69375 0.115625 0.24270833333333333
0 0.8229166666666666 0.9041666666666667 0.2760416666666667 0.190625
0 0.6583333333333333 0.5041666666666667 0.11145833333333334 0.14791666666666667
0 0.5666666666666667 0.33125 0.08020833333333334 0.1
0 0.6333333333333333 0.2 0.06145833333333333 0.05520833333333333
0 0.7364583333333333 0.26145833333333335 0.07291666666666667 0.06666666666666667
0 0.9104166666666667 0.2875 0.071875 0.08125
0 0.8083333333333333 0.7083333333333334 0.128125 0.22395833333333334
0 0.36041666666666666 0.13229166666666667 0.017708333333333333 0.03125
0 0.6447916666666667 0.35520833333333335 0.0625 0.11458333333333333
0 0.6333333333333333 0.26875 0.051041666666666666 0.06666666666666667
0 0.8666666666666667 0.14583333333333334 0.05520833333333333 0.057291666666666664
0 0.90625 0.21458333333333332 0.18541666666666667 0.1375
0 0.5270833333333333 0.7791666666666667 0.15520833333333334 0.39791666666666664