0 0.2875 0.7145833333333333 0.13645833333333332 0.2375
0 0.6552083333333333 0.878125 0.19375 0.24375
0 0.8322916666666667 0.8239583333333333 0.14791666666666667 0.2552083333333333
0 0.6447916666666667 0.6708333333333333 0.14583333333333334 0.18541666666666667
0 0.16875 0.18125 0.07395833333333333 0.0625
0 0.33125 0.15104166666666666 0.03854166666666667 0.05416666666666667
0 0.40520833333333334 0.18645833333333334 0.0375 0.05
0 0.44166666666666665 0.196875 0.057291666666666664 0.057291666666666664
0 0.47708333333333336 0.23125 0.08020833333333334 0.06666666666666667
0 0.6760416666666667 0.24479166666666666 0.03333333333333333 0.08125
0 0.5875 0.22291666666666668 0.06875 0.06145833333333333
0 0.6125 0.33541666666666664 0.125 0.11458333333333333
0 0.5322916666666667 0.209375 0.041666666666666664 0.07395833333333333
0 0.4791666666666667 0.16041666666666668 0.030208333333333334 0.035416666666666666
0 0.44375 0.14895833333333333 0.03229166666666667 0.05416666666666667
0 0.46770833333333334 0.753125 0.1375 0.37604166666666666