0 0.2875 0.7229166666666667 0.1375 0.25416666666666665
0 0.653125 0.8791666666666667 0.19583333333333333 0.240625
0 0.6489583333333333 0.6739583333333333 0.14791666666666667 0.19583333333333333
0 0.8270833333333333 0.8322916666666667 0.16145833333333334 0.25729166666666664
0 0.18125 0.32083333333333336 0.128125 0.11458333333333333
0 0.16458333333333333 0.18229166666666666 0.07395833333333333 0.057291666666666664
0 0.32708333333333334 0.15 0.036458333333333336 0.052083333333333336
0 0.36770833333333336 0.17291666666666666 0.05416666666666667 0.05416666666666667
0 0.471875 0.21666666666666667 0.07083333333333333 0.0625
0 0.5708333333333333 0.22083333333333333 0.06979166666666667 0.059375
0 0.6625 0.25416666666666665 0.065625 0.07083333333333333
0 0.51875 0.16458333333333333 0.030208333333333334 0.0375
0 0.475 0.16458333333333333 0.023958333333333335 0.04791666666666667
0 0.428125 0.17916666666666667 0.041666666666666664 0.090625
0 0.46875 0.7458333333333333 0.13854166666666667 0.371875