0 0.24375 0.7895833333333333 0.203125 0.271875
0 0.4083333333333333 0.853125 0.2 0.29375
0 0.6583333333333333 0.8166666666666667 0.17604166666666668 0.29583333333333334
0 0.8822916666666667 0.9104166666666667 0.21875 0.17916666666666667
0 0.8541666666666666 0.7166666666666667 0.15833333333333333 0.22604166666666667
0 0.6979166666666666 0.6291666666666667 0.13125 0.21458333333333332
0 0.4583333333333333 0.6510416666666666 0.12395833333333334 0.18333333333333332
0 0.3375 0.6020833333333333 0.16666666666666666 0.21458333333333332
0 0.3958333333333333 0.30520833333333336 0.10104166666666667 0.09583333333333334
0 0.6833333333333333 0.09479166666666666 0.034375 0.0375
0 0.6104166666666667 0.065625 0.019791666666666666 0.05
0 0.6229166666666667 0.059375 0.0125 0.04791666666666667
0 0.6291666666666667 0.05 0.0125 0.040625
0 0.68125 0.24479166666666666 0.46770833333333334 0.2708333333333333