0 0.24270833333333333 0.7927083333333333 0.20625 0.28125
0 0.41041666666666665 0.85 0.196875 0.28541666666666665
0 0.6583333333333333 0.8125 0.17291666666666666 0.3
0 0.8854166666666666 0.909375 0.21875 0.18125
0 0.8541666666666666 0.7135416666666666 0.159375 0.22395833333333334
0 0.6979166666666666 0.6291666666666667 0.13333333333333333 0.22083333333333333
0 0.4583333333333333 0.653125 0.12708333333333333 0.17916666666666667
0 0.33645833333333336 0.6041666666666666 0.16875 0.21875
0 0.3958333333333333 0.30520833333333336 0.10520833333333333 0.1
0 0.6833333333333333 0.09479166666666666 0.0375 0.04479166666666667
0 0.6104166666666667 0.06458333333333334 0.021875 0.05520833333333333
0 0.6208333333333333 0.059375 0.016666666666666666 0.04791666666666667
0 0.6291666666666667 0.053125 0.013541666666666667 0.042708333333333334
0 0.6791666666666667 0.240625 0.46770833333333334 0.2625