0 0.2875 0.715625 0.13854166666666667 0.24270833333333333
0 0.6541666666666667 0.878125 0.19166666666666668 0.24375
0 0.828125 0.8291666666666667 0.15 0.2520833333333333
0 0.6458333333333334 0.6802083333333333 0.13854166666666667 0.209375
0 0.459375 0.22916666666666666 0.07708333333333334 0.06875
0 0.5645833333333333 0.33125 0.121875 0.10416666666666667
0 0.16979166666666667 0.18333333333333332 0.06875 0.0625
0 0.3302083333333333 0.14895833333333333 0.03958333333333333 0.05
0 0.40625 0.18541666666666667 0.03854166666666667 0.04479166666666667
0 0.43333333333333335 0.19791666666666666 0.057291666666666664 0.052083333333333336
0 0.515625 0.16458333333333333 0.035416666666666666 0.03333333333333333
0 0.4864583333333333 0.19583333333333333 0.05 0.03854166666666667
0 0.5791666666666667 0.22083333333333333 0.06770833333333333 0.06458333333333334
0 0.6666666666666666 0.2375 0.04791666666666667 0.06875
0 0.48020833333333335 0.16041666666666668 0.025 0.023958333333333335
0 0.5229166666666667 0.20833333333333334 0.042708333333333334 0.06458333333333334
0 0.4479166666666667 0.14791666666666667 0.034375 0.04479166666666667
0 0.46979166666666666 0.7541666666666667 0.13125 0.378125