0 0.28541666666666665 0.725 0.13854166666666667 0.26458333333333334
0 0.653125 0.878125 0.19375 0.24375
0 0.6447916666666667 0.675 0.14166666666666666 0.19479166666666667
0 0.8270833333333333 0.834375 0.153125 0.26458333333333334
0 0.16666666666666666 0.18125 0.07395833333333333 0.0625
0 0.340625 0.17083333333333334 0.0625 0.05520833333333333
0 0.328125 0.14166666666666666 0.035416666666666666 0.03854166666666667
0 0.42291666666666666 0.20625 0.05520833333333333 0.06875
0 0.49375 0.18541666666666667 0.036458333333333336 0.0375
0 0.5114583333333333 0.16458333333333333 0.03125 0.040625
0 0.4947916666666667 0.13958333333333334 0.022916666666666665 0.035416666666666666
0 0.5395833333333333 0.15208333333333332 0.03333333333333333 0.04791666666666667
0 0.46458333333333335 0.19583333333333333 0.026041666666666668 0.057291666666666664
0 0.51875 0.22083333333333333 0.046875 0.07083333333333333
0 0.4666666666666667 0.7479166666666667 0.140625 0.378125
0 0.625 0.23333333333333334 0.08229166666666667 0.10729166666666666