0 0.33958333333333335 0.7864583333333334 0.12916666666666668 0.32083333333333336
0 0.5 0.7645833333333333 0.128125 0.2625
0 0.6125 0.5447916666666667 0.115625 0.15520833333333334
0 0.5229166666666667 0.19375 0.051041666666666666 0.05416666666666667
0 0.5958333333333333 0.20416666666666666 0.058333333333333334 0.057291666666666664
0 0.3645833333333333 0.1375 0.030208333333333334 0.03854166666666667
0 0.44166666666666665 0.15625 0.026041666666666668 0.04583333333333333
0 0.8770833333333333 0.17395833333333333 0.03125 0.04479166666666667
0 0.4864583333333333 0.89375 0.12708333333333333 0.2125
0 0.13645833333333332 0.89375 0.12708333333333333 0.2125
0 0.7520833333333333 0.6416666666666667 0.10625 0.22083333333333333
0 0.40625 0.18020833333333333 0.028125 0.057291666666666664
0 0.9052083333333333 0.2916666666666667 0.06875 0.09791666666666667
0 0.9270833333333334 0.15416666666666667 0.046875 0.10208333333333333
0 0.46875 0.19791666666666666 0.052083333333333336 0.08125