0 0.24583333333333332 0.7895833333333333 0.203125 0.2833333333333333
0 0.41041666666666665 0.8510416666666667 0.203125 0.29791666666666666
0 0.659375 0.8177083333333334 0.17083333333333334 0.29791666666666666
0 0.8885416666666667 0.90625 0.22291666666666668 0.175
0 0.853125 0.7135416666666666 0.16041666666666668 0.22083333333333333
0 0.6979166666666666 0.6322916666666667 0.13020833333333334 0.22083333333333333
0 0.4583333333333333 0.646875 0.12604166666666666 0.17916666666666667
0 0.33541666666666664 0.5958333333333333 0.16979166666666667 0.2125
0 0.5979166666666667 0.265625 0.128125 0.109375
0 0.8416666666666667 0.2635416666666667 0.16979166666666667 0.14270833333333333
0 0.74375 0.21145833333333333 0.071875 0.08541666666666667
0 0.7479166666666667 0.15416666666666667 0.08229166666666667 0.06458333333333334
0 0.6916666666666667 0.04791666666666667 0.026041666666666668 0.040625
0 0.6083333333333333 0.06458333333333334 0.023958333333333335 0.04479166666666667
0 0.6208333333333333 0.05625 0.015625 0.04583333333333333
0 0.63125 0.053125 0.013541666666666667 0.042708333333333334
0 0.5416666666666666 0.15416666666666667 0.16666666666666666 0.140625