0 0.284375 0.8552083333333333 0.19166666666666668 0.2677083333333333
0 0.6739583333333333 0.8729166666666667 0.19583333333333333 0.24166666666666667
0 0.690625 0.609375 0.2 0.403125
0 0.340625 0.6333333333333333 0.12708333333333333 0.16979166666666667
0 0.38333333333333336 0.5395833333333333 0.134375 0.2125
0 0.6072916666666667 0.44166666666666665 0.09166666666666666 0.13958333333333334
0 0.7510416666666667 0.3927083333333333 0.10104166666666667 0.1375
0 0.115625 0.33125 0.08645833333333333 0.13541666666666666
0 0.19791666666666666 0.3104166666666667 0.065625 0.084375
0 0.028125 0.4125 0.05625 0.15729166666666666
0 0.44375 0.2875 0.08958333333333333 0.19166666666666668
0 0.5854166666666667 0.3625 0.07708333333333334 0.11354166666666667
0 0.565625 0.30625 0.078125 0.12916666666666668