0 0.24166666666666667 0.790625 0.203125 0.28541666666666665
0 0.4125 0.8541666666666666 0.2 0.290625
0 0.6572916666666667 0.8052083333333333 0.175 0.29583333333333334
0 0.8854166666666666 0.909375 0.21979166666666666 0.18125
0 0.8541666666666666 0.7125 0.15833333333333333 0.21666666666666667
0 0.696875 0.6291666666666667 0.12916666666666668 0.21875
0 0.46041666666666664 0.653125 0.125 0.1875
0 0.3375 0.5979166666666667 0.171875 0.21145833333333333
0 0.6864583333333333 0.10625 0.0375 0.04583333333333333
0 0.5625 0.290625 0.06979166666666667 0.09270833333333334
0 0.6104166666666667 0.06354166666666666 0.020833333333333332 0.05
0 0.6208333333333333 0.0625 0.021875 0.052083333333333336
0 0.6291666666666667 0.05520833333333333 0.011458333333333333 0.04791666666666667
0 0.5395833333333333 0.14270833333333333 0.16979166666666667 0.10416666666666667
0 0.796875 0.22916666666666666 0.40625 0.2708333333333333