0 0.315625 0.8479166666666667 0.13333333333333333 0.20729166666666668
0 0.44583333333333336 0.8208333333333333 0.134375 0.22916666666666666
0 0.5135416666666667 0.9604166666666667 0.15416666666666667 0.07916666666666666
0 0.6354166666666666 0.6260416666666667 0.10416666666666667 0.15520833333333334
0 0.503125 0.284375 0.029166666666666667 0.042708333333333334
0 0.48541666666666666 0.26875 0.01875 0.029166666666666667
0 0.46041666666666664 0.22916666666666666 0.014583333333333334 0.029166666666666667
0 0.5041666666666667 0.221875 0.015625 0.03333333333333333
0 0.7197916666666667 0.41354166666666664 0.10416666666666667 0.090625
0 0.7677083333333333 0.44895833333333335 0.125 0.0875
0 0.21666666666666667 0.7479166666666667 0.1 0.178125
0 0.5791666666666667 0.6958333333333333 0.07291666666666667 0.20416666666666666
0 0.6572916666666667 0.9052083333333333 0.125 0.18854166666666666
0 0.5260416666666666 0.42083333333333334 0.29375 0.22395833333333334
0 0.17291666666666666 0.875 0.14895833333333333 0.25
0 0.74375 0.8270833333333333 0.14895833333333333 0.33541666666666664