0 0.28541666666666665 0.7208333333333333 0.1375 0.24791666666666667
0 0.6427083333333333 0.671875 0.13958333333333334 0.19270833333333334
0 0.653125 0.878125 0.18958333333333333 0.24375
0 0.8302083333333333 0.8375 0.15416666666666667 0.2760416666666667
0 0.16875 0.18125 0.071875 0.059375
0 0.25 0.16979166666666667 0.065625 0.05416666666666667
0 0.33125 0.15 0.03854166666666667 0.05520833333333333
0 0.37604166666666666 0.171875 0.04583333333333333 0.04791666666666667
0 0.4041666666666667 0.19583333333333333 0.03854166666666667 0.06666666666666667
0 0.6104166666666667 0.35104166666666664 0.15208333333333332 0.10520833333333333
0 0.646875 0.259375 0.0875 0.06666666666666667
0 0.6354166666666666 0.225 0.08125 0.06145833333333333
0 0.48541666666666666 0.18645833333333334 0.034375 0.057291666666666664
0 0.51875 0.16041666666666668 0.026041666666666668 0.03854166666666667
0 0.4791666666666667 0.14583333333333334 0.023958333333333335 0.040625
0 0.44895833333333335 0.184375 0.022916666666666665 0.05416666666666667
0 0.465625 0.20625 0.041666666666666664 0.06145833333333333
0 0.4666666666666667 0.7427083333333333 0.140625 0.37083333333333335
0 0.5375 0.21145833333333333 0.06979166666666667 0.09583333333333334