0 0.540625 0.4041666666666667 0.11458333333333333 0.1375
0 0.7708333333333334 0.521875 0.125 0.20416666666666666
0 0.53125 0.8302083333333333 0.17083333333333334 0.3385416666666667
0 0.603125 0.21666666666666667 0.15416666666666667 0.09583333333333334
0 0.69375 0.196875 0.11145833333333334 0.07604166666666666
0 0.7875 0.215625 0.12083333333333333 0.090625
0 0.709375 0.0375 0.027083333333333334 0.042708333333333334
0 0.740625 0.04583333333333333 0.04791666666666667 0.0375
0 0.7583333333333333 0.1625 0.06354166666666666 0.057291666666666664
0 0.59375 0.07083333333333333 0.021875 0.05
0 0.6083333333333333 0.06041666666666667 0.020833333333333332 0.042708333333333334
0 0.621875 0.05520833333333333 0.01875 0.040625