0 0.23958333333333334 0.7927083333333333 0.203125 0.278125
0 0.4114583333333333 0.8520833333333333 0.19791666666666666 0.29583333333333334
0 0.6572916666666667 0.8145833333333333 0.17083333333333334 0.29270833333333335
0 0.8854166666666666 0.9083333333333333 0.221875 0.18333333333333332
0 0.8520833333333333 0.715625 0.15833333333333333 0.22395833333333334
0 0.6979166666666666 0.6364583333333333 0.128125 0.228125
0 0.46041666666666664 0.6510416666666666 0.12604166666666666 0.17916666666666667
0 0.33645833333333336 0.6010416666666667 0.16666666666666666 0.209375
0 0.42916666666666664 0.30416666666666664 0.10520833333333333 0.09583333333333334
0 0.6854166666666667 0.10416666666666667 0.036458333333333336 0.04791666666666667
0 0.6104166666666667 0.065625 0.019791666666666666 0.04583333333333333
0 0.6208333333333333 0.05625 0.015625 0.042708333333333334
0 0.6270833333333333 0.053125 0.0125 0.042708333333333334
0 0.7385416666666667 0.23333333333333334 0.5229166666666667 0.26666666666666666