0 0.853125 0.921875 0.29375 0.15625
0 0.54375 0.790625 0.18645833333333334 0.390625
0 0.6447916666666667 0.703125 0.12395833333333334 0.240625
0 0.5666666666666667 0.5489583333333333 0.12291666666666666 0.11458333333333333
0 0.659375 0.515625 0.115625 0.15104166666666666
0 0.346875 0.5729166666666666 0.11666666666666667 0.159375
0 0.171875 0.7791666666666667 0.190625 0.24583333333333332
0 0.8177083333333334 0.7229166666666667 0.13333333333333333 0.21458333333333332
0 0.5416666666666666 0.3385416666666667 0.08541666666666667 0.096875
0 0.6166666666666667 0.365625 0.07083333333333333 0.1125
0 0.35208333333333336 0.7854166666666667 0.13229166666666667 0.34375