0 0.5072916666666667 0.8604166666666667 0.14791666666666667 0.2791666666666667
0 0.33541666666666664 0.790625 0.12916666666666668 0.321875
0 0.6114583333333333 0.5510416666666667 0.11458333333333333 0.16145833333333334
0 0.7427083333333333 0.34270833333333334 0.11666666666666667 0.1
0 0.88125 0.2708333333333333 0.09270833333333334 0.08125
0 0.38125 0.1625 0.03854166666666667 0.05
0 0.7791666666666667 0.6833333333333333 0.11145833333333334 0.2552083333333333
0 0.42083333333333334 0.1625 0.021875 0.05
0 0.42916666666666664 0.33541666666666664 0.17604166666666668 0.1625
0 0.68125 0.24583333333333332 0.084375 0.11145833333333334
0 0.9270833333333334 0.15208333333333332 0.04375 0.10729166666666666