0 0.58125 0.5145833333333333 0.115625 0.18125
0 0.7697916666666667 0.809375 0.17916666666666667 0.31145833333333334
0 0.6833333333333333 0.22395833333333334 0.13229166666666667 0.09583333333333334
0 0.578125 0.18229166666666666 0.11875 0.07604166666666666
0 0.7125 0.16458333333333333 0.11145833333333334 0.08125
0 0.8729166666666667 0.17083333333333334 0.12916666666666668 0.09479166666666666
0 0.9208333333333333 0.221875 0.13645833333333332 0.09270833333333334
0 0.6916666666666667 0.040625 0.03125 0.04791666666666667
0 0.7385416666666667 0.04583333333333333 0.03958333333333333 0.035416666666666666
0 0.59375 0.07083333333333333 0.020833333333333332 0.04583333333333333
0 0.609375 0.0625 0.014583333333333334 0.04583333333333333
0 0.6208333333333333 0.058333333333333334 0.014583333333333334 0.04583333333333333