0 0.5833333333333334 0.484375 0.10520833333333333 0.16458333333333333
0 0.765625 0.6541666666666667 0.14583333333333334 0.25729166666666664
0 0.6322916666666667 0.21979166666666666 0.1125 0.07916666666666666
0 0.71875 0.18020833333333333 0.11770833333333333 0.07916666666666666
0 0.8010416666666667 0.19791666666666666 0.07916666666666666 0.07395833333333333
0 0.9135416666666667 0.22604166666666667 0.16458333333333333 0.1
0 0.8895833333333333 0.15208333333333332 0.10416666666666667 0.07083333333333333
0 0.71875 0.04479166666666667 0.034375 0.040625
0 0.75 0.04479166666666667 0.036458333333333336 0.0375
0 0.6864583333333333 0.5125 0.041666666666666664 0.17395833333333333
0 0.5947916666666667 0.06666666666666667 0.020833333333333332 0.052083333333333336
0 0.6083333333333333 0.06666666666666667 0.017708333333333333 0.04479166666666667
0 0.6208333333333333 0.05520833333333333 0.015625 0.0375