0 0.10208333333333333 0.9083333333333333 0.20208333333333334 0.18333333333333332
0 0.3177083333333333 0.715625 0.14166666666666666 0.23854166666666668
0 0.34375 0.8791666666666667 0.15833333333333333 0.240625
0 0.6666666666666666 0.775 0.15833333333333333 0.26458333333333334
0 0.6145833333333334 0.6291666666666667 0.15416666666666667 0.17083333333333334
0 0.66875 0.5583333333333333 0.11770833333333333 0.1875
0 0.44583333333333336 0.39791666666666664 0.0875 0.121875
0 0.6875 0.36354166666666665 0.08125 0.1125
0 0.5864583333333333 0.2875 0.07083333333333333 0.07395833333333333
0 0.5125 0.459375 0.06979166666666667 0.1625
0 0.8552083333333333 0.8114583333333333 0.13958333333333334 0.3072916666666667
0 0.4947916666666667 0.3145833333333333 0.05625 0.10416666666666667
0 0.36875 0.14375 0.017708333333333333 0.03854166666666667
0 0.8333333333333334 0.16666666666666666 0.022916666666666665 0.040625
0 0.9041666666666667 0.16666666666666666 0.021875 0.052083333333333336
0 0.740625 0.24479166666666666 0.17291666666666666 0.15520833333333334
0 0.8666666666666667 0.15416666666666667 0.04895833333333333 0.078125
0 0.6020833333333333 0.8916666666666667 0.21979166666666666 0.21666666666666667