0 0.31875 0.8479166666666667 0.13645833333333332 0.21875
0 0.44166666666666665 0.8208333333333333 0.134375 0.22604166666666667
0 0.509375 0.9604166666666667 0.16041666666666668 0.07916666666666666
0 0.6364583333333333 0.6291666666666667 0.10625 0.15520833333333334
0 0.25104166666666666 0.4395833333333333 0.09791666666666667 0.06875
0 0.525 0.45625 0.12604166666666666 0.090625
0 0.5833333333333334 0.42291666666666666 0.08645833333333333 0.0875
0 0.5125 0.31145833333333334 0.040625 0.059375
0 0.49375 0.2947916666666667 0.028125 0.04791666666666667
0 0.459375 0.24375 0.022916666666666665 0.035416666666666666
0 0.5041666666666667 0.2375 0.015625 0.035416666666666666
0 0.21458333333333332 0.75 0.09895833333333333 0.17395833333333333
0 0.584375 0.7010416666666667 0.07291666666666667 0.209375
0 0.65625 0.903125 0.125 0.19375
0 0.27708333333333335 0.4625 0.08645833333333333 0.09583333333333334
0 0.40625 0.478125 0.090625 0.10729166666666666
0 0.7604166666666666 0.4197916666666667 0.13229166666666667 0.20520833333333333
0 0.16875 0.8770833333333333 0.14270833333333333 0.24583333333333332
0 0.7458333333333333 0.81875 0.15 0.3145833333333333