0 0.5520833333333334 0.4197916666666667 0.1125 0.14583333333333334
0 0.5458333333333333 0.8729166666666667 0.18333333333333332 0.25416666666666665
0 0.7708333333333334 0.534375 0.12291666666666666 0.20208333333333334
0 0.8625 0.18958333333333333 0.09479166666666666 0.0875
0 0.940625 0.22083333333333333 0.11875 0.08333333333333333
0 0.55625 0.22083333333333333 0.15833333333333333 0.09583333333333334
0 0.634375 0.19166666666666668 0.0875 0.06875
0 0.7208333333333333 0.2125 0.11770833333333333 0.08333333333333333
0 0.7177083333333333 0.046875 0.029166666666666667 0.042708333333333334
0 0.75 0.051041666666666666 0.040625 0.035416666666666666
0 0.7083333333333334 0.159375 0.065625 0.04479166666666667
0 0.5958333333333333 0.06979166666666667 0.019791666666666666 0.05
0 0.6083333333333333 0.06354166666666666 0.019791666666666666 0.05
0 0.6229166666666667 0.05416666666666667 0.021875 0.042708333333333334