0 0.31145833333333334 0.8958333333333334 0.21979166666666666 0.20104166666666667
0 0.6552083333333333 0.878125 0.19166666666666668 0.20416666666666666
0 0.6479166666666667 0.7291666666666666 0.16666666666666666 0.18125
0 0.315625 0.7541666666666667 0.178125 0.21041666666666667
0 0.3489583333333333 0.5625 0.14375 0.22291666666666668
0 0.4114583333333333 0.5145833333333333 0.109375 0.17604166666666668
0 0.64375 0.5625 0.15 0.209375
0 0.665625 0.6427083333333333 0.15416666666666667 0.203125
0 0.6041666666666666 0.42083333333333334 0.10208333333333333 0.13645833333333332
0 0.5510416666666667 0.26145833333333335 0.075 0.17708333333333334
0 0.06458333333333334 0.37604166666666666 0.09270833333333334 0.12395833333333334
0 0.16354166666666667 0.28125 0.07916666666666666 0.17083333333333334