0 0.32083333333333336 0.8520833333333333 0.134375 0.21875
0 0.44166666666666665 0.8145833333333333 0.13333333333333333 0.23333333333333334
0 0.5114583333333333 0.9604166666666667 0.16041666666666668 0.07916666666666666
0 0.6375 0.63125 0.096875 0.159375
0 0.35 0.46145833333333336 0.11354166666666667 0.09270833333333334
0 0.3802083333333333 0.425 0.09375 0.09791666666666667
0 0.50625 0.2989583333333333 0.03854166666666667 0.057291666666666664
0 0.490625 0.28541666666666665 0.027083333333333334 0.04479166666666667
0 0.46041666666666664 0.23645833333333333 0.017708333333333333 0.03125
0 0.50625 0.23020833333333332 0.016666666666666666 0.028125
0 0.49895833333333334 0.25625 0.01875 0.028125
0 0.21666666666666667 0.7625 0.09895833333333333 0.19270833333333334
0 0.5822916666666667 0.7 0.075 0.21145833333333333
0 0.6583333333333333 0.9041666666666667 0.128125 0.190625
0 0.25833333333333336 0.4822916666666667 0.09895833333333333 0.109375
0 0.6947916666666667 0.4197916666666667 0.27291666666666664 0.21666666666666667
0 0.16979166666666667 0.875 0.15416666666666667 0.25
0 0.74375 0.8177083333333334 0.14895833333333333 0.328125