0 0.31666666666666665 0.85 0.13125 0.21458333333333332
0 0.44375 0.8135416666666667 0.12604166666666666 0.22395833333333334
0 0.5125 0.9604166666666667 0.1625 0.07916666666666666
0 0.6375 0.6354166666666666 0.10520833333333333 0.15208333333333332
0 0.3854166666666667 0.459375 0.128125 0.08854166666666667
0 0.61875 0.353125 0.08854166666666667 0.071875
0 0.46041666666666664 0.25833333333333336 0.021875 0.035416666666666666
0 0.5041666666666667 0.29583333333333334 0.026041666666666668 0.042708333333333334
0 0.5270833333333333 0.32916666666666666 0.040625 0.057291666666666664
0 0.50625 0.25625 0.021875 0.03125
0 0.46041666666666664 0.19791666666666666 0.0125 0.021875
0 0.496875 0.215625 0.0125 0.020833333333333332
0 0.21458333333333332 0.7625 0.096875 0.19791666666666666
0 0.578125 0.7072916666666667 0.07708333333333334 0.20416666666666666
0 0.6583333333333333 0.9020833333333333 0.125 0.19583333333333333
0 0.73125 0.45416666666666666 0.08020833333333334 0.09791666666666667
0 0.7489583333333333 0.4791666666666667 0.075 0.10416666666666667
0 0.16666666666666666 0.875 0.14791666666666667 0.25
0 0.74375 0.828125 0.14583333333333334 0.3333333333333333