0 0.24166666666666667 0.7927083333333333 0.20104166666666667 0.278125
0 0.4083333333333333 0.8552083333333333 0.196875 0.28854166666666664
0 0.6583333333333333 0.8166666666666667 0.17291666666666666 0.29583333333333334
0 0.8854166666666666 0.909375 0.21979166666666666 0.18125
0 0.853125 0.7177083333333333 0.15625 0.22083333333333333
0 0.6979166666666666 0.628125 0.13020833333333334 0.21875
0 0.459375 0.6510416666666666 0.125 0.17916666666666667
0 0.3375 0.6041666666666666 0.16770833333333332 0.21875
0 0.7395833333333334 0.2791666666666667 0.17916666666666667 0.12395833333333334
0 0.7166666666666667 0.19270833333333334 0.11979166666666667 0.07395833333333333
0 0.6875 0.07708333333333334 0.028125 0.05416666666666667
0 0.8770833333333333 0.259375 0.11041666666666666 0.09583333333333334
0 0.609375 0.06458333333333334 0.01875 0.04479166666666667
0 0.621875 0.059375 0.016666666666666666 0.04791666666666667
0 0.6291666666666667 0.052083333333333336 0.014583333333333334 0.04479166666666667
0 0.5395833333333333 0.13958333333333334 0.16770833333333332 0.10520833333333333
0 0.575 0.19791666666666666 0.10416666666666667 0.06666666666666667