0 0.24166666666666667 0.7947916666666667 0.20520833333333333 0.28125
0 0.4114583333333333 0.8520833333333333 0.20208333333333334 0.29583333333333334
0 0.6583333333333333 0.8145833333333333 0.17395833333333333 0.29270833333333335
0 0.8833333333333333 0.9104166666666667 0.2125 0.17916666666666667
0 0.8541666666666666 0.7177083333333333 0.15833333333333333 0.22395833333333334
0 0.6979166666666666 0.6322916666666667 0.13020833333333334 0.2125
0 0.4583333333333333 0.6541666666666667 0.12395833333333334 0.18333333333333332
0 0.33645833333333336 0.6020833333333333 0.16458333333333333 0.21458333333333332
0 0.684375 0.08645833333333333 0.0375 0.03125
0 0.8385416666666666 0.16666666666666666 0.0625 0.06666666666666667
0 0.6104166666666667 0.06354166666666666 0.019791666666666666 0.04583333333333333
0 0.6208333333333333 0.058333333333333334 0.017708333333333333 0.042708333333333334
0 0.6291666666666667 0.052083333333333336 0.011458333333333333 0.0375
0 0.58125 0.24479166666666666 0.45729166666666665 0.2552083333333333