0 0.24479166666666666 0.7958333333333333 0.20625 0.28854166666666664
0 0.4125 0.853125 0.2 0.29375
0 0.6583333333333333 0.809375 0.17604166666666668 0.28854166666666664
0 0.8822916666666667 0.9114583333333334 0.21458333333333332 0.17708333333333334
0 0.8552083333333333 0.715625 0.16458333333333333 0.22395833333333334
0 0.7 0.6291666666666667 0.128125 0.221875
0 0.4583333333333333 0.653125 0.121875 0.19479166666666667
0 0.33958333333333335 0.6020833333333333 0.16979166666666667 0.221875
0 0.703125 0.27291666666666664 0.16875 0.128125
0 0.4354166666666667 0.27395833333333336 0.12083333333333333 0.078125
0 0.7166666666666667 0.14895833333333333 0.065625 0.06458333333333334
0 0.69375 0.040625 0.020833333333333332 0.0375
0 0.6104166666666667 0.06354166666666666 0.021875 0.05
0 0.6229166666666667 0.059375 0.015625 0.04791666666666667
0 0.63125 0.05416666666666667 0.013541666666666667 0.04479166666666667
0 0.5395833333333333 0.16041666666666668 0.175 0.13854166666666667