0 0.2864583333333333 0.7197916666666667 0.1375 0.24583333333333332
0 0.653125 0.8791666666666667 0.19166666666666668 0.240625
0 0.6458333333333334 0.6729166666666667 0.13854166666666667 0.1875
0 0.825 0.8354166666666667 0.15625 0.2708333333333333
0 0.13958333333333334 0.16041666666666668 0.04479166666666667 0.042708333333333334
0 0.16666666666666666 0.18020833333333333 0.075 0.057291666666666664
0 0.33125 0.171875 0.059375 0.05520833333333333
0 0.3302083333333333 0.13645833333333332 0.03333333333333333 0.028125
0 0.41041666666666665 0.19166666666666668 0.034375 0.042708333333333334
0 0.4270833333333333 0.20625 0.05416666666666667 0.06458333333333334
0 0.49895833333333334 0.19479166666666667 0.03333333333333333 0.04791666666666667
0 0.60625 0.22604166666666667 0.035416666666666666 0.04791666666666667
0 0.5072916666666667 0.16666666666666666 0.03333333333333333 0.040625
0 0.49583333333333335 0.14270833333333333 0.027083333333333334 0.029166666666666667
0 0.5395833333333333 0.15520833333333334 0.03125 0.04791666666666667
0 0.4666666666666667 0.196875 0.03125 0.06458333333333334
0 0.5322916666666667 0.221875 0.04791666666666667 0.07083333333333333
0 0.459375 0.7395833333333334 0.15833333333333333 0.3572916666666667
0 0.6458333333333334 0.22916666666666666 0.07916666666666666 0.1