0 0.2875 0.4791666666666667 0.10416666666666667 0.14479166666666668
0 0.38125 0.5125 0.07916666666666666 0.20520833333333333
0 0.4166666666666667 0.45416666666666666 0.090625 0.14791666666666667
0 0.51875 0.8197916666666667 0.17604166666666668 0.2760416666666667
0 0.65 0.6583333333333333 0.153125 0.228125
0 0.8364583333333333 0.9354166666666667 0.23541666666666666 0.12916666666666668
0 0.578125 0.36875 0.075 0.1
0 0.4625 0.23854166666666668 0.05520833333333333 0.06666666666666667
0 0.7020833333333333 0.36875 0.078125 0.1
0 0.8 0.2625 0.07291666666666667 0.07395833333333333
0 0.93125 0.26145833333333335 0.04895833333333333 0.078125
0 0.91875 0.234375 0.04895833333333333 0.06875
0 0.35 0.11354166666666667 0.011458333333333333 0.028125
0 0.9041666666666667 0.16979166666666667 0.021875 0.042708333333333334
0 0.6625 0.48541666666666666 0.08125 0.11875
0 0.8677083333333333 0.15104166666666666 0.052083333333333336 0.07604166666666666
0 0.49375 0.5583333333333333 0.10208333333333333 0.2760416666666667