0 0.31875 0.8479166666666667 0.13333333333333333 0.21875
0 0.44375 0.8135416666666667 0.13020833333333334 0.22083333333333333
0 0.5052083333333334 0.9604166666666667 0.16458333333333333 0.07916666666666666
0 0.6322916666666667 0.6270833333333333 0.10416666666666667 0.15729166666666666
0 0.6114583333333333 0.45416666666666666 0.125 0.08854166666666667
0 0.6770833333333334 0.428125 0.09583333333333334 0.09270833333333334
0 0.5208333333333334 0.315625 0.046875 0.06458333333333334
0 0.49583333333333335 0.3020833333333333 0.030208333333333334 0.04791666666666667
0 0.46041666666666664 0.24375 0.021875 0.03854166666666667
0 0.5052083333333334 0.240625 0.016666666666666666 0.03333333333333333
0 0.5 0.271875 0.030208333333333334 0.0375
0 0.21458333333333332 0.75625 0.09479166666666666 0.18333333333333332
0 0.5802083333333333 0.703125 0.08125 0.2125
0 0.659375 0.9020833333333333 0.12916666666666668 0.19583333333333333
0 0.375 0.45625 0.078125 0.09791666666666667
0 0.47291666666666665 0.47604166666666664 0.08958333333333333 0.11145833333333334
0 0.17083333333333334 0.875 0.146875 0.25
0 0.7427083333333333 0.8229166666666666 0.14791666666666667 0.33125