0 0.240625 0.7916666666666666 0.20416666666666666 0.2791666666666667
0 0.40625 0.8583333333333333 0.20520833333333333 0.2833333333333333
0 0.6583333333333333 0.8135416666666667 0.17395833333333333 0.290625
0 0.8833333333333333 0.9104166666666667 0.21354166666666666 0.17916666666666667
0 0.8541666666666666 0.7135416666666666 0.159375 0.22083333333333333
0 0.6979166666666666 0.6354166666666666 0.13020833333333334 0.22604166666666667
0 0.45729166666666665 0.6697916666666667 0.125 0.22395833333333334
0 0.3375 0.6020833333333333 0.16458333333333333 0.21458333333333332
0 0.7927083333333333 0.27708333333333335 0.18333333333333332 0.128125
0 0.940625 0.253125 0.11875 0.09791666666666667
0 0.7083333333333334 0.19583333333333333 0.12395833333333334 0.07916666666666666
0 0.6895833333333333 0.084375 0.030208333333333334 0.05416666666666667
0 0.6104166666666667 0.06354166666666666 0.021875 0.05
0 0.6208333333333333 0.057291666666666664 0.016666666666666666 0.04479166666666667
0 0.6291666666666667 0.05416666666666667 0.011458333333333333 0.04583333333333333
0 0.5416666666666666 0.1375 0.16979166666666667 0.1