0 0.2864583333333333 0.721875 0.13541666666666666 0.2520833333333333
0 0.65625 0.8802083333333334 0.196875 0.23854166666666668
0 0.8270833333333333 0.828125 0.15729166666666666 0.2520833333333333
0 0.6479166666666667 0.6791666666666667 0.140625 0.21145833333333333
0 0.16666666666666666 0.18125 0.071875 0.059375
0 0.32916666666666666 0.14895833333333333 0.03854166666666667 0.06145833333333333
0 0.38229166666666664 0.171875 0.05 0.052083333333333336
0 0.4427083333333333 0.21041666666666667 0.058333333333333334 0.057291666666666664
0 0.5604166666666667 0.23125 0.07916666666666666 0.06666666666666667
0 0.5302083333333333 0.21354166666666666 0.058333333333333334 0.05416666666666667
0 0.49166666666666664 0.18645833333333334 0.030208333333333334 0.05
0 0.5322916666666667 0.16145833333333334 0.03125 0.040625
0 0.5 0.14895833333333333 0.028125 0.023958333333333335
0 0.60625 0.22708333333333333 0.04895833333333333 0.06458333333333334
0 0.4166666666666667 0.171875 0.028125 0.078125
0 0.46770833333333334 0.7458333333333333 0.1375 0.37083333333333335