0 0.24479166666666666 0.7875 0.20416666666666666 0.2791666666666667
0 0.4114583333333333 0.853125 0.19375 0.29375
0 0.6583333333333333 0.8125 0.175 0.28854166666666664
0 0.8833333333333333 0.9104166666666667 0.2125 0.17916666666666667
0 0.85625 0.71875 0.15833333333333333 0.23333333333333334
0 0.7 0.6322916666666667 0.128125 0.22083333333333333
0 0.4583333333333333 0.6541666666666667 0.128125 0.18854166666666666
0 0.3375 0.5979166666666667 0.16770833333333332 0.21145833333333333
0 0.5770833333333333 0.19479166666666667 0.09479166666666666 0.0625
0 0.6854166666666667 0.11770833333333333 0.042708333333333334 0.057291666666666664
0 0.6552083333333333 0.28958333333333336 0.06666666666666667 0.09791666666666667
0 0.371875 0.28020833333333334 0.06666666666666667 0.12083333333333333
0 0.6104166666666667 0.06354166666666666 0.019791666666666666 0.05
0 0.6197916666666666 0.05625 0.016666666666666666 0.04583333333333333
0 0.6302083333333334 0.05416666666666667 0.014583333333333334 0.04791666666666667
0 0.5416666666666666 0.140625 0.171875 0.10416666666666667
0 0.840625 0.246875 0.3145833333333333 0.26875