0 0.24375 0.7885416666666667 0.203125 0.278125
0 0.409375 0.8520833333333333 0.20208333333333334 0.29583333333333334
0 0.6583333333333333 0.815625 0.17291666666666666 0.29791666666666666
0 0.8854166666666666 0.9104166666666667 0.21354166666666666 0.17916666666666667
0 0.853125 0.7166666666666667 0.1625 0.221875
0 0.6979166666666666 0.6322916666666667 0.13229166666666667 0.22083333333333333
0 0.46041666666666664 0.6489583333333333 0.125 0.17604166666666668
0 0.3375 0.6072916666666667 0.16770833333333332 0.21875
0 0.6125 0.2760416666666667 0.16666666666666666 0.121875
0 0.734375 0.21770833333333334 0.06458333333333334 0.090625
0 0.7041666666666667 0.14270833333333333 0.06145833333333333 0.0625
0 0.6958333333333333 0.03333333333333333 0.021875 0.0375
0 0.8583333333333333 0.16666666666666666 0.06354166666666666 0.078125
0 0.6083333333333333 0.065625 0.021875 0.05
0 0.6208333333333333 0.058333333333333334 0.016666666666666666 0.042708333333333334
0 0.6291666666666667 0.05416666666666667 0.015625 0.052083333333333336
0 0.5395833333333333 0.159375 0.17395833333333333 0.12916666666666668