0 0.24375 0.790625 0.20729166666666668 0.278125
0 0.4125 0.8510416666666667 0.20208333333333334 0.2875
0 0.6583333333333333 0.8125 0.17604166666666668 0.2875
0 0.884375 0.9104166666666667 0.21458333333333332 0.17916666666666667
0 0.8520833333333333 0.715625 0.15520833333333334 0.22395833333333334
0 0.6979166666666666 0.6302083333333334 0.13020833333333334 0.22395833333333334
0 0.46041666666666664 0.65 0.12395833333333334 0.18125
0 0.33645833333333336 0.6 0.16458333333333333 0.21145833333333333
0 0.4864583333333333 0.28958333333333336 0.17291666666666666 0.10520833333333333
0 0.578125 0.271875 0.08333333333333333 0.08854166666666667
0 0.7395833333333334 0.203125 0.096875 0.0875
0 0.8583333333333333 0.165625 0.10416666666666667 0.08333333333333333
0 0.6854166666666667 0.06875 0.028125 0.04479166666666667
0 0.6104166666666667 0.065625 0.020833333333333332 0.05
0 0.6208333333333333 0.059375 0.015625 0.040625
0 0.6291666666666667 0.051041666666666666 0.013541666666666667 0.03854166666666667
0 0.5375 0.16041666666666668 0.178125 0.14583333333333334