0 0.16979166666666667 0.31666666666666665 0.10625 0.09583333333333334
0 0.33958333333333335 0.7895833333333333 0.12604166666666666 0.31666666666666665
0 0.4947916666666667 0.76875 0.12083333333333333 0.259375
0 0.6104166666666667 0.5479166666666667 0.11354166666666667 0.14791666666666667
0 0.36666666666666664 0.14270833333333333 0.028125 0.04791666666666667
0 0.5645833333333333 0.20520833333333333 0.05520833333333333 0.052083333333333336
0 0.6364583333333333 0.2125 0.058333333333333334 0.05520833333333333
0 0.8760416666666667 0.17083333333333334 0.027083333333333334 0.04791666666666667
0 0.49375 0.9104166666666667 0.128125 0.17916666666666667
0 0.753125 0.6375 0.09791666666666667 0.22083333333333333
0 0.42604166666666665 0.1875 0.035416666666666666 0.06145833333333333
0 0.4 0.159375 0.020833333333333332 0.04479166666666667
0 0.8125 0.2875 0.06770833333333333 0.09270833333333334
0 0.96875 0.2833333333333333 0.059375 0.08541666666666667
0 0.9270833333333334 0.15208333333333332 0.04895833333333333 0.1
0 0.49583333333333335 0.20104166666666667 0.06041666666666667 0.0875