0 0.33645833333333336 0.784375 0.125 0.31666666666666665
0 0.49895833333333334 0.7666666666666667 0.12916666666666668 0.2625
0 0.6125 0.5510416666666667 0.115625 0.16458333333333333
0 0.5333333333333333 0.20208333333333334 0.051041666666666666 0.059375
0 0.3645833333333333 0.14375 0.026041666666666668 0.04583333333333333
0 0.6083333333333333 0.20833333333333334 0.058333333333333334 0.057291666666666664
0 0.49166666666666664 0.9010416666666666 0.128125 0.19791666666666666
0 0.13333333333333333 0.9135416666666667 0.13645833333333332 0.171875
0 0.753125 0.6427083333333333 0.10833333333333334 0.22916666666666666
0 0.41041666666666665 0.1875 0.034375 0.06145833333333333
0 0.38958333333333334 0.15625 0.019791666666666666 0.04583333333333333
0 0.9458333333333333 0.29791666666666666 0.06979166666666667 0.08854166666666667
0 0.85 0.175 0.020833333333333332 0.05416666666666667
0 0.47708333333333336 0.19583333333333333 0.05416666666666667 0.08333333333333333
0 0.928125 0.15416666666666667 0.05 0.10520833333333333