0 0.31875 0.85 0.13333333333333333 0.21458333333333332
0 0.44375 0.8125 0.12916666666666668 0.23333333333333334
0 0.5114583333333333 0.9625 0.15833333333333333 0.07395833333333333
0 0.6375 0.6322916666666667 0.109375 0.15
0 0.3385416666666667 0.46145833333333336 0.13125 0.09270833333333334
0 0.6010416666666667 0.3458333333333333 0.08541666666666667 0.06666666666666667
0 0.5208333333333334 0.321875 0.041666666666666664 0.04791666666666667
0 0.459375 0.25729166666666664 0.01875 0.04479166666666667
0 0.50625 0.2552083333333333 0.021875 0.040625
0 0.5041666666666667 0.29375 0.028125 0.03854166666666667
0 0.46145833333333336 0.20104166666666667 0.014583333333333334 0.028125
0 0.4666666666666667 0.2375 0.020833333333333332 0.028125
0 0.21458333333333332 0.75625 0.090625 0.1875
0 0.58125 0.7010416666666667 0.07604166666666666 0.20520833333333333
0 0.6583333333333333 0.909375 0.12291666666666666 0.18125
0 0.684375 0.45416666666666666 0.07708333333333334 0.08541666666666667
0 0.71875 0.47604166666666664 0.07916666666666666 0.1
0 0.17708333333333334 0.875 0.15104166666666666 0.25
0 0.7416666666666667 0.825 0.153125 0.33541666666666664