0 0.24375 0.796875 0.20520833333333333 0.2875
0 0.409375 0.853125 0.20208333333333334 0.29375
0 0.6583333333333333 0.8177083333333334 0.17291666666666666 0.29791666666666666
0 0.8854166666666666 0.9114583333333334 0.21666666666666667 0.17708333333333334
0 0.8541666666666666 0.7177083333333333 0.16145833333333334 0.22395833333333334
0 0.6979166666666666 0.6322916666666667 0.13125 0.22083333333333333
0 0.459375 0.6479166666666667 0.125 0.18125
0 0.3375 0.6 0.16875 0.21145833333333333
0 0.5177083333333333 0.28020833333333334 0.16458333333333333 0.1125
0 0.728125 0.21979166666666666 0.07708333333333334 0.09479166666666666
0 0.821875 0.15833333333333333 0.09791666666666667 0.08333333333333333
0 0.8375 0.28958333333333336 0.07708333333333334 0.10520833333333333
0 0.69375 0.134375 0.051041666666666666 0.06145833333333333
0 0.6947916666666667 0.030208333333333334 0.020833333333333332 0.03125
0 0.6104166666666667 0.065625 0.019791666666666666 0.04583333333333333
0 0.6197916666666666 0.05625 0.01875 0.04583333333333333
0 0.6302083333333334 0.05416666666666667 0.010416666666666666 0.040625
0 0.5395833333333333 0.16145833333333334 0.178125 0.14791666666666667