0 0.2864583333333333 0.721875 0.13958333333333334 0.2520833333333333
0 0.6541666666666667 0.8802083333333334 0.18958333333333333 0.23854166666666668
0 0.8291666666666667 0.8375 0.15520833333333334 0.278125
0 0.6479166666666667 0.671875 0.13958333333333334 0.19270833333333334
0 0.4375 0.3333333333333333 0.14791666666666667 0.10729166666666666
0 0.16979166666666667 0.18229166666666666 0.07083333333333333 0.06458333333333334
0 0.35208333333333336 0.17083333333333334 0.057291666666666664 0.057291666666666664
0 0.32916666666666666 0.14791666666666667 0.034375 0.04791666666666667
0 0.6395833333333333 0.23020833333333332 0.07395833333333333 0.057291666666666664
0 0.50625 0.22604166666666667 0.07395833333333333 0.0625
0 0.4083333333333333 0.184375 0.035416666666666666 0.06145833333333333
0 0.5270833333333333 0.2 0.052083333333333336 0.04791666666666667
0 0.4875 0.18645833333333334 0.028125 0.03854166666666667
0 0.46875 0.7510416666666667 0.13854166666666667 0.371875
0 0.446875 0.19166666666666668 0.04375 0.09479166666666666