0 0.24166666666666667 0.790625 0.20416666666666666 0.27395833333333336
0 0.4114583333333333 0.8510416666666667 0.2 0.290625
0 0.6583333333333333 0.8166666666666667 0.17395833333333333 0.29270833333333335
0 0.8875 0.9052083333333333 0.22395833333333334 0.17395833333333333
0 0.85625 0.7177083333333333 0.16145833333333334 0.22395833333333334
0 0.45729166666666665 0.6479166666666667 0.125 0.18541666666666667
0 0.33541666666666664 0.6041666666666666 0.16770833333333332 0.221875
0 0.6979166666666666 0.6291666666666667 0.13020833333333334 0.21458333333333332
0 0.5364583333333334 0.2864583333333333 0.17083333333333334 0.1125
0 0.6333333333333333 0.26875 0.10104166666666667 0.1
0 0.7375 0.20208333333333334 0.10520833333333333 0.08854166666666667
0 0.8729166666666667 0.16666666666666666 0.09479166666666666 0.06666666666666667
0 0.684375 0.07291666666666667 0.029166666666666667 0.05
0 0.6104166666666667 0.065625 0.020833333333333332 0.05416666666666667
0 0.621875 0.059375 0.016666666666666666 0.052083333333333336
0 0.6322916666666667 0.051041666666666666 0.010416666666666666 0.042708333333333334
0 0.5395833333333333 0.15416666666666667 0.17291666666666666 0.140625