0 0.24375 0.79375 0.20729166666666668 0.2875
0 0.39791666666666664 0.8666666666666667 0.20416666666666666 0.26666666666666666
0 0.659375 0.8135416666666667 0.175 0.2875
0 0.8833333333333333 0.9104166666666667 0.21041666666666667 0.17916666666666667
0 0.853125 0.7125 0.16041666666666668 0.21875
0 0.6958333333333333 0.628125 0.12604166666666666 0.21875
0 0.4583333333333333 0.6760416666666667 0.12604166666666666 0.22916666666666666
0 0.33541666666666664 0.6041666666666666 0.16770833333333332 0.228125
0 0.7020833333333333 0.19583333333333333 0.11354166666666667 0.07604166666666666
0 0.69375 0.08854166666666667 0.030208333333333334 0.052083333333333336
0 0.928125 0.26666666666666666 0.14375 0.13333333333333333
0 0.5791666666666667 0.20104166666666667 0.09583333333333334 0.06875
0 0.609375 0.06354166666666666 0.016666666666666666 0.04583333333333333
0 0.6208333333333333 0.05520833333333333 0.017708333333333333 0.04791666666666667
0 0.63125 0.052083333333333336 0.014583333333333334 0.04479166666666667
0 0.5416666666666666 0.16458333333333333 0.171875 0.14479166666666668