0 0.24166666666666667 0.7916666666666666 0.203125 0.2791666666666667
0 0.41041666666666665 0.8489583333333334 0.196875 0.290625
0 0.659375 0.821875 0.175 0.3
0 0.8822916666666667 0.9114583333333334 0.21875 0.17708333333333334
0 0.8541666666666666 0.715625 0.153125 0.22395833333333334
0 0.6979166666666666 0.6291666666666667 0.13020833333333334 0.2125
0 0.46041666666666664 0.6541666666666667 0.121875 0.1875
0 0.33541666666666664 0.5979166666666667 0.16875 0.20729166666666668
0 0.6854166666666667 0.09166666666666666 0.035416666666666666 0.035416666666666666
0 0.6104166666666667 0.065625 0.019791666666666666 0.05
0 0.61875 0.059375 0.022916666666666665 0.04479166666666667
0 0.6291666666666667 0.05 0.0125 0.0375
0 0.6416666666666667 0.24375 0.4552083333333333 0.25416666666666665