0 0.2864583333333333 0.7208333333333333 0.13541666666666666 0.25416666666666665
0 0.653125 0.878125 0.18958333333333333 0.24375
0 0.6458333333333334 0.6760416666666667 0.14270833333333333 0.19583333333333333
0 0.8291666666666667 0.8322916666666667 0.15833333333333333 0.25729166666666664
0 0.16666666666666666 0.17916666666666667 0.07708333333333334 0.06458333333333334
0 0.32916666666666666 0.14791666666666667 0.03958333333333333 0.05520833333333333
0 0.39166666666666666 0.17083333333333334 0.03333333333333333 0.052083333333333336
0 0.425 0.203125 0.053125 0.06458333333333334
0 0.49166666666666664 0.21770833333333334 0.06770833333333333 0.06458333333333334
0 0.625 0.2604166666666667 0.103125 0.07604166666666666
0 0.6416666666666667 0.22916666666666666 0.078125 0.057291666666666664
0 0.54375 0.15416666666666667 0.023958333333333335 0.040625
0 0.46041666666666664 0.16770833333333332 0.03854166666666667 0.05416666666666667
0 0.5666666666666667 0.21458333333333332 0.03854166666666667 0.06666666666666667
0 0.4666666666666667 0.7479166666666667 0.1375 0.38125
0 0.42291666666666666 0.15520833333333334 0.026041666666666668 0.05520833333333333